27
29
0
0
0
0
0
0
0
0
0
0
0
0
0
0
0
0
0
0
0
0
0
0
0
0
0
0
0
0
0
0
0
0
0
0
0
0
0
0
0
0
0
0
0
0
0
0
0
0
0
0
0
0
0
0
0
0
1
1
1
1
3
8
17
32
49
62
68
69
68
62
49
32
19
9
4
1
1
1
1
0
0
0
0
1
1
2
5
15
35
63
94
124
145
154
155
154
145
125
96
66
38
17
5
2
1
1
0
0
0
0
1
2
6
20
50
93
138
174
200
213
216
217
216
213
200
177
143
99
54
21
6
2
1
0
0
0
0
2
6
21
57
111
166
205
224
225
217
210
208
210
217
226
225
209
171
115
58
21
6
2
0
0
0
0
4
16
51
112
175
217
230
217
189
158
139
134
139
158
189
218
231
219
177
113
51
16
4
0
0
0
0
8
35
93
166
218
232
210
165
116
76
57
52
57
76
116
165
210
232
218
166
93
35
9
0
0
0
0
16
59
134
203
234
218
165
100
50
24
14
12
14
24
50
98
162
216
233
204
137
63
18
0
0
0
0
27
85
166
223
231
190
117
51
16
5
2
2
2
5
16
49
112
185
229
225
172
92
31
0
0
0
0
40
109
189
231
219
158
79
25
5
2
1
1
1
2
5
23
74
153
216
232
194
115
43
0
0
0
0
50
127
204
233
204
130
54
13
3
1
1
1
1
1
2
12
50
126
201
232
205
130
51
0
0
0
0
56
137
211
231
192
111
40
8
2
1
1
0
1
1
2
8
38
109
190
230
211
137
56
0
0
0
0
58
141
213
230
185
102
35
7
2
1
1
0
1
1
2
7
33
100
183
229
213
141
58
0
0
0
0
59
142
213
229
184
101
34
7
2
1
1
0
1
1
2
6
32
97
181
228
213
142
59
0
0
0
0
58
141
213
230
185
102
35
7
2
1
1
0
1
1
2
7
33
100
183
229
213
141
58
0
0
0
0
56
137
211
231
192
111
40
8
2
1
1
0
1
1
2
8
38
109
190
230
211
137
56
0
0
0
0
50
127
204
233
204
130
54
13
3
1
1
1
1
1
2
12
50
126
201
232
205
130
51
0
0
0
0
40
109
189
231
219
158
79
25
5
2
1
1
1
2
5
23
74
153
216
232
194
115
43
0
0
0
0
27
85
166
223
231
190
117
51
16
5
2
2
2
5
16
49
112
185
229
225
172
92
31
0
0
0
0
16
59
134
203
234
218
165
100
50
24
14
12
14
24
50
98
162
216
233
204
137
63
18
0
0
0
0
8
35
93
166
218
232
210
165
116
76
57
52
57
76
116
165
210
232
218
166
93
35
9
0
0
0
0
4
16
51
112
175
217
230
217
189
158
139
134
139
158
189
218
231
219
177
113
51
16
4
0
0
0
0
2
6
21
57
111
166
205
224
225
217
210
208
210
217
226
225
209
171
115
58
21
6
2
0
0
0
0
1
2
6
20
50
93
138
174
200
213
216
217
216
213
200
177
143
99
54
21
6
2
1
0
0
0
0
1
1
2
5
15
35
63
94
124
145
154
155
154
145
125
96
66
38
17
5
2
1
1
0
0
0
0
1
1
1
1
3
8
17
32
49
62
68
69
68
62
49
32
19
9
4
1
1
1
1
0
0
0
0
0
0
0
0
0
0
0
0
0
0
0
0
0
0
0
0
0
0
0
0
0
0
0
0
0
0
0
0
0
0
0
0
0
0
0
0
0
0
0
0
0
0
0
0
0
0
0
0
0
0
0
0
