31
33
0
0
0
0
0
0
0
0
0
0
0
0
0
0
0
0
0
0
0
0
0
0
0
0
0
0
0
0
0
0
0
0
0
0
0
0
0
0
0
0
0
0
0
0
0
0
0
0
0
0
0
0
0
0
0
0
0
0
0
0
0
0
0
0
1
1
1
1
2
5
12
22
37
56
74
84
87
87
87
84
74
56
38
24
13
6
3
1
1
1
1
0
0
0
0
1
1
1
3
8
20
40
67
95
125
149
162
166
167
166
162
149
126
98
71
44
23
9
3
1
1
1
0
0
0
0
1
1
3
10
28
58
97
137
170
195
212
220
221
222
221
220
212
197
173
142
103
62
30
11
4
2
1
0
0
0
0
2
3
11
31
69
117
165
201
222
231
231
227
223
222
223
227
232
232
225
205
170
122
72
32
11
4
2
0
0
0
0
3
9
29
69
125
179
216
233
234
222
201
181
171
168
171
182
201
222
235
235
219
182
127
70
29
9
3
0
0
0
0
6
21
59
118
179
220
237
231
208
173
136
107
93
90
93
107
136
173
208
231
237
221
179
118
59
21
6
0
0
0
0
11
39
95
163
215
238
232
201
155
106
67
43
33
31
33
43
67
106
154
201
231
238
216
164
96
41
12
0
0
0
0
20
62
131
197
234
238
211
157
96
50
24
12
8
7
8
12
23
49
95
155
208
237
234
199
134
66
23
0
0
0
0
32
86
160
217
240
227
181
113
53
20
7
3
2
2
2
3
7
19
50
108
176
224
240
220
167
94
37
0
0
0
0
45
109
182
229
238
211
150
78
28
8
3
1
1
1
1
1
3
7
26
72
143
206
237
232
189
117
50
0
0
0
0
57
128
198
235
233
191
121
54
16
4
2
1
1
1
1
1
1
3
14
49
116
187
231
236
201
132
60
0
0
0
0
65
140
208
238
226
174
100
38
10
2
1
1
1
0
1
1
1
2
9
36
96
171
224
237
208
141
66
0
0
0
0
70
146
212
238
220
163
87
30
7
2
1
1
1
0
1
1
1
2
7
29
85
161
219
237
212
146
69
0
0
0
0
71
148
213
238
218
158
82
27
6
2
1
1
0
0
0
1
1
2
6
26
79
155
216
237
213
148
71
0
0
0
0
71
148
213
237
217
157
81
27
6
2
1
1
0
0
0
1
1
2
6
25
77
152
214
237
213
148
71
0
0
0
0
71
148
213
238
218
158
82
27
6
2
1
1
0
0
0
1
1
2
6
26
79
155
216
237
213
148
71
0
0
0
0
70
146
212
238
220
163
87
30
7
2
1
1
1
0
1
1
1
2
7
29
85
161
219
237
212
146
69
0
0
0
0
65
140
208
238
226
174
100
38
10
2
1
1
1
0
1
1
1
2
9
36
96
171
224
237
208
141
66
0
0
0
0
57
128
198
235
233
191
121
54
16
4
2
1
1
1
1
1
1
3
14
49
116
187
231
236
201
132
60
0
0
0
0
45
109
182
229
238
211
150
78
28
8
3
1
1
1
1
1
3
7
26
72
143
206
237
232
189
117
50
0
0
0
0
32
86
160
217
240
227
181
113
53
20
7
3
2
2
2
3
7
19
50
108
176
224
240
220
167
94
37
0
0
0
0
20
62
131
197
234
238
211
157
96
50
24
12
8
7
8
12
23
49
95
155
208
237
234
199
134
66
23
0
0
0
0
11
39
95
163
215
238
232
201
155
106
67
43
33
31
33
43
67
106
154
201
231
238
216
164
96
41
12
0
0
0
0
6
21
59
118
179
220
237
231
208
173
136
107
93
90
93
107
136
173
208
231
237
221
179
118
59
21
6
0
0
0
0
3
9
29
69
125
179
216
233
234
222
201
181
171
168
171
182
201
222
235
235
219
182
127
70
29
9
3
0
0
0
0
2
3
11
31
69
117
165
201
222
231
231
227
223
222
223
227
232
232
225
205
170
122
72
32
11
4
2
0
0
0
0
1
1
3
10
28
58
97
137
170
195
212
220
221
222
221
220
212
197
173
142
103
62
30
11
4
2
1
0
0
0
0
1
1
1
3
8
20
40
67
95
125
149
162
166
167
166
162
149
126
98
71
44
23
9
3
1
1
1
0
0
0
0
1
1
1
1
2
5
12
22
37
56
74
84
87
87
87
84
74
56
38
24
13
6
3
1
1
1
1
0
0
0
0
0
0
0
0
0
0
0
0
0
0
0
0
0
0
0
0
0
0
0
0
0
0
0
0
0
0
0
0
0
0
0
0
0
0
0
0
0
0
0
0
0
0
0
0
0
0
0
0
0
0
0
0
0
0
0
0
0
0
0
0
