31
29
0
0
0
0
0
0
0
0
0
0
0
0
0
0
0
0
0
0
0
0
0
0
0
0
0
0
0
0
0
0
0
0
0
0
0
0
0
0
0
0
0
0
0
0
0
0
0
0
0
0
0
0
0
0
0
0
0
0
0
0
0
0
0
0
1
1
1
1
2
5
11
19
31
46
60
68
71
71
71
68
60
46
32
21
12
6
2
1
1
1
1
0
0
0
0
1
1
1
4
10
22
41
65
90
116
138
150
153
154
153
150
138
117
92
68
44
24
10
4
2
1
1
0
0
0
0
1
2
5
14
34
65
103
140
170
192
206
212
213
213
213
212
206
193
172
145
109
70
36
15
5
2
1
0
0
0
0
2
5
17
43
85
133
176
206
221
224
219
210
205
204
205
210
219
225
222
209
180
137
87
44
17
5
2
0
0
0
0
4
15
43
92
148
195
223
230
220
198
170
147
136
133
136
147
170
198
220
231
225
198
150
92
43
15
5
0
0
0
0
10
33
82
146
201
230
232
210
172
130
93
68
56
54
56
68
93
130
172
210
232
230
201
147
83
34
10
0
0
0
0
19
59
124
190
229
236
213
164
108
62
34
20
14
13
14
20
34
62
106
162
211
235
229
191
127
63
22
0
0
0
0
33
87
159
216
239
226
180
114
56
23
9
4
3
2
3
4
9
22
53
109
175
223
238
219
165
94
37
0
0
0
0
48
113
185
230
237
206
144
74
27
8
3
2
1
1
1
2
3
7
25
69
138
202
235
232
190
119
52
0
0
0
0
60
132
202
236
230
185
113
48
14
3
2
1
1
1
1
1
2
3
12
44
108
181
228
237
204
135
62
0
0
0
0
68
143
210
238
223
168
93
34
8
2
1
1
1
0
1
1
1
2
8
32
90
165
221
237
210
143
68
0
0
0
0
71
147
213
237
218
159
83
28
6
2
1
1
1
0
1
1
1
2
6
27
81
157
217
237
212
147
70
0
0
0
0
71
148
213
237
217
157
81
27
6
2
1
1
0
0
0
1
1
2
6
26
78
153
215
237
213
148
71
0
0
0
0
71
147
213
237
218
159
83
28
6
2
1
1
1
0
1
1
1
2
6
27
81
157
217
237
212
147
70
0
0
0
0
68
143
210
238
223
168
93
34
8
2
1
1
1
0
1
1
1
2
8
32
90
165
221
237
210
143
68
0
0
0
0
60
132
202
236
230
185
113
48
14
3
2
1
1
1
1
1
2
3
12
44
108
181
228
237
204
135
62
0
0
0
0
48
113
185
230
237
206
144
74
27
8
3
2
1
1
1
2
3
7
25
69
138
202
235
232
190
119
52
0
0
0
0
33
87
159
216
239
226
180
114
56
23
9
4
3
2
3
4
9
22
53
109
175
223
238
219
165
94
37
0
0
0
0
19
59
124
190
229
236
213
164
108
62
34
20
14
13
14
20
34
62
106
162
211
235
229
191
127
63
22
0
0
0
0
10
33
82
146
201
230
232
210
172
130
93
68
56
54
56
68
93
130
172
210
232
230
201
147
83
34
10
0
0
0
0
4
15
43
92
148
195
223
230
220
198
170
147
136
133
136
147
170
198
220
231
225
198
150
92
43
15
5
0
0
0
0
2
5
17
43
85
133
176
206
221
224
219
210
205
204
205
210
219
225
222
209
180
137
87
44
17
5
2
0
0
0
0
1
2
5
14
34
65
103
140
170
192
206
212
213
213
213
212
206
193
172
145
109
70
36
15
5
2
1
0
0
0
0
1
1
1
4
10
22
41
65
90
116
138
150
153
154
153
150
138
117
92
68
44
24
10
4
2
1
1
0
0
0
0
1
1
1
1
2
5
11
19
31
46
60
68
71
71
71
68
60
46
32
21
12
6
2
1
1
1
1
0
0
0
0
0
0
0
0
0
0
0
0
0
0
0
0
0
0
0
0
0
0
0
0
0
0
0
0
0
0
0
0
0
0
0
0
0
0
0
0
0
0
0
0
0
0
0
0
0
0
0
0
0
0
0
0
0
0
0
0
0
0
0
0
