31
36
0
0
0
0
0
0
0
0
0
0
0
0
0
0
0
0
0
0
0
0
0
0
0
0
0
0
0
0
0
0
0
0
0
0
0
0
0
0
0
0
0
0
0
0
0
0
0
0
0
0
0
0
0
0
0
0
0
0
0
0
0
0
0
0
1
1
1
2
3
7
16
30
49
74
96
110
114
114
114
110
96
74
51
32
17
8
3
2
1
1
1
0
0
0
0
1
1
2
3
9
23
47
78
111
143
169
183
187
187
187
183
169
144
114
83
52
26
10
4
2
1
1
0
0
0
0
1
2
4
10
28
60
103
146
180
206
222
230
231
231
231
229
222
207
184
152
109
65
31
11
4
2
1
0
0
0
0
2
3
10
29
66
116
166
204
227
237
237
233
230
229
230
233
237
237
229
209
172
122
69
30
10
3
1
0
0
0
0
3
7
24
62
117
174
214
235
239
231
213
195
184
182
184
195
213
231
240
237
218
177
120
63
24
7
3
0
0
0
0
5
17
49
105
168
215
237
238
221
191
155
126
111
108
111
126
156
191
221
238
238
217
169
106
49
16
5
0
0
0
0
9
31
82
149
207
236
238
217
178
130
87
58
45
42
45
58
87
130
177
217
238
236
207
149
82
32
9
0
0
0
0
15
51
115
184
229
241
224
181
123
71
36
19
12
11
12
19
37
71
122
179
223
240
229
185
117
53
16
0
0
0
0
24
72
144
208
239
236
201
139
74
32
12
5
3
3
3
5
12
31
72
135
197
234
239
210
149
78
28
0
0
0
0
35
93
168
222
241
224
173
102
43
13
4
2
2
1
2
2
4
13
40
96
167
220
241
226
175
102
41
0
0
0
0
47
113
186
231
238
208
145
73
25
6
2
1
1
1
1
1
2
6
22
67
138
203
237
234
192
120
52
0
0
0
0
58
129
200
236
233
191
120
52
15
4
2
1
1
1
1
1
1
3
13
47
114
186
231
237
202
133
60
0
0
0
0
65
140
208
238
226
175
100
38
10
2
1
1
1
0
1
1
1
2
9
36
97
172
225
237
208
140
66
0
0
0
0
69
145
212
238
221
164
88
31
7
2
1
1
1
0
1
1
1
2
7
30
86
162
220
238
211
145
69
0
0
0
0
71
148
213
238
218
158
82
28
6
2
1
1
0
0
0
1
1
2
6
27
81
156
217
237
213
147
71
0
0
0
0
71
148
213
237
217
157
81
27
6
2
1
1
0
0
0
1
1
2
6
25
77
153
215
237
213
148
71
0
0
0
0
71
148
213
237
217
157
81
27
6
2
1
1
0
0
0
1
1
2
6
25
77
153
215
237
213
148
71
0
0
0
0
71
148
213
238
218
158
82
28
6
2
1
1
0
0
0
1
1
2
6
27
81
156
217
237
213
147
71
0
0
0
0
69
145
212
238
221
164
88
31
7
2
1
1
1
0
1
1
1
2
7
30
86
162
220
238
211
145
69
0
0
0
0
65
140
208
238
226
175
100
38
10
2
1
1
1
0
1
1
1
2
9
36
97
172
225
237
208
140
66
0
0
0
0
58
129
200
236
233
191
120
52
15
4
2
1
1
1
1
1
1
3
13
47
114
186
231
237
202
133
60
0
0
0
0
47
113
186
231
238
208
145
73
25
6
2
1
1
1
1
1
2
6
22
67
138
203
237
234
192
120
52
0
0
0
0
35
93
168
222
241
224
173
102
43
13
4
2
2
1
2
2
4
13
40
96
167
220
241
226
175
102
41
0
0
0
0
24
72
144
208
239
236
201
139
74
32
12
5
3
3
3
5
12
31
72
135
197
234
239
210
149
78
28
0
0
0
0
15
51
115
184
229
241
224
181
123
71
36
19
12
11
12
19
37
71
122
179
223
240
229
185
117
53
16
0
0
0
0
9
31
82
149
207
236
238
217
178
130
87
58
45
42
45
58
87
130
177
217
238
236
207
149
82
32
9
0
0
0
0
5
17
49
105
168
215
237
238
221
191
155
126
111
108
111
126
156
191
221
238
238
217
169
106
49
16
5
0
0
0
0
3
7
24
62
117
174
214
235
239
231
213
195
184
182
184
195
213
231
240
237
218
177
120
63
24
7
3
0
0
0
0
2
3
10
29
66
116
166
204
227
237
237
233
230
229
230
233
237
237
229
209
172
122
69
30
10
3
1
0
0
0
0
1
2
4
10
28
60
103
146
180
206
222
230
231
231
231
229
222
207
184
152
109
65
31
11
4
2
1
0
0
0
0
1
1
2
3
9
23
47
78
111
143
169
183
187
187
187
183
169
144
114
83
52
26
10
4
2
1
1
0
0
0
0
1
1
1
2
3
7
16
30
49
74
96
110
114
114
114
110
96
74
51
32
17
8
3
2
1
1
1
0
0
0
0
0
0
0
0
0
0
0
0
0
0
0
0
0
0
0
0
0
0
0
0
0
0
0
0
0
0
0
0
0
0
0
0
0
0
0
0
0
0
0
0
0
0
0
0
0
0
0
0
0
0
0
0
0
0
0
0
0
0
0
0
