27
33
0
0
0
0
0
0
0
0
0
0
0
0
0
0
0
0
0
0
0
0
0
0
0
0
0
0
0
0
0
0
0
0
0
0
0
0
0
0
0
0
0
0
0
0
0
0
0
0
0
0
0
0
0
0
0
0
1
1
1
2
4
11
22
40
62
79
86
87
86
79
62
41
24
12
5
2
1
1
1
0
0
0
0
1
1
2
5
15
36
66
100
133
156
165
167
165
156
134
102
70
40
17
6
2
1
1
0
0
0
0
1
2
5
17
45
88
134
173
201
216
221
221
221
216
202
176
139
93
49
19
6
2
1
0
0
0
0
1
4
16
46
96
152
197
222
231
229
224
223
224
229
231
224
201
157
100
48
16
4
1
0
0
0
0
3
11
38
90
153
204
229
230
214
190
174
169
174
190
214
231
231
207
156
91
38
11
3
0
0
0
0
6
24
70
138
199
230
228
200
159
120
98
91
98
120
159
200
228
231
200
139
70
24
6
0
0
0
0
11
43
106
179
225
230
199
146
93
54
36
31
36
54
92
146
198
230
225
180
107
44
12
0
0
0
0
19
64
139
206
233
214
158
91
42
17
9
7
9
17
41
89
155
212
232
208
142
68
21
0
0
0
0
29
86
165
221
230
189
117
51
17
5
2
2
2
5
16
49
112
185
228
223
171
93
33
0
0
0
0
39
106
184
228
220
163
85
29
7
2
1
1
1
2
6
27
80
157
217
229
190
113
43
0
0
0
0
49
123
198
230
207
138
62
18
4
1
1
1
1
1
3
16
58
133
204
230
201
126
51
0
0
0
0
56
133
206
229
195
119
47
12
2
1
1
1
1
1
2
10
45
115
192
228
206
134
56
0
0
0
0
59
139
209
227
186
107
39
9
2
1
1
0
1
1
2
8
38
105
185
226
209
139
59
0
0
0
0
60
141
210
226
183
102
37
8
2
1
1
0
1
1
2
8
35
100
180
225
210
140
60
0
0
0
0
61
141
210
226
182
101
36
8
2
1
1
0
1
1
2
7
34
97
178
224
210
141
61
0
0
0
0
60
141
210
226
183
102
37
8
2
1
1
0
1
1
2
8
35
100
180
225
210
140
60
0
0
0
0
59
139
209
227
186
107
39
9
2
1
1
0
1
1
2
8
38
105
185
226
209
139
59
0
0
0
0
56
133
206
229
195
119
47
12
2
1
1
1
1
1
2
10
45
115
192
228
206
134
56
0
0
0
0
49
123
198
230
207
138
62
18
4
1
1
1
1
1
3
16
58
133
204
230
201
126
51
0
0
0
0
39
106
184
228
220
163
85
29
7
2
1
1
1
2
6
27
80
157
217
229
190
113
43
0
0
0
0
29
86
165
221
230
189
117
51
17
5
2
2
2
5
16
49
112
185
228
223
171
93
33
0
0
0
0
19
64
139
206
233
214
158
91
42
17
9
7
9
17
41
89
155
212
232
208
142
68
21
0
0
0
0
11
43
106
179
225
230
199
146
93
54
36
31
36
54
92
146
198
230
225
180
107
44
12
0
0
0
0
6
24
70
138
199
230
228
200
159
120
98
91
98
120
159
200
228
231
200
139
70
24
6
0
0
0
0
3
11
38
90
153
204
229
230
214
190
174
169
174
190
214
231
231
207
156
91
38
11
3
0
0
0
0
1
4
16
46
96
152
197
222
231
229
224
223
224
229
231
224
201
157
100
48
16
4
1
0
0
0
0
1
2
5
17
45
88
134
173
201
216
221
221
221
216
202
176
139
93
49
19
6
2
1
0
0
0
0
1
1
2
5
15
36
66
100
133
156
165
167
165
156
134
102
70
40
17
6
2
1
1
0
0
0
0
1
1
1
2
4
11
22
40
62
79
86
87
86
79
62
41
24
12
5
2
1
1
1
0
0
0
0
0
0
0
0
0
0
0
0
0
0
0
0
0
0
0
0
0
0
0
0
0
0
0
0
0
0
0
0
0
0
0
0
0
0
0
0
0
0
0
0
0
0
0
0
0
0
0
0
0
0
0
0
