23
27
0
0
0
0
0
0
0
0
0
0
0
0
0
0
0
0
0
0
0
0
0
0
0
0
0
0
0
0
0
0
0
0
0
0
0
0
0
0
0
0
0
0
0
0
0
0
0
0
1
2
5
17
41
74
109
138
152
155
152
138
111
77
44
19
6
2
1
0
0
0
0
2
5
20
54
102
150
187
208
215
217
215
208
188
154
107
58
22
6
2
0
0
0
0
4
18
55
113
172
210
223
219
212
208
212
220
224
213
176
117
56
18
4
0
0
0
0
12
43
105
173
216
223
201
168
144
136
144
168
202
224
218
175
106
43
12
0
0
0
0
25
78
154
212
224
193
140
91
62
54
62
91
140
192
224
212
155
79
26
0
0
0
0
43
113
190
226
204
141
76
34
17
13
17
34
75
140
202
225
191
116
45
0
0
0
0
62
142
210
222
173
95
36
10
4
3
4
10
34
91
168
220
213
148
67
0
0
0
0
81
165
220
209
141
62
17
4
2
1
2
3
16
58
136
206
221
170
85
0
0
0
0
95
179
222
194
115
43
9
2
1
1
1
2
9
40
111
191
222
181
97
0
0
0
0
103
187
221
182
99
32
6
2
1
1
1
2
6
31
96
180
220
187
104
0
0
0
0
106
189
219
176
91
28
5
1
1
1
1
1
5
27
89
174
218
189
106
0
0
0
0
107
189
219
174
89
27
5
1
1
0
1
1
5
26
86
171
217
189
107
0
0
0
0
106
189
219
176
91
28
5
1
1
1
1
1
5
27
89
174
218
189
106
0
0
0
0
103
187
221
182
99
32
6
2
1
1
1
2
6
31
96
180
220
187
104
0
0
0
0
95
179
222
194
115
43
9
2
1
1
1
2
9
40
111
191
222
181
97
0
0
0
0
81
165
220
209
141
62
17
4
2
1
2
3
16
58
136
206
221
170
85
0
0
0
0
62
142
210
222
173
95
36
10
4
3
4
10
34
91
168
220
213
148
67
0
0
0
0
43
113
190
226
204
141
76
34
17
13
17
34
75
140
202
225
191
116
45
0
0
0
0
25
78
154
212
224
193
140
91
62
54
62
91
140
192
224
212
155
79
26
0
0
0
0
12
43
105
173
216
223
201
168
144
136
144
168
202
224
218
175
106
43
12
0
0
0
0
4
18
55
113
172
210
223
219
212
208
212
220
224
213
176
117
56
18
4
0
0
0
0
2
5
20
54
102
150
187
208
215
217
215
208
188
154
107
58
22
6
2
0
0
0
0
1
2
5
17
41
74
109
138
152
155
152
138
111
77
44
19
6
2
1
0
0
0
0
0
0
0
0
0
0
0
0
0
0
0
0
0
0
0
0
0
0
0
0
0
0
0
0
0
0
0
0
0
0
0
0
0
0
0
0
0
0
0
0
0
0
0
0
