35
38
0
0
0
0
0
0
0
0
0
0
0
0
0
0
0
0
0
0
0
0
0
0
0
0
0
0
0
0
0
0
0
0
0
0
0
0
0
0
0
0
0
0
0
0
0
0
0
0
0
0
0
0
0
0
0
0
0
0
0
0
0
0
0
0
0
0
0
0
0
0
0
0
0
0
1
1
1
1
1
3
7
13
23
37
52
61
64
64
64
61
52
37
23
14
7
3
1
1
1
1
1
0
0
0
0
0
0
0
1
1
1
1
2
6
16
32
54
78
105
130
145
149
149
149
145
130
105
80
56
34
17
6
2
1
1
1
1
0
0
0
0
0
1
1
1
1
3
10
27
56
93
130
161
186
204
213
215
215
215
213
204
186
163
133
96
58
29
11
3
1
1
1
1
0
0
0
0
1
1
1
4
13
36
77
127
172
203
220
226
223
218
215
214
214
217
222
225
221
205
174
130
81
40
14
4
1
1
1
0
0
0
0
1
1
4
14
41
89
147
195
223
230
221
201
176
156
147
145
146
154
173
198
218
229
224
198
152
96
45
15
4
1
1
0
0
0
0
1
3
12
40
93
155
205
230
226
201
165
128
94
70
61
59
60
68
90
123
160
197
224
230
209
161
96
42
12
3
1
0
0
0
0
2
8
32
85
153
207
231
222
185
135
88
54
31
19
14
13
14
18
29
50
82
128
178
218
231
209
155
86
33
9
2
0
0
0
0
5
20
64
135
200
232
223
181
121
66
31
15
7
3
2
2
2
3
6
13
28
60
112
172
219
231
201
138
68
22
5
0
0
0
0
10
39
103
179
227
230
192
125
62
24
8
3
2
1
1
1
1
1
2
3
7
21
55
115
183
227
228
184
110
44
11
0
0
0
0
19
66
142
209
235
212
149
76
27
7
3
1
1
1
1
0
1
1
1
1
2
6
23
67
138
205
234
213
149
71
21
0
0
0
0
34
96
176
228
230
184
107
42
11
3
1
1
1
0
0
0
0
0
1
1
1
2
9
35
96
174
226
228
179
98
34
0
0
0
0
51
126
201
235
217
152
73
22
5
1
1
1
0
0
0
0
0
0
0
1
1
1
4
18
64
142
211
233
201
126
51
0
0
0
0
70
151
217
235
199
122
49
12
2
1
1
1
0
0
0
0
0
0
0
0
1
1
2
10
43
114
193
233
217
151
70
0
0
0
0
86
169
226
230
181
98
33
7
2
1
1
0
0
0
0
0
0
0
0
0
1
1
1
6
31
94
177
229
227
170
86
0
0
0
0
96
180
230
226
167
83
25
5
1
1
1
0
0
0
0
0
0
0
0
0
0
1
1
5
24
82
166
226
231
181
97
0
0
0
0
101
185
232
222
159
74
21
4
1
1
0
0
0
0
0
0
0
0
0
0
0
1
1
4
21
74
159
222
233
187
105
0
0
0
0
104
187
232
220
154
69
19
3
1
1
0
0
0
0
0
0
0
0
0
0
0
1
1
3
19
69
154
220
234
191
109
0
0
0
0
103
187
232
220
154
70
19
3
1
1
0
0
0
0
0
0
0
0
0
0
0
1
1
3
19
69
154
220
234
191
109
0
0
0
0
99
183
231
223
161
77
22
4
1
1
0
0
0
0
0
0
0
0
0
0
0
1
1
4
21
74
159
222
233
187
105
0
0
0
0
91
176
229
228
173
89
28
5
1
1
1
0
0
0
0
0
0
0
0
0
1
1
1
5
25
83
167
226
231
181
97
0
0
0
0
81
165
225
233
187
105
37
8
2
1
1
0
0
0
0
0
0
0
0
0
1
1
2
7
33
97
180
230
227
170
86
0
0
0
0
66
147
215
235
202
126
50
12
2
1
1
1
0
0
0
0
0
0
0
1
1
1
2
11
46
119
197
234
217
151
70
0
0
0
0
49
124
200
235
217
153
73
22
5
1
1
1
0
0
0
0
0
0
0
1
1
1
4
20
68
147
214
234
201
126
51
0
0
0
0
33
96
176
228
230
184
107
42
11
3
1
1
1
0
0
0
0
0
1
1
1
3
10
39
102
179
228
228
178
98
34
0
0
0
0
19
66
142
209
235
212
149
76
27
7
2
1
1
1
1
0
1
1
1
1
2
7
26
73
145
209
234
211
146
69
20
0
0
0
0
10
39
103
179
227
230
192
125
62
23
8
3
2
1
1
1
1
1
2
3
7
22
61
124
190
229
227
180
106
42
10
0
0
0
0
5
20
64
135
200
232
223
181
120
65
30
14
7
3
2
2
2
3
6
13
28
62
117
179
222
231
200
136
65
21
5
0
0
0
0
2
8
32
85
153
207
231
222
184
132
84
52
31
19
14
13
14
18
29
50
82
129
181
220
231
208
153
85
32
8
2
0
0
0
0
1
3
12
40
93
155
205
229
225
199
162
126
93
70
61
59
60
68
90
123
160
197
224
230
207
157
93
40
12
3
1
0
0
0
0
1
1
4
14
41
89
147
195
223
229
219
200
176
156
147
145
146
154
173
198
218
229
224
198
150
92
42
14
4
1
1
0
0
0
0
1
1
1
4
13
36
77
127
172
203
220
225
223
218
215
214
214
217
222
225
221
205
174
130
81
39
13
4
1
1
1
0
0
0
0
1
1
1
1
3
10
27
56
93
130
161
186
204
213
215
215
215
213
204
186
163
133
96
58
29
11
3
1
1
1
1
0
0
0
0
0
1
1
1
1
2
6
16
32
54
78
105
130
145
149
149
149
145
130
105
80
56
34
17
7
2
1
1
1
1
0
0
0
0
0
0
0
1
1
1
1
1
3
7
13
23
37
52
61
64
64
64
61
52
37
23
14
7
3
1
1
1
1
1
0
0
0
0
0
0
0
0
0
0
0
0
0
0
0
0
0
0
0
0
0
0
0
0
0
0
0
0
0
0
0
0
0
0
0
0
0
0
0
0
0
0
0
0
0
0
0
0
0
0
0
0
0
0
0
0
0
0
0
0
0
0
0
0
0
0
0
0
0
0
0
0
0
0
