42
44
0
0
0
0
0
0
0
0
0
0
0
0
0
0
0
0
0
0
0
0
0
0
0
0
0
0
0
0
0
0
0
0
0
0
0
0
0
0
0
0
0
0
0
0
0
0
0
0
0
0
0
0
0
0
0
0
0
0
0
0
0
0
0
0
0
0
0
0
0
0
0
0
0
0
0
0
0
0
0
0
0
0
0
0
0
0
0
0
0
1
1
1
1
2
3
5
10
18
28
42
60
73
79
80
80
80
79
73
60
42
29
19
11
6
3
2
1
1
1
1
0
0
0
0
0
0
0
0
0
0
1
1
1
1
2
5
11
22
39
59
81
105
131
149
157
159
158
159
157
149
131
106
83
63
42
23
11
5
2
1
1
1
1
0
0
0
0
0
0
0
0
1
1
1
1
2
7
17
37
66
98
130
157
180
200
213
218
218
218
218
218
213
200
181
160
134
102
68
39
19
7
3
1
1
1
1
1
0
0
0
0
0
1
1
1
1
3
8
23
52
92
134
171
199
217
227
232
232
230
228
228
228
229
231
231
227
218
202
174
137
95
56
26
10
3
1
1
1
1
1
0
0
0
0
1
1
1
3
10
28
62
109
159
198
223
234
235
228
214
198
188
184
183
184
187
196
211
225
234
234
224
200
163
116
68
31
11
4
2
1
1
1
0
0
0
0
1
1
3
10
29
67
119
172
212
233
237
227
208
183
154
128
112
106
105
106
110
124
149
178
204
224
236
234
215
178
127
72
31
10
3
2
1
1
0
0
0
0
1
2
8
27
66
122
178
218
236
235
215
183
146
111
81
56
43
39
38
39
42
53
76
106
140
177
211
232
236
221
183
126
68
27
8
3
1
1
0
0
0
0
2
6
20
57
115
175
219
237
232
207
165
117
76
47
29
16
11
9
9
9
10
15
26
44
70
110
157
200
229
237
221
178
116
58
21
6
2
1
0
0
0
0
3
13
41
96
163
214
237
234
205
156
102
56
28
14
8
4
3
2
2
2
3
4
7
13
25
51
93
147
197
230
237
215
165
100
45
14
4
1
0
0
0
0
7
25
70
137
200
234
238
212
161
100
50
21
8
4
3
2
1
1
1
1
1
1
2
4
7
18
44
90
151
205
235
235
203
144
77
29
8
2
0
0
0
0
13
44
103
173
223
241
226
179
114
55
21
7
3
2
1
1
1
1
1
1
1
1
1
2
3
6
17
48
103
169
220
239
227
180
111
48
14
3
0
0
0
0
23
68
137
202
237
237
204
141
73
28
8
3
2
1
1
1
1
1
0
0
1
1
1
1
1
3
7
23
64
129
195
233
238
206
142
71
24
6
0
0
0
0
36
93
167
221
241
226
176
105
45
13
4
2
1
1
1
0
0
0
0
0
0
0
1
1
1
2
3
11
37
93
165
220
240
222
168
94
36
9
0
0
0
0
52
119
190
233
240
210
148
75
26
7
2
1
1
1
0
0
0
0
0
0
0
0
0
1
1
1
2
5
21
65
136
202
237
233
190
119
52
15
0
0
0
0
69
142
207
239
234
191
120
53
16
4
2
1
1
0
0
0
0
0
0
0
0
0
0
0
1
1
1
3
13
46
110
183
230
238
207
142
69
22
0
0
0
0
84
161
219
241
225
172
97
37
10
2
1
1
1
0
0
0
0
0
0
0
0
0
0
0
1
1
1
2
8
33
91
167
223
241
219
161
85
30
0
0
0
0
96
172
226
241
217
157
81
27
6
2
1
1
1
0
0
0
0
0
0
0
0
0
0
0
0
1
1
2
6
26
78
154
216
241
226
173
96
36
0
0
0
0
102
178
229
240
212
146
71
22
5
2
1
1
0
0
0
0
0
0
0
0
0
0
0
0
0
1
1
2
5
22
70
146
211
240
230
180
104
41
0
0
0
0
106
181
230
239
207
140
65
20
5
2
1
1
0
0
0
0
0
0
0
0
0
0
0
0
0
1
1
2
5
20
65
140
207
239
232
185
111
45
0
0
0
0
108
184
231
238
204
135
61
18
4
2
1
1
0
0
0
0
0
0
0
0
0
0
0
0
0
1
1
2
4
18
61
135
204
239
233
189
115
48
0
0
0
0
108
183
231
238
205
135
61
18
4
2
1
1
0
0
0
0
0
0
0
0
0
0
0
0
0
1
1
2
4
18
61
135
204
239
233
189
115
48
0
0
0
0
104
180
230
239
208
141
67
21
5
2
1
1
0
0
0
0
0
0
0
0
0
0
0
0
0
1
1
2
5
20
65
140
207
239
232
185
111
45
0
0
0
0
98
175
228
241
215
152
76
25
6
2
1
1
0
0
0
0
0
0
0
0
0
0
0
0
0
1
1
2
5
23
71
146
212
240
230
180
104
41
0
0
0
0
90
167
224
242
222
165
89
32
8
2
1
1
1
0
0
0
0
0
0
0
0
0
0
0
1
1
1
2
7
27
80
156
217
241
226
173
96
36
0
0
0
0
79
155
216
241
229
179
104
41
11
3
1
1
1
0
0
0
0
0
0
0
0
0
0
0
1
1
1
3
9
36
95
171
225
241
219
161
85
30
0
0
0
0
65
138
205
239
235
194
123
54
16
4
2
1
1
0
0
0
0
0
0
0
0
0
0
0
1
1
2
4
14
50
116
188
232
239
207
142
69
22
0
0
0
0
50
117
189
233
240
211
148
75
26
7
2
1
1
1
0
0
0
0
0
0
0
0
0
1
1
1
2
6
24
70
141
206
238
233
190
119
52
15
0
0
0
0
35
93
166
221
241
226
176
105
45
13
4
2
1
1
1
0
0
0
0
0
0
0
1
1
1
2
4
12
41
99
170
223
241
222
168
94
36
9
0
0
0
0
23
67
137
202
237
237
204
141
73
28
8
3
2
1
1
1
1
1
0
0
1
1
1
1
2
3
8
26
70
136
199
235
237
204
141
70
23
6
0
0
0
0
13
44
103
173
223
241
226
179
114
55
21
7
3
2
1
1
1
1
1
1
1
1
1
2
3
7
20
54
111
176
223
240
225
176
107
46
14
3
0
0
0
0
7
25
70
137
200
234
238
212
161
100
50
21
8
4
3
2
1
1
1
1
1
2
3
4
8
20
48
99
160
211
237
234
200
139
72
27
7
2
0
0
0
0
3
13
41
96
163
214
237
233
205
156
101
55
27
14
8
4
3
2
2
2
3
4
7
13
26
53
98
154
204
233
237
214
163
97
42
13
4
2
0
0
0
0
2
6
20
57
115
175
219
237
232
206
163
113
72
45
28
16
11
9
9
9
10
15
26
44
70
111
159
204
231
237
219
176
115
57
20
6
2
1
0
0
0
0
1
2
8
27
66
122
178
217
236
234
214
179
141
109
80
56
43
39
38
39
42
53
76
106
140
178
212
233
237
219
179
122
66
27
8
2
1
1
0
0
0
0
1
1
3
10
29
67
119
172
212
233
236
225
205
181
153
128
112
106
105
106
110
124
149
178
204
224
236
234
214
176
122
68
29
10
3
1
1
1
0
0
0
0
1
1
1
3
10
28
62
109
159
198
223
233
234
227
214
198
188
184
183
184
187
196
211
225
234
234
224
200
162
114
65
29
10
3
1
1
1
1
0
0
0
0
1
1
1
1
3
8
23
52
92
134
171
199
217
227
232
232
230
228
228
228
229
231
231
227
218
202
174
137
95
55
25
9
3
1
1
1
1
0
0
0
0
0
0
1
1
1
1
2
7
17
37
66
98
130
157
180
200
213
218
218
218
218
218
213
200
181
160
134
102
68
39
19
7
3
1
1
1
1
0
0
0
0
0
0
0
0
1
1
1
1
2
5
11
22
39
59
81
105
131
149
157
159
158
159
157
149
131
106
83
63
42
23
11
5
2
1
1
1
1
0
0
0
0
0
0
0
0
0
0
1
1
1
1
2
3
5
10
18
28
42
60
73
79
80
80
80
79
73
60
42
29
19
11
6
3
2
1
1
1
1
0
0
0
0
0
0
0
0
0
0
0
0
0
0
0
0
0
0
0
0
0
0
0
0
0
0
0
0
0
0
0
0
0
0
0
0
0
0
0
0
0
0
0
0
0
0
0
0
0
0
0
0
0
0
0
0
0
0
0
0
0
0
0
0
0
0
0
0
0
0
0
0
0
0
0
0
0
0
0
0
0
0
0
0
0
0
0
0
0
0
