41
38
0
0
0
0
0
0
0
0
0
0
0
0
0
0
0
0
0
0
0
0
0
0
0
0
0
0
0
0
0
0
0
0
0
0
0
0
0
0
0
0
0
0
0
0
0
0
0
0
0
0
0
0
0
0
0
0
0
0
0
0
0
0
0
0
0
0
0
0
0
0
0
0
0
0
0
0
0
0
0
0
0
0
0
0
0
0
0
1
1
1
1
1
3
5
10
16
25
36
50
61
65
66
66
66
65
61
50
36
25
17
11
6
3
1
1
1
1
1
0
0
0
0
0
0
0
0
1
1
1
1
1
2
6
13
25
41
60
80
101
124
140
147
148
148
148
147
140
124
102
81
63
44
26
13
6
3
1
1
1
1
1
0
0
0
0
0
1
1
1
1
2
4
10
25
47
76
108
137
161
181
198
208
211
212
211
211
211
207
197
181
163
140
111
79
49
26
12
4
2
1
1
1
1
0
0
0
0
1
1
1
2
6
16
37
71
113
152
184
206
218
223
222
217
212
210
210
210
212
215
220
222
219
208
187
155
116
76
41
18
6
2
1
1
1
0
0
0
0
1
1
2
7
21
49
91
140
183
213
227
227
218
203
182
162
149
144
144
144
148
159
178
200
216
226
227
214
187
146
98
53
23
8
3
1
1
0
0
0
0
1
2
7
23
56
106
159
201
226
231
219
194
163
133
104
80
66
62
61
61
65
77
100
128
158
189
215
229
227
206
164
110
58
24
8
2
1
0
0
0
0
2
6
21
56
110
168
211
231
229
206
167
124
86
59
39
25
18
16
15
15
17
23
36
55
81
118
161
200
226
232
213
170
111
57
22
7
2
0
0
0
0
4
15
45
101
164
213
234
229
198
150
98
57
31
17
10
5
3
2
2
2
3
5
9
15
28
52
91
141
190
224
233
214
167
104
49
17
5
0
0
0
0
9
31
80
147
205
235
233
201
147
88
44
19
8
4
2
1
1
1
1
1
1
1
2
4
7
17
39
79
136
193
229
234
208
154
87
35
10
0
0
0
0
18
56
120
186
229
238
214
160
94
43
16
6
3
1
1
1
1
1
0
1
1
1
1
1
2
5
13
37
84
149
206
236
231
192
126
60
19
0
0
0
0
32
86
157
214
239
228
184
116
54
19
6
2
1
1
1
1
0
0
0
0
0
1
1
1
1
2
5
15
46
105
174
223
239
217
160
87
33
0
0
0
0
50
116
187
231
239
211
150
79
29
8
3
1
1
1
1
0
0
0
0
0
0
0
1
1
1
1
2
7
24
69
139
204
236
231
187
116
50
0
0
0
0
70
143
208
239
232
189
119
52
16
4
2
1
1
1
0
0
0
0
0
0
0
0
0
0
1
1
1
3
13
46
110
182
229
238
208
143
70
0
0
0
0
87
163
221
241
223
168
93
35
9
2
1
1
1
0
0
0
0
0
0
0
0
0
0
0
1
1
1
2
8
32
88
164
221
240
221
164
88
0
0
0
0
98
175
227
241
215
152
76
25
6
2
1
1
1
0
0
0
0
0
0
0
0
0
0
0
0
1
1
2
6
25
75
151
214
241
228
176
100
0
0
0
0
104
180
230
240
209
142
67
21
5
2
1
1
0
0
0
0
0
0
0
0
0
0
0
0
0
1
1
2
5
21
67
142
209
240
231
184
108
0
0
0
0
107
183
231
239
205
136
62
18
4
2
1
1
0
0
0
0
0
0
0
0
0
0
0
0
0
1
1
2
4
18
62
136
205
239
233
188
114
0
0
0
0
107
183
231
239
206
137
63
18
4
2
1
1
0
0
0
0
0
0
0
0
0
0
0
0
0
1
1
2
4
18
62
136
205
239
233
188
114
0
0
0
0
102
178
229
240
211
145
70
22
5
2
1
1
0
0
0
0
0
0
0
0
0
0
0
0
0
1
1
2
5
21
67
142
209
240
231
184
108
0
0
0
0
94
171
225
241
218
159
83
29
7
2
1
1
1
0
0
0
0
0
0
0
0
0
0
0
1
1
1
2
6
25
76
152
215
241
228
176
100
0
0
0
0
82
158
218
241
226
175
100
39
10
3
1
1
1
0
0
0
0
0
0
0
0
0
0
0
1
1
1
2
9
34
91
167
223
241
221
164
88
0
0
0
0
66
139
205
238
234
193
122
54
16
4
2
1
1
1
0
0
0
0
0
0
0
0
0
1
1
1
2
4
15
50
115
187
232
239
208
143
70
0
0
0
0
49
114
185
231
239
212
151
80
29
8
3
1
1
1
1
0
0
0
0
0
0
0
1
1
1
1
3
7
27
74
145
208
238
231
187
116
51
0
0
0
0
32
85
157
214
239
229
184
116
54
19
6
2
1
1
1
1
0
0
0
0
0
1
1
1
1
2
5
17
51
111
179
226
239
216
159
87
33
0
0
0
0
18
56
120
186
229
238
214
160
94
43
16
5
2
1
1
1
1
1
0
1
1
1
1
1
2
5
15
41
91
155
210
237
230
189
124
58
19
0
0
0
0
9
31
80
147
205
235
233
201
147
88
43
18
8
4
2
1
1
1
1
1
1
1
2
4
7
17
42
86
145
199
231
234
206
150
83
33
10
0
0
0
0
4
15
45
101
164
213
234
229
198
150
98
55
29
16
9
5
3
2
2
2
3
5
9
15
28
53
95
147
196
228
234
213
165
102
47
15
4
0
0
0
0
2
6
21
56
110
168
211
231
229
205
166
121
83
57
38
25
18
16
15
15
17
23
36
55
81
118
163
203
228
232
211
168
110
56
21
6
2
0
0
0
0
1
2
7
23
56
106
159
201
226
231
217
191
159
131
103
80
66
62
61
61
65
77
100
128
158
189
216
230
227
203
160
106
57
23
7
2
1
0
0
0
0
1
1
2
7
21
49
91
140
183
213
226
226
216
202
182
162
149
144
144
144
148
159
178
199
216
226
227
214
186
144
94
50
21
7
3
1
1
0
0
0
0
1
1
1
2
6
16
37
71
113
152
184
206
218
223
222
217
212
210
210
210
212
215
220
222
219
208
187
155
116
75
39
17
6
2
1
1
1
0
0
0
0
1
1
1
1
2
4
10
25
47
76
108
137
161
181
198
208
211
212
211
211
211
207
197
181
163
140
111
79
49
26
11
4
2
1
1
1
1
0
0
0
0
0
1
1
1
1
1
2
6
13
25
41
60
80
101
124
140
147
148
148
148
147
140
124
102
81
63
44
26
13
6
3
1
1
1
1
1
0
0
0
0
0
0
0
0
1
1
1
1
1
3
5
10
16
25
36
50
61
65
66
66
66
65
61
50
36
25
17
11
6
3
1
1
1
1
1
0
0
0
0
0
0
0
0
0
0
0
0
0
0
0
0
0
0
0
0
0
0
0
0
0
0
0
0
0
0
0
0
0
0
0
0
0
0
0
0
0
0
0
0
0
0
0
0
0
0
0
0
0
0
0
0
0
0
0
0
0
0
0
0
0
0
0
0
0
0
0
0
0
0
0
0
0
0
0
0
0
0
0
0
0
0
0
