43
48
0
0
0
0
0
0
0
0
0
0
0
0
0
0
0
0
0
0
0
0
0
0
0
0
0
0
0
0
0
0
0
0
0
0
0
0
0
0
0
0
0
0
0
0
0
0
0
0
0
0
0
0
0
0
0
0
0
0
0
0
0
0
0
0
0
0
0
0
0
0
0
0
0
0
0
0
0
0
0
0
0
0
0
0
0
0
0
0
0
0
0
0
1
1
1
1
2
3
7
15
26
40
60
82
100
107
109
109
109
107
100
82
60
41
28
16
8
4
2
1
1
1
1
0
0
0
0
0
0
0
0
0
0
0
1
1
1
1
2
5
13
27
49
74
100
127
154
173
181
183
183
183
181
173
154
127
102
78
52
29
14
6
2
1
1
1
1
0
0
0
0
0
0
0
0
0
1
1
1
1
3
7
19
41
73
109
144
172
195
214
225
230
230
230
230
230
225
214
196
175
148
113
76
43
20
8
3
1
1
1
1
1
0
0
0
0
0
0
1
1
1
1
3
8
22
52
94
139
178
206
224
234
238
237
235
234
234
234
235
236
237
234
225
209
181
142
97
55
25
9
3
1
1
1
1
0
0
0
0
0
1
1
1
1
3
8
24
56
105
157
199
225
238
240
234
221
207
196
193
192
192
195
204
219
232
239
238
227
201
161
111
63
27
9
3
1
1
1
1
0
0
0
0
1
1
1
2
7
23
57
108
164
208
233
241
235
219
197
169
142
125
119
118
119
123
138
164
193
216
233
240
234
212
171
116
62
25
8
3
1
1
1
0
0
0
0
1
1
2
6
19
52
105
164
210
235
240
228
201
167
132
98
70
53
48
47
48
52
66
92
126
161
197
225
239
237
215
171
110
55
20
6
2
1
1
0
0
0
0
1
2
4
14
42
95
157
208
235
239
224
189
144
100
66
41
24
15
12
12
12
14
22
37
61
93
137
183
219
238
237
211
160
96
43
14
4
2
1
0
0
0
0
1
3
8
29
75
141
199
233
240
224
185
133
82
44
23
12
6
4
3
3
3
4
6
11
21
40
75
124
177
218
238
233
200
142
77
30
9
3
1
0
0
0
0
2
4
16
51
113
180
226
241
229
191
134
77
36
15
7
4
2
2
1
1
1
2
2
3
6
13
32
69
124
182
224
239
226
183
117
55
18
5
2
0
0
0
0
2
8
29
78
148
209
238
237
205
148
84
37
14
5
3
2
1
1
1
1
1
1
1
2
3
5
12
32
75
137
197
233
239
213
156
86
33
9
2
0
0
0
0
4
14
47
109
179
227
241
223
173
105
47
16
5
3
1
1
1
1
1
0
1
1
1
1
1
3
5
13
40
94
162
217
240
231
187
117
52
15
4
0
0
0
0
6
23
69
139
204
238
237
203
139
70
25
7
3
2
1
1
1
0
0
0
0
0
1
1
1
1
3
6
20
60
126
194
234
239
208
144
72
24
6
0
0
0
0
9
35
92
166
221
242
227
178
106
45
13
4
2
1
1
1
0
0
0
0
0
0
0
1
1
1
1
3
11
37
94
167
221
241
222
167
93
35
9
0
0
0
0
14
49
115
187
232
241
214
152
79
28
7
2
1
1
1
0
0
0
0
0
0
0
0
0
1
1
1
2
6
23
68
140
205
238
232
187
115
49
14
0
0
0
0
20
65
137
204
238
236
197
127
58
17
4
2
1
1
1
0
0
0
0
0
0
0
0
0
0
1
1
1
4
14
50
116
188
232
237
204
137
64
20
0
0
0
0
27
79
155
216
241
229
179
105
42
11
3
1
1
1
0
0
0
0
0
0
0
0
0
0
0
1
1
1
2
10
37
97
172
226
240
216
155
79
27
0
0
0
0
33
91
168
224
241
221
163
87
31
7
2
1
1
1
0
0
0
0
0
0
0
0
0
0
0
1
1
1
2
7
29
83
160
219
241
224
168
91
33
0
0
0
0
38
99
176
228
241
215
151
75
25
6
2
1
1
0
0
0
0
0
0
0
0
0
0
0
0
0
1
1
2
6
24
74
151
214
241
228
176
100
38
0
0
0
0
40
103
180
230
240
210
144
68
21
5
2
1
1
0
0
0
0
0
0
0
0
0
0
0
0
0
1
1
2
5
21
68
144
210
240
230
182
106
42
0
0
0
0
42
106
182
231
239
207
138
64
19
4
2
1
1
0
0
0
0
0
0
0
0
0
0
0
0
0
1
1
2
4
19
64
138
207
239
232
186
112
46
0
0
0
0
43
108
184
231
238
204
135
60
18
4
2
1
1
0
0
0
0
0
0
0
0
0
0
0
0
0
1
1
2
4
18
61
135
204
239
233
189
115
48
0
0
0
0
43
108
184
231
238
204
135
61
17
4
2
1
1
0
0
0
0
0
0
0
0
0
0
0
0
0
1
1
2
4
18
61
135
204
239
233
189
115
48
0
0
0
0
41
105
181
230
239
207
140
65
20
4
2
1
1
0
0
0
0
0
0
0
0
0
0
0
0
0
1
1
2
4
19
64
138
207
239
232
186
112
46
0
0
0
0
38
100
177
228
241
213
149
73
24
5
2
1
1
0
0
0
0
0
0
0
0
0
0
0
0
0
1
1
2
5
21
68
144
210
240
231
182
106
42
0
0
0
0
34
94
171
226
242
219
160
83
29
7
2
1
1
0
0
0
0
0
0
0
0
0
0
0
0
0
1
1
2
6
25
75
151
215
241
228
176
100
38
0
0
0
0
30
86
163
221
242
225
171
96
36
9
2
1
1
1
0
0
0
0
0
0
0
0
0
0
0
1
1
1
2
7
31
86
162
221
241
224
168
91
33
0
0
0
0
24
74
149
213
241
231
184
110
45
12
3
1
1
1
0
0
0
0
0
0
0
0
0
0
0
1
1
1
3
10
40
102
177
228
241
216
155
79
27
0
0
0
0
18
61
133
201
238
237
198
129
59
18
4
2
1
1
1
0
0
0
0
0
0
0
0
0
1
1
1
2
4
16
54
122
193
235
238
204
137
64
20
0
0
0
0
13
47
113
186
232
241
214
152
79
28
7
2
1
1
1
0
0
0
0
0
0
0
0
0
1
1
1
2
6
25
73
145
209
239
232
187
115
49
14
0
0
0
0
9
34
92
166
221
242
227
178
106
45
13
4
2
1
1
1
0
0
0
0
0
0
0
1
1
1
2
4
12
41
99
172
224
241
222
167
93
35
9
0
0
0
0
6
23
69
139
204
238
237
203
139
70
25
7
3
2
1
1
1
0
0
0
0
0
1
1
1
2
3
7
24
66
133
198
235
238
207
143
71
24
6
0
0
0
0
3
14
47
109
179
227
241
223
173
105
47
16
5
3
1
1
1
1
1
0
1
1
1
1
1
3
5
16
46
102
170
221
241
229
183
114
50
15
4
0
0
0
0
2
8
29
78
148
209
238
237
205
148
84
37
13
5
3
2
1
1
1
1
1
1
1
2
3
5
13
36
83
147
204
236
238
210
151
81
31
8
3
0
0
0
0
2
4
16
51
113
180
226
241
229
191
134
76
35
14
6
4
2
2
1
1
1
2
2
4
6
14
34
74
132
190
228
240
226
180
114
52
17
5
2
0
0
0
0
1
3
8
29
75
141
199
233
240
223
185
132
79
42
22
12
6
4
3
3
3
4
6
11
21
40
76
128
182
222
240
233
199
141
76
29
8
3
1
0
0
0
0
1
2
4
14
42
95
157
208
235
239
223
187
140
95
63
40
24
15
12
12
12
14
22
37
61
93
137
184
221
239
235
209
158
95
43
14
4
2
1
0
0
0
0
1
1
2
6
19
52
105
164
210
235
240
227
198
163
129
97
69
53
48
47
48
52
66
92
126
161
197
225
239
236
212
166
106
52
19
6
2
1
1
0
0
0
0
1
1
1
2
7
23
57
108
164
208
233
240
233
217
195
168
141
125
119
118
119
123
138
164
193
216
233
241
234
211
168
111
58
23
7
2
1
1
1
0
0
0
0
1
1
1
1
3
8
24
56
105
157
199
225
237
239
233
221
206
196
193
192
192
195
204
219
232
239
238
227
201
160
109
60
25
8
3
1
1
1
1
0
0
0
0
0
1
1
1
1
3
8
22
52
94
139
178
206
224
234
238
237
235
234
234
234
235
236
237
234
225
209
181
142
97
55
24
8
3
1
1
1
1
0
0
0
0
0
0
0
1
1
1
1
3
7
19
41
73
109
144
172
195
214
225
230
230
230
230
230
225
214
196
175
148
113
76
43
20
8
3
1
1
1
1
0
0
0
0
0
0
0
0
0
1
1
1
1
2
5
13
27
49
74
100
127
154
173
181
183
183
183
181
173
154
127
102
78
52
29
14
6
2
1
1
1
1
0
0
0
0
0
0
0
0
0
0
0
1
1
1
1
2
3
7
15
26
40
60
82
100
107
109
109
109
107
100
82
60
41
28
16
8
4
2
1
1
1
1
0
0
0
0
0
0
0
0
0
0
0
0
0
0
0
0
0
0
0
0
0
0
0
0
0
0
0
0
0
0
0
0
0
0
0
0
0
0
0
0
0
0
0
0
0
0
0
0
0
0
0
0
0
0
0
0
0
0
0
0
0
0
0
0
0
0
0
0
0
0
0
0
0
0
0
0
0
0
0
0
0
0
0
0
0
0
0
0
0
0
0
0
