35
44
0
0
0
0
0
0
0
0
0
0
0
0
0
0
0
0
0
0
0
0
0
0
0
0
0
0
0
0
0
0
0
0
0
0
0
0
0
0
0
0
0
0
0
0
0
0
0
0
0
0
0
0
0
0
0
0
0
0
0
0
0
0
0
0
0
0
0
0
0
0
0
0
0
0
1
1
1
1
2
4
8
16
29
46
64
76
79
80
79
76
64
46
29
17
9
4
2
1
1
1
1
0
0
0
0
0
0
0
1
1
1
1
2
6
15
32
55
81
110
137
153
158
158
158
153
137
111
83
58
34
16
6
2
1
1
1
1
0
0
0
0
0
1
1
1
1
3
8
22
49
84
122
156
184
205
215
218
218
218
215
204
184
158
126
88
50
23
8
3
1
1
1
1
0
0
0
0
1
1
1
3
8
25
60
107
154
191
215
227
231
230
229
228
229
230
231
227
216
194
157
110
63
28
9
3
1
1
1
0
0
0
0
1
1
2
8
25
63
117
172
211
230
233
224
208
193
185
184
185
191
205
222
232
231
213
175
123
68
28
9
2
1
1
0
0
0
0
1
2
6
22
59
117
176
218
234
228
207
177
144
119
108
106
107
117
140
172
203
226
234
220
182
123
64
23
6
2
1
0
0
0
0
1
4
16
50
108
172
217
234
222
190
147
107
72
49
40
38
40
47
68
101
141
184
219
233
220
176
111
51
16
4
1
0
0
0
0
2
9
35
89
158
212
233
221
182
129
79
45
24
13
9
9
9
12
22
42
74
121
175
217
232
213
160
90
36
10
3
0
0
0
0
5
19
62
132
198
231
225
186
126
69
32
14
6
3
2
2
2
3
6
12
28
63
117
178
221
230
199
134
65
21
5
0
0
0
0
9
35
94
169
221
232
201
139
74
30
10
4
2
1
1
1
1
1
2
4
9
26
66
129
193
229
223
174
100
39
10
0
0
0
0
16
56
127
197
232
220
167
94
38
12
4
2
1
1
1
1
1
1
1
2
3
10
33
85
157
215
232
202
134
61
18
0
0
0
0
26
80
157
217
232
200
130
60
19
5
2
1
1
1
1
0
1
1
1
1
2
4
15
52
119
191
230
220
162
83
28
0
0
0
0
40
105
182
229
225
175
98
36
9
3
1
1
1
0
0
0
0
0
1
1
1
2
7
30
87
164
221
228
184
106
40
0
0
0
0
54
128
201
233
213
149
71
22
5
2
1
1
0
0
0
0
0
0
0
1
1
1
4
18
62
138
207
231
201
128
54
0
0
0
0
70
149
214
232
198
124
52
14
3
1
1
1
0
0
0
0
0
0
0
0
1
1
2
11
45
115
192
230
214
149
70
0
0
0
0
84
165
222
229
183
104
38
9
2
1
1
0
0
0
0
0
0
0
0
0
1
1
2
8
34
98
178
227
222
165
84
0
0
0
0
94
175
227
225
170
89
29
6
2
1
1
0
0
0
0
0
0
0
0
0
0
1
1
6
28
87
168
224
227
176
95
0
0
0
0
100
181
228
221
161
80
25
5
1
1
0
0
0
0
0
0
0
0
0
0
0
1
1
5
24
79
161
221
229
182
102
0
0
0
0
103
184
229
219
155
74
22
4
1
1
0
0
0
0
0
0
0
0
0
0
0
1
1
4
22
74
155
219
230
187
107
0
0
0
0
105
185
229
217
152
70
20
4
1
1
0
0
0
0
0
0
0
0
0
0
0
1
1
4
20
70
152
217
231
190
111
0
0
0
0
105
185
229
217
152
71
20
4
1
1
0
0
0
0
0
0
0
0
0
0
0
1
1
4
20
70
152
217
231
190
111
0
0
0
0
102
182
229
219
157
76
23
4
1
1
0
0
0
0
0
0
0
0
0
0
0
1
1
4
22
74
155
219
230
187
107
0
0
0
0
96
178
228
223
166
85
27
6
1
1
0
0
0
0
0
0
0
0
0
0
0
1
1
5
25
80
161
221
229
182
102
0
0
0
0
89
171
225
227
177
96
33
7
2
1
1
0
0
0
0
0
0
0
0
0
1
1
2
6
29
88
170
225
227
176
95
0
0
0
0
79
160
220
231
188
110
41
10
2
1
1
0
0
0
0
0
0
0
0
0
1
1
2
8
37
102
181
228
222
165
84
0
0
0
0
66
145
212
233
201
127
53
14
3
1
1
1
0
0
0
0
0
0
0
1
1
1
3
13
49
121
196
231
214
149
70
0
0
0
0
53
126
200
233
214
149
72
22
5
2
1
1
0
0
0
0
0
0
0
1
1
1
5
20
67
143
210
232
201
128
54
0
0
0
0
39
104
182
228
225
174
97
36
9
3
1
1
1
0
0
0
0
0
1
1
1
2
8
34
92
169
223
229
184
106
40
0
0
0
0
26
80
157
217
232
199
130
60
19
5
2
1
1
1
1
0
1
1
1
1
2
5
18
57
125
196
231
219
160
82
27
0
0
0
0
16
56
127
197
232
220
166
94
38
12
4
2
1
1
1
1
1
1
1
2
4
11
37
92
163
218
232
200
130
59
17
0
0
0
0
9
35
94
169
221
232
201
139
73
30
10
4
2
1
1
1
1
1
2
4
10
28
72
137
199
231
221
170
96
37
9
0
0
0
0
5
19
62
132
198
231
225
185
125
68
30
13
6
3
2
2
2
3
6
13
29
65
122
184
225
231
197
132
63
20
5
0
0
0
0
2
9
35
89
158
212
233
221
181
126
76
44
24
13
9
9
9
12
22
42
74
123
178
219
233
212
158
89
35
9
2
0
0
0
0
1
4
16
50
108
172
217
233
221
187
143
104
71
49
40
38
40
47
68
101
141
185
220
233
218
173
108
50
16
4
1
0
0
0
0
1
2
6
22
59
117
176
217
234
227
204
176
144
119
108
106
107
117
140
172
203
226
234
219
179
119
60
22
6
2
1
0
0
0
0
1
1
2
8
25
63
117
172
211
230
232
224
208
193
185
184
185
191
205
222
232
231
213
175
121
66
26
8
2
1
1
0
0
0
0
1
1
1
3
8
25
60
107
154
191
215
227
231
230
229
228
229
230
231
227
216
194
157
110
63
27
9
3
1
1
1
0
0
0
0
1
1
1
1
3
8
22
49
84
122
156
184
205
215
218
218
218
215
204
184
158
126
88
50
23
9
3
1
1
1
1
0
0
0
0
0
1
1
1
1
2
6
15
32
55
81
110
137
153
158
158
158
153
137
111
83
58
34
16
6
2
1
1
1
1
0
0
0
0
0
0
0
1
1
1
1
2
4
8
16
29
46
64
76
79
80
79
76
64
46
29
17
9
4
2
1
1
1
1
0
0
0
0
0
0
0
0
0
0
0
0
0
0
0
0
0
0
0
0
0
0
0
0
0
0
0
0
0
0
0
0
0
0
0
0
0
0
0
0
0
0
0
0
0
0
0
0
0
0
0
0
0
0
0
0
0
0
0
0
0
0
0
0
0
0
0
0
0
0
0
0
0
0
