31
36
0
0
0
0
0
0
0
0
0
0
0
0
0
0
0
0
0
0
0
0
0
0
0
0
0
0
0
0
0
0
0
0
0
0
0
0
0
0
0
0
0
0
0
0
0
0
0
0
0
0
0
0
0
0
0
0
0
0
0
0
0
0
0
0
0
1
1
1
2
5
14
32
57
86
116
138
148
149
148
138
116
87
59
33
15
5
2
1
1
1
0
0
0
0
0
1
1
1
2
6
20
50
90
132
167
194
209
215
215
215
209
194
169
135
93
51
21
7
2
1
1
1
0
0
0
0
1
1
2
6
23
60
113
165
202
220
224
220
216
214
215
219
223
221
204
168
116
63
25
7
2
1
1
0
0
0
0
1
1
5
21
61
121
180
217
226
214
189
164
150
146
149
162
186
211
225
218
183
126
65
23
6
1
1
0
0
0
0
1
4
16
54
116
181
220
223
196
155
113
80
64
60
63
78
108
149
191
221
221
185
120
55
17
4
1
0
0
0
0
2
9
38
99
171
218
221
186
131
80
45
25
16
14
16
23
42
75
125
180
219
218
173
101
40
10
2
0
0
0
0
4
21
70
146
208
224
190
127
67
29
12
5
3
2
3
5
10
26
61
120
183
221
209
149
73
23
5
0
0
0
0
8
39
105
183
224
206
143
73
26
8
3
1
1
1
1
1
3
7
23
66
135
200
223
187
112
43
10
0
0
0
0
16
62
140
208
222
176
98
37
9
3
1
1
1
1
1
1
1
2
8
32
89
167
219
211
146
65
17
0
0
0
0
27
88
170
221
209
142
64
18
4
1
1
1
0
0
0
1
1
1
3
15
56
132
203
221
172
89
28
0
0
0
0
41
113
192
225
190
111
41
9
2
1
1
0
0
0
0
0
1
1
2
8
35
101
182
222
192
113
41
0
0
0
0
55
135
207
221
169
85
26
5
1
1
1
0
0
0
0
0
1
1
1
4
23
78
162
218
206
134
55
0
0
0
0
67
151
215
214
149
67
18
3
1
1
1
0
0
0
0
0
1
1
1
3
16
63
146
213
215
151
67
0
0
0
0
75
161
219
208
136
55
13
3
1
1
0
0
0
0
0
0
0
1
1
3
13
55
135
208
219
161
76
0
0
0
0
79
165
220
204
128
50
11
2
1
1
0
0
0
0
0
0
0
1
1
2
12
50
128
204
221
168
82
0
0
0
0
81
167
220
201
124
47
11
2
1
1
0
0
0
0
0
0
0
1
1
2
11
47
124
201
222
172
86
0
0
0
0
81
167
220
201
124
47
11
2
1
1
0
0
0
0
0
0
0
1
1
2
11
47
124
201
222
172
86
0
0
0
0
77
163
219
205
131
52
12
2
1
1
0
0
0
0
0
0
0
1
1
2
12
50
128
204
221
168
82
0
0
0
0
71
157
218
211
142
60
15
3
1
1
0
0
0
0
0
0
0
1
1
3
14
55
136
208
219
161
76
0
0
0
0
63
147
214
217
155
71
20
4
1
1
1
0
0
0
0
0
1
1
1
3
18
66
148
214
215
151
67
0
0
0
0
52
131
205
222
172
88
27
5
2
1
1
0
0
0
0
0
1
1
2
5
25
82
166
220
207
135
55
0
0
0
0
40
111
191
225
191
111
41
9
2
1
1
0
0
0
0
0
1
1
2
9
38
106
186
224
193
113
41
0
0
0
0
27
87
170
221
209
142
64
18
4
1
1
1
0
0
0
1
1
1
4
17
61
137
206
221
172
89
28
0
0
0
0
16
62
140
208
222
176
98
37
9
2
1
1
1
1
1
1
1
2
9
36
96
172
221
210
144
64
17
0
0
0
0
8
39
105
183
224
206
143
72
26
7
3
1
1
1
1
1
3
7
25
71
142
205
224
185
108
41
9
0
0
0
0
4
21
70
146
208
224
190
127
65
27
11
5
3
2
3
5
11
26
63
124
189
224
208
147
71
22
4
0
0
0
0
2
9
38
99
171
218
221
185
128
77
43
24
16
14
16
23
42
75
126
182
220
218
171
100
39
9
2
0
0
0
0
1
4
16
54
116
181
220
222
194
152
112
80
64
60
63
78
108
150
192
221
221
182
117
54
16
4
1
0
0
0
0
1
1
5
21
61
121
180
217
225
213
189
164
150
146
149
162
186
211
225
218
182
124
63
22
5
1
1
0
0
0
0
1
1
2
6
23
60
113
165
202
220
224
220
216
214
215
219
223
221
204
168
116
62
24
7
2
1
1
0
0
0
0
1
1
1
2
6
20
50
90
132
167
194
209
215
215
215
209
194
169
135
93
51
21
7
2
1
1
1
0
0
0
0
0
1
1
1
2
5
14
32
57
86
116
138
148
149
148
138
116
87
59
33
15
5
2
1
1
1
0
0
0
0
0
0
0
0
0
0
0
0
0
0
0
0
0
0
0
0
0
0
0
0
0
0
0
0
0
0
0
0
0
0
0
0
0
0
0
0
0
0
0
0
0
0
0
0
0
0
0
0
0
0
0
0
0
0
0
0
0
0
0
0
0
