26
36
0
0
0
0
0
0
0
0
0
0
0
0
0
0
0
0
0
0
0
0
0
0
0
0
0
0
0
0
0
0
0
0
0
0
0
0
0
0
0
0
0
0
0
0
0
0
0
0
0
0
0
0
0
0
6
19
41
58
64
65
65
65
65
65
65
65
65
65
65
65
65
65
65
65
62
52
0
0
0
0
12
44
94
133
148
150
151
151
151
151
151
151
151
151
151
151
151
151
151
150
144
119
0
0
0
0
18
64
137
193
215
219
217
216
216
216
216
216
216
216
216
216
216
216
216
215
206
170
0
0
0
0
20
71
152
217
240
237
225
216
213
213
213
213
213
213
213
213
213
213
213
212
203
168
0
0
0
0
20
71
155
220
238
218
181
154
144
143
143
143
143
143
143
143
143
143
143
142
136
112
0
0
0
0
20
71
155
220
231
191
125
77
60
58
58
57
57
57
57
57
57
57
57
57
55
45
0
0
0
0
20
71
155
220
228
179
98
39
17
14
13
13
13
13
13
13
13
13
13
13
12
10
0
0
0
0
20
71
155
220
228
177
92
30
7
3
2
2
2
2
2
2
2
2
2
2
2
2
0
0
0
0
20
71
155
220
228
177
92
29
6
2
1
1
1
1
1
1
1
1
1
1
1
1
0
0
0
0
20
71
155
220
228
177
92
29
5
1
1
0
0
0
0
0
0
0
0
0
0
0
0
0
0
0
20
71
155
220
228
177
92
29
5
1
1
1
1
1
1
1
1
1
1
1
1
1
0
0
0
0
20
71
155
220
228
177
92
29
6
2
2
1
1
1
1
1
1
1
1
1
1
1
0
0
0
0
20
71
155
220
228
177
94
32
9
6
5
5
5
5
5
5
5
5
5
4
2
1
0
0
0
0
20
71
155
220
230
184
108
53
33
30
30
30
30
30
30
30
30
29
28
22
12
4
0
0
0
0
20
71
155
221
235
205
152
112
98
97
97
97
97
97
97
97
96
96
90
70
38
13
0
0
0
0
20
72
155
222
243
233
210
192
186
186
186
185
185
185
185
185
185
184
172
134
73
25
0
0
0
0
20
72
155
222
247
245
235
227
224
224
224
224
224
224
224
224
224
222
208
162
88
29
0
0
0
0
20
72
155
222
243
233
210
192
186
186
186
185
185
185
185
185
185
184
172
134
73
25
0
0
0
0
20
71
155
221
235
205
152
112
98
97
97
97
97
97
97
97
96
96
90
70
38
13
0
0
0
0
20
71
155
220
230
184
108
53
33
30
30
30
30
30
30
30
30
29
28
22
12
4
0
0
0
0
20
71
155
220
228
177
94
32
9
6
5
5
5
5
5
5
5
5
5
4
2
1
0
0
0
0
20
71
155
220
228
177
92
29
6
2
2
1
1
1
1
1
1
1
1
1
1
1
0
0
0
0
20
71
155
220
228
177
92
29
5
1
1
1
1
1
1
1
1
1
1
1
1
1
0
0
0
0
20
71
155
220
228
177
92
29
5
1
1
0
0
0
0
0
0
0
0
0
0
0
0
0
0
0
20
71
155
220
228
177
92
29
5
1
1
0
0
0
0
0
0
0
0
0
0
0
0
0
0
0
20
71
155
220
228
177
92
29
5
1
1
0
0
0
0
0
0
0
0
0
0
0
0
0
0
0
20
71
155
220
228
177
92
29
5
1
1
0
0
0
0
0
0
0
0
0
0
0
0
0
0
0
20
71
155
219
227
176
92
29
5
1
1
0
0
0
0
0
0
0
0
0
0
0
0
0
0
0
20
71
155
219
227
176
92
29
5
1
1
0
0
0
0
0
0
0
0
0
0
0
0
0
0
0
20
70
152
215
222
173
90
29
5
1
1
0
0
0
0
0
0
0
0
0
0
0
0
0
0
0
18
64
136
191
198
155
81
26
5
1
1
0
0
0
0
0
0
0
0
0
0
0
0
0
0
0
12
44
94
131
136
107
56
18
3
1
1
0
0
0
0
0
0
0
0
0
0
0
0
0
0
0
0
0
0
0
0
0
0
0
0
0
0
0
0
0
0
0
0
0
0
0
0
0
0
0
0
0
0
0
0
0
0
0
0
0
0
0
0
0
0
0
0
0
0
0
0
0
0
0
0
0
