31
43
0
0
0
0
0
0
0
0
0
0
0
0
0
0
0
0
0
0
0
0
0
0
0
0
0
0
0
0
0
0
0
0
0
0
0
0
0
0
0
0
0
0
0
0
0
0
0
0
0
0
0
0
0
0
0
0
0
0
0
0
0
0
0
0
3
8
15
22
24
25
25
25
25
25
25
25
25
25
25
25
25
25
25
25
25
25
25
25
24
20
13
0
0
0
0
8
24
48
68
77
79
80
80
80
80
80
80
80
80
80
80
80
80
80
80
80
80
80
79
75
63
40
0
0
0
0
16
48
96
135
153
158
158
158
158
158
158
158
158
158
158
158
158
158
158
158
158
158
158
157
150
125
80
0
0
0
0
21
66
133
187
213
219
219
219
218
218
218
218
218
218
218
218
218
218
218
218
218
218
218
217
207
172
110
0
0
0
0
24
73
147
208
237
243
240
234
230
228
228
228
228
228
228
228
228
228
228
228
228
228
228
227
216
180
115
0
0
0
0
24
74
149
213
241
241
226
205
190
185
184
184
184
184
184
184
184
184
184
184
184
184
184
182
174
144
92
0
0
0
0
24
74
150
213
240
231
196
151
120
109
107
106
106
106
106
106
106
106
106
106
106
106
106
105
100
83
53
0
0
0
0
24
74
150
213
238
222
170
105
60
43
40
39
39
39
39
39
39
39
39
39
39
39
39
38
37
30
19
0
0
0
0
24
74
150
213
238
219
160
86
34
14
10
9
9
9
9
9
9
9
9
9
9
9
9
9
8
7
5
0
0
0
0
24
74
150
213
238
219
159
83
29
8
3
3
2
2
2
2
2
2
2
2
2
2
2
2
2
2
1
0
0
0
0
24
74
150
214
238
219
159
83
28
7
2
1
1
1
1
1
1
1
1
1
1
1
1
1
1
1
1
0
0
0
0
24
74
150
214
238
219
159
82
28
6
2
1
1
1
1
1
1
1
1
1
1
1
1
1
1
1
1
0
0
0
0
24
74
150
214
238
219
159
82
28
6
2
1
1
0
0
0
0
0
0
0
0
0
0
0
0
0
0
0
0
0
0
24
74
150
214
238
219
159
82
28
6
2
1
1
1
1
1
1
1
1
1
1
1
1
1
1
1
1
0
0
0
0
24
74
150
214
238
219
159
82
28
7
2
2
1
1
1
1
1
1
1
1
1
1
1
1
1
1
1
0
0
0
0
24
74
150
214
238
219
159
83
29
8
4
3
3
3
3
3
3
3
3
3
3
3
3
2
1
1
1
0
0
0
0
24
74
150
214
238
219
162
89
38
18
14
14
13
13
13
13
13
13
13
13
13
13
12
8
4
2
1
0
0
0
0
24
74
150
214
239
225
177
115
72
56
53
53
53
52
52
52
52
52
52
53
53
51
45
32
16
5
2
0
0
0
0
24
74
150
214
241
235
206
167
139
129
127
127
127
127
127
127
127
127
127
127
127
124
109
77
38
13
3
0
0
0
0
24
74
150
214
244
246
235
219
208
204
203
203
203
203
203
203
203
203
203
203
203
197
173
122
61
20
5
0
0
0
0
24
74
150
214
245
250
246
240
235
233
233
233
233
233
233
233
233
233
233
233
232
226
198
139
69
23
6
0
0
0
0
24
74
150
214
244
246
235
219
208
204
203
203
203
203
203
203
203
203
203
203
203
197
173
122
61
20
5
0
0
0
0
24
74
150
214
241
235
206
167
139
129
127
127
127
127
127
127
127
127
127
127
127
124
109
77
38
13
3
0
0
0
0
24
74
150
214
239
225
177
115
72
56
53
53
53
52
52
52
52
52
52
53
53
51
45
32
16
5
2
0
0
0
0
24
74
150
214
238
219
162
89
38
18
14
14
13
13
13
13
13
13
13
13
13
13
12
8
4
2
1
0
0
0
0
24
74
150
214
238
219
159
83
29
8
4
3
3
3
3
3
3
3
3
3
3
3
3
2
1
1
1
0
0
0
0
24
74
150
214
238
219
159
82
28
7
2
2
1
1
1
1
1
1
1
1
1
1
1
1
1
1
1
0
0
0
0
24
74
150
214
238
219
159
82
28
6
2
1
1
1
1
1
1
1
1
1
1
1
1
1
1
1
1
0
0
0
0
24
74
150
214
238
219
159
82
28
6
2
1
1
0
0
0
0
0
0
0
0
0
0
0
0
0
0
0
0
0
0
24
74
150
214
238
219
159
82
28
6
2
1
1
0
0
0
0
0
0
0
0
0
0
0
0
0
0
0
0
0
0
24
74
150
214
238
219
159
82
28
6
2
1
1
0
0
0
0
0
0
0
0
0
0
0
0
0
0
0
0
0
0
24
74
150
214
238
219
159
82
28
6
2
1
1
0
0
0
0
0
0
0
0
0
0
0
0
0
0
0
0
0
0
24
74
150
214
238
219
159
82
28
6
2
1
1
0
0
0
0
0
0
0
0
0
0
0
0
0
0
0
0
0
0
24
74
150
213
238
218
159
82
28
6
2
1
1
0
0
0
0
0
0
0
0
0
0
0
0
0
0
0
0
0
0
24
74
150
213
237
218
159
82
28
6
2
1
1
0
0
0
0
0
0
0
0
0
0
0
0
0
0
0
0
0
0
24
74
149
212
236
217
158
82
28
6
2
1
1
0
0
0
0
0
0
0
0
0
0
0
0
0
0
0
0
0
0
24
73
147
208
231
213
155
81
27
6
1
1
1
0
0
0
0
0
0
0
0
0
0
0
0
0
0
0
0
0
0
21
66
132
186
207
191
140
73
25
5
1
1
1
0
0
0
0
0
0
0
0
0
0
0
0
0
0
0
0
0
0
16
48
95
135
150
138
102
53
18
4
1
1
1
0
0
0
0
0
0
0
0
0
0
0
0
0
0
0
0
0
0
0
0
0
0
0
0
0
0
0
0
0
0
0
0
0
0
0
0
0
0
0
0
0
0
0
0
0
0
0
0
0
0
0
0
0
0
0
0
0
0
0
0
0
0
0
0
0
0
0
0
0
0
0
0
0
0
0
0
0
0
