30
36
0
0
0
0
0
0
0
0
0
0
0
0
0
0
0
0
0
0
0
0
0
0
0
0
0
0
0
0
0
0
0
0
0
0
0
0
0
0
0
0
0
0
0
0
0
0
0
0
0
0
0
0
0
0
0
0
0
0
0
0
0
0
7
20
41
58
65
67
67
67
67
67
67
67
67
67
67
67
67
67
67
67
67
67
67
67
64
53
0
0
0
0
15
45
90
127
145
149
150
150
149
149
149
149
149
149
149
149
149
149
149
149
149
149
149
149
141
118
0
0
0
0
21
65
131
185
210
216
216
214
213
212
212
212
212
212
212
212
212
212
212
212
212
212
212
211
200
167
0
0
0
0
23
73
147
208
237
240
232
221
213
210
209
209
209
209
209
209
209
209
209
209
209
209
209
207
197
164
0
0
0
0
24
74
150
213
241
236
210
176
152
144
142
142
142
142
142
142
142
142
142
142
142
142
141
140
134
111
0
0
0
0
24
74
150
213
239
225
178
119
79
63
60
60
60
59
59
59
59
59
59
59
59
59
59
59
56
47
0
0
0
0
24
74
150
214
238
220
163
90
40
20
16
15
15
15
15
15
15
15
15
15
15
15
15
14
14
12
0
0
0
0
24
74
150
214
238
219
159
83
30
8
4
3
2
2
2
2
2
2
2
2
2
2
2
2
2
2
0
0
0
0
24
74
150
214
238
219
159
83
28
7
2
1
1
1
1
1
1
1
1
1
1
1
1
1
1
1
0
0
0
0
24
74
150
214
238
219
159
82
28
6
2
1
1
0
0
0
0
0
0
0
0
0
0
0
0
0
0
0
0
0
24
74
150
214
238
219
159
82
28
6
2
1
1
1
1
1
1
1
1
1
1
1
1
1
1
1
0
0
0
0
24
74
150
214
238
219
159
83
28
7
3
2
2
2
2
2
2
2
2
2
2
2
1
1
1
1
0
0
0
0
24
74
150
214
238
219
160
85
32
11
7
7
7
7
7
7
7
7
7
7
7
6
6
4
2
1
0
0
0
0
24
74
150
214
239
222
169
101
54
36
33
32
32
32
32
32
32
32
32
32
32
31
27
19
10
4
0
0
0
0
24
74
150
214
241
231
194
146
113
100
98
98
98
98
98
98
98
98
98
98
97
95
83
59
30
10
0
0
0
0
24
74
150
214
243
243
227
205
189
184
183
183
183
183
183
183
183
183
183
182
182
177
155
110
55
18
0
0
0
0
24
74
150
214
244
248
241
231
223
220
220
220
220
220
220
220
220
220
220
219
219
213
187
131
66
22
0
0
0
0
24
74
150
214
243
243
227
205
189
184
183
183
183
183
183
183
183
183
183
182
182
177
155
110
55
18
0
0
0
0
24
74
150
214
241
231
194
146
113
100
98
98
98
98
98
98
98
98
98
98
97
95
83
59
30
10
0
0
0
0
24
74
150
214
239
222
169
101
54
36
33
32
32
32
32
32
32
32
32
32
32
31
27
19
10
4
0
0
0
0
24
74
150
214
238
219
160
85
32
11
7
7
7
7
7
7
7
7
7
7
7
6
6
4
2
1
0
0
0
0
24
74
150
214
238
219
159
83
28
7
3
2
2
2
2
2
2
2
2
2
2
2
1
1
1
1
0
0
0
0
24
74
150
214
238
219
159
82
28
6
2
1
1
1
1
1
1
1
1
1
1
1
1
1
1
1
0
0
0
0
24
74
150
214
238
219
159
82
28
6
2
1
1
0
0
0
0
0
0
0
0
0
0
0
0
0
0
0
0
0
24
74
150
214
238
219
159
82
28
6
2
1
1
0
0
0
0
0
0
0
0
0
0
0
0
0
0
0
0
0
24
74
150
214
238
219
159
82
28
6
2
1
1
0
0
0
0
0
0
0
0
0
0
0
0
0
0
0
0
0
24
74
150
214
238
219
159
82
28
6
2
1
1
0
0
0
0
0
0
0
0
0
0
0
0
0
0
0
0
0
24
74
150
213
238
218
159
82
28
6
2
1
1
0
0
0
0
0
0
0
0
0
0
0
0
0
0
0
0
0
24
74
149
212
237
217
158
82
28
6
2
1
1
0
0
0
0
0
0
0
0
0
0
0
0
0
0
0
0
0
23
73
146
208
231
212
155
80
27
6
1
1
1
0
0
0
0
0
0
0
0
0
0
0
0
0
0
0
0
0
21
65
131
184
205
188
138
72
24
5
1
1
1
0
0
0
0
0
0
0
0
0
0
0
0
0
0
0
0
0
15
45
90
127
141
130
96
50
17
4
1
1
1
0
0
0
0
0
0
0
0
0
0
0
0
0
0
0
0
0
0
0
0
0
0
0
0
0
0
0
0
0
0
0
0
0
0
0
0
0
0
0
0
0
0
0
0
0
0
0
0
0
0
0
0
0
0
0
0
0
0
0
0
0
0
0
0
0
0
0
0
0
0
0
0
0
0
0
