31
48
0
0
0
0
0
0
0
0
0
0
0
0
0
0
0
0
0
0
0
0
0
0
0
0
0
0
0
0
0
0
0
0
0
0
0
0
0
0
0
0
0
0
0
0
0
0
0
0
0
0
0
0
0
0
0
0
0
0
0
0
0
0
0
0
4
13
26
36
41
42
42
42
42
42
42
42
42
42
42
42
42
42
42
42
42
42
42
42
40
33
21
0
0
0
0
11
32
65
92
104
107
107
107
107
107
107
107
107
107
107
107
107
107
107
107
107
107
107
107
102
84
54
0
0
0
0
18
55
110
155
176
181
181
181
181
181
181
181
181
181
181
181
181
181
181
181
181
181
181
180
172
143
91
0
0
0
0
22
69
139
196
223
229
230
230
229
229
229
229
229
229
229
229
229
229
229
229
229
229
229
228
217
181
116
0
0
0
0
24
73
148
210
239
245
243
239
235
234
234
234
234
234
234
234
234
234
234
234
234
234
234
232
221
184
118
0
0
0
0
24
74
149
213
241
243
230
212
199
195
194
194
194
194
194
194
194
194
194
194
194
194
193
192
183
152
97
0
0
0
0
24
74
150
213
240
233
202
161
134
123
122
121
121
121
121
121
121
121
121
121
121
121
121
120
114
94
60
0
0
0
0
24
74
150
214
239
224
174
112
70
54
51
50
50
50
50
50
50
50
50
50
50
50
50
49
47
39
25
0
0
0
0
24
74
150
214
238
219
161
88
37
18
14
13
13
13
13
13
13
13
13
13
13
13
13
13
12
10
7
0
0
0
0
24
74
150
214
238
219
159
83
30
9
4
4
3
3
3
3
3
3
3
3
3
3
3
3
3
3
2
0
0
0
0
24
74
150
214
238
219
159
83
29
7
3
2
2
2
2
2
2
2
2
2
2
2
2
2
1
1
1
0
0
0
0
24
74
150
214
238
219
159
82
28
6
2
1
1
1
1
1
1
1
1
1
1
1
1
1
1
1
1
0
0
0
0
24
74
150
214
238
219
159
82
28
6
2
1
1
0
0
0
0
0
0
0
0
0
0
0
0
0
0
0
0
0
0
24
74
150
214
238
219
159
82
28
6
2
1
1
0
0
0
0
0
0
0
0
0
0
0
0
0
0
0
0
0
0
24
74
150
214
238
219
159
82
28
6
2
1
1
1
1
1
1
1
1
1
1
1
1
1
1
1
0
0
0
0
0
24
74
150
214
238
219
159
82
28
7
2
2
1
1
1
1
1
1
1
1
1
1
1
1
1
1
0
0
0
0
0
24
74
150
214
238
219
159
83
28
7
3
3
2
2
2
2
2
2
2
2
2
2
2
1
1
1
1
0
0
0
0
24
74
150
214
238
219
160
84
31
10
6
6
6
6
6
6
6
6
6
6
6
5
5
3
2
1
1
0
0
0
0
24
74
150
214
238
220
165
94
45
26
23
23
22
22
22
22
22
22
22
22
22
22
19
13
7
2
1
0
0
0
0
24
74
150
214
240
227
184
128
88
73
71
71
71
71
71
71
71
71
71
71
70
69
61
43
21
7
2
0
0
0
0
24
74
150
214
242
238
214
181
158
150
148
148
148
148
148
148
148
148
148
148
148
144
126
89
45
15
4
0
0
0
0
24
74
150
214
244
248
240
228
219
216
216
216
216
216
216
216
216
216
216
215
215
209
184
129
65
21
5
0
0
0
0
24
74
150
214
245
251
249
245
241
240
240
240
240
240
240
240
240
240
240
239
239
232
204
143
71
23
6
0
0
0
0
24
74
150
214
244
248
240
228
219
216
216
216
216
216
216
216
216
216
216
215
215
209
184
129
65
21
5
0
0
0
0
24
74
150
214
242
238
214
181
158
150
148
148
148
148
148
148
148
148
148
148
148
144
126
89
45
15
4
0
0
0
0
24
74
150
214
240
227
184
128
88
73
71
71
71
71
71
71
71
71
71
71
70
69
61
43
21
7
2
0
0
0
0
24
74
150
214
238
220
165
94
45
26
23
23
22
22
22
22
22
22
22
22
22
22
19
13
7
2
1
0
0
0
0
24
74
150
214
238
219
160
84
31
10
6
6
6
6
6
6
6
6
6
6
6
5
5
3
2
1
1
0
0
0
0
24
74
150
214
238
219
159
83
28
7
3
3
2
2
2
2
2
2
2
2
2
2
2
1
1
1
1
0
0
0
0
24
74
150
214
238
219
159
82
28
7
2
2
1
1
1
1
1
1
1
1
1
1
1
1
1
1
0
0
0
0
0
24
74
150
214
238
219
159
82
28
6
2
1
1
1
1
1
1
1
1
1
1
1
1
1
1
1
0
0
0
0
0
24
74
150
214
238
219
159
82
28
6
2
1
1
0
0
0
0
0
0
0
0
0
0
0
0
0
0
0
0
0
0
24
74
150
214
238
219
159
82
28
6
2
1
1
0
0
0
0
0
0
0
0
0
0
0
0
0
0
0
0
0
0
24
74
150
214
238
219
159
82
28
6
2
1
1
0
0
0
0
0
0
0
0
0
0
0
0
0
0
0
0
0
0
24
74
150
214
238
219
159
82
28
6
2
1
1
0
0
0
0
0
0
0
0
0
0
0
0
0
0
0
0
0
0
24
74
150
214
238
219
159
82
28
6
2
1
1
0
0
0
0
0
0
0
0
0
0
0
0
0
0
0
0
0
0
24
74
150
214
238
219
159
82
28
6
2
1
1
0
0
0
0
0
0
0
0
0
0
0
0
0
0
0
0
0
0
24
74
150
213
238
218
159
82
28
6
2
1
1
0
0
0
0
0
0
0
0
0
0
0
0
0
0
0
0
0
0
24
74
149
213
237
218
159
82
28
6
2
1
1
0
0
0
0
0
0
0
0
0
0
0
0
0
0
0
0
0
0
24
73
149
212
236
217
158
82
28
6
2
1
1
0
0
0
0
0
0
0
0
0
0
0
0
0
0
0
0
0
0
24
73
148
209
233
214
156
81
27
6
2
1
1
0
0
0
0
0
0
0
0
0
0
0
0
0
0
0
0
0
0
22
69
139
195
217
200
146
76
26
6
1
1
1
0
0
0
0
0
0
0
0
0
0
0
0
0
0
0
0
0
0
18
55
110
154
171
158
116
61
21
5
1
1
1
0
0
0
0
0
0
0
0
0
0
0
0
0
0
0
0
0
0
11
32
65
92
102
94
69
36
13
3
1
1
1
0
0
0
0
0
0
0
0
0
0
0
0
0
0
0
0
0
0
0
0
0
0
0
0
0
0
0
0
0
0
0
0
0
0
0
0
0
0
0
0
0
0
0
0
0
0
0
0
0
0
0
0
0
0
0
0
0
0
0
0
0
0
0
0
0
0
0
0
0
0
0
0
0
0
0
0
0
0
