27
43
0
0
0
0
0
0
0
0
0
0
0
0
0
0
0
0
0
0
0
0
0
0
0
0
0
0
0
0
0
0
0
0
0
0
0
0
0
0
0
0
0
0
0
0
0
0
0
0
0
0
0
0
0
0
0
0
2
7
16
22
25
25
25
25
25
25
25
25
25
25
25
25
25
25
25
25
24
20
12
0
0
0
0
7
24
49
70
78
79
80
80
80
80
80
80
80
80
80
80
80
80
80
79
75
62
38
0
0
0
0
14
47
98
138
155
158
158
158
158
158
158
158
158
158
158
158
158
158
158
157
150
124
75
0
0
0
0
20
65
136
192
215
219
219
218
218
218
218
218
218
218
218
218
218
218
218
217
207
171
104
0
0
0
0
21
72
151
214
239
240
235
230
228
228
228
228
228
228
228
228
228
228
228
227
217
179
109
0
0
0
0
21
73
154
217
239
230
208
191
185
184
184
184
184
184
184
184
184
184
184
183
174
144
87
0
0
0
0
21
73
154
217
233
205
157
122
109
107
106
106
106
106
106
106
106
106
106
106
101
83
50
0
0
0
0
21
73
154
217
227
184
114
63
43
39
39
39
39
39
39
39
39
39
39
39
37
30
18
0
0
0
0
21
73
154
216
225
176
97
37
14
10
9
9
9
9
9
9
9
9
9
9
8
7
5
0
0
0
0
21
73
154
217
225
175
94
33
8
3
2
2
2
2
2
2
2
2
2
2
2
2
1
0
0
0
0
21
73
154
217
225
175
94
32
7
2
1
1
1
1
1
1
1
1
1
1
1
1
1
0
0
0
0
21
73
154
217
225
175
93
31
7
2
1
1
1
1
1
1
1
1
1
1
1
1
1
0
0
0
0
21
73
154
217
225
175
93
31
7
1
1
0
0
0
0
0
0
0
0
0
0
0
0
0
0
0
0
21
73
154
217
225
175
93
31
7
2
1
1
1
1
1
1
1
1
1
1
1
1
1
0
0
0
0
21
73
154
217
225
175
94
32
7
2
1
1
1
1
1
1
1
1
1
1
1
1
1
0
0
0
0
21
73
154
217
225
175
94
32
8
4
3
3
3
3
3
3
3
3
3
2
1
1
1
0
0
0
0
21
73
154
217
225
177
99
41
18
14
14
13
13
13
13
13
13
13
13
10
6
2
1
0
0
0
0
21
73
154
217
229
189
124
75
56
53
53
53
52
52
52
52
52
52
49
38
21
8
2
0
0
0
0
21
73
154
218
236
213
172
141
129
127
127
127
127
127
127
127
127
126
118
92
51
18
5
0
0
0
0
21
73
154
219
243
238
221
209
204
204
203
203
203
203
203
203
203
201
187
146
81
29
7
0
0
0
0
21
73
154
220
246
247
241
235
233
233
233
233
233
233
233
233
232
230
215
167
92
33
8
0
0
0
0
21
73
154
219
243
238
221
209
204
204
203
203
203
203
203
203
203
201
187
146
81
29
7
0
0
0
0
21
73
154
218
236
213
172
141
129
127
127
127
127
127
127
127
127
126
118
92
51
18
5
0
0
0
0
21
73
154
217
229
189
124
75
56
53
53
53
52
52
52
52
52
52
49
38
21
8
2
0
0
0
0
21
73
154
217
225
177
99
41
18
14
14
13
13
13
13
13
13
13
13
10
6
2
1
0
0
0
0
21
73
154
217
225
175
94
32
8
4
3
3
3
3
3
3
3
3
3
2
1
1
1
0
0
0
0
21
73
154
217
225
175
94
32
7
2
1
1
1
1
1
1
1
1
1
1
1
1
1
0
0
0
0
21
73
154
217
225
175
94
32
7
2
1
1
1
1
1
1
1
1
1
1
1
1
1
0
0
0
0
21
73
154
217
225
175
93
31
7
1
1
0
0
0
0
0
0
0
0
0
0
0
0
0
0
0
0
21
73
154
217
225
175
93
31
7
1
1
0
0
0
0
0
0
0
0
0
0
0
0
0
0
0
0
21
73
154
217
225
175
93
31
7
1
1
0
0
0
0
0
0
0
0
0
0
0
0
0
0
0
0
21
73
154
217
225
175
93
31
7
1
1
0
0
0
0
0
0
0
0
0
0
0
0
0
0
0
0
21
73
154
217
225
175
93
31
7
1
1
0
0
0
0
0
0
0
0
0
0
0
0
0
0
0
0
21
73
154
217
225
175
93
31
7
1
1
0
0
0
0
0
0
0
0
0
0
0
0
0
0
0
0
21
73
154
216
224
174
93
31
7
1
1
0
0
0
0
0
0
0
0
0
0
0
0
0
0
0
0
21
73
153
215
223
174
93
31
7
1
1
0
0
0
0
0
0
0
0
0
0
0
0
0
0
0
0
21
72
151
211
218
170
91
31
7
1
1
0
0
0
0
0
0
0
0
0
0
0
0
0
0
0
0
20
65
136
189
196
153
82
28
6
1
1
0
0
0
0
0
0
0
0
0
0
0
0
0
0
0
0
14
47
98
137
142
111
60
20
4
1
1
0
0
0
0
0
0
0
0
0
0
0
0
0
0
0
0
0
0
0
0
0
0
0
0
0
0
0
0
0
0
0
0
0
0
0
0
0
0
0
0
0
0
0
0
0
0
0
0
0
0
0
0
0
0
0
0
0
0
0
0
0
0
0
0
0
0
0
0
