23
36
0
0
0
0
0
0
0
0
0
0
0
0
0
0
0
0
0
0
0
0
0
0
0
0
0
0
0
0
0
0
0
0
0
0
0
0
0
0
0
0
0
0
0
0
0
0
0
0
14
34
54
63
65
65
65
65
65
65
65
65
65
65
65
65
65
60
45
0
0
0
0
31
78
124
146
150
151
151
151
151
151
151
151
151
151
151
151
149
138
103
0
0
0
0
45
114
181
212
218
217
216
216
216
216
216
216
216
216
216
216
213
197
147
0
0
0
0
49
127
202
235
234
222
215
213
213
213
213
213
213
213
213
212
210
193
144
0
0
0
0
50
129
205
232
211
173
150
144
143
143
143
143
143
143
143
142
141
130
97
0
0
0
0
50
129
204
222
179
112
71
59
58
58
57
57
57
57
57
57
57
52
39
0
0
0
0
50
129
204
218
163
82
31
16
14
13
13
13
13
13
13
13
13
12
9
0
0
0
0
50
129
204
217
160
75
21
5
3
2
2
2
2
2
2
2
2
2
2
0
0
0
0
50
129
204
217
160
74
21
4
2
1
1
1
1
1
1
1
1
1
1
0
0
0
0
50
129
204
217
160
74
20
4
1
1
0
0
0
0
0
0
0
0
0
0
0
0
0
50
129
204
217
160
74
20
4
2
1
1
1
1
1
1
1
1
1
1
0
0
0
0
50
129
204
217
160
74
21
4
2
2
1
1
1
1
1
1
1
1
1
0
0
0
0
50
129
204
218
161
76
24
8
6
6
5
5
5
5
5
5
4
2
1
0
0
0
0
50
129
204
220
169
93
45
32
30
30
30
30
30
30
29
27
21
11
4
0
0
0
0
50
129
205
228
194
141
107
98
97
97
97
97
97
96
96
89
68
35
11
0
0
0
0
50
129
207
238
228
204
190
186
186
186
185
185
185
185
184
171
130
67
21
0
0
0
0
50
129
207
242
243
232
226
224
224
224
224
224
224
224
222
207
157
81
25
0
0
0
0
50
129
207
238
228
204
190
186
186
186
185
185
185
185
184
171
130
67
21
0
0
0
0
50
129
205
228
194
141
107
98
97
97
97
97
97
96
96
89
68
35
11
0
0
0
0
50
129
204
220
169
93
45
32
30
30
30
30
30
30
29
27
21
11
4
0
0
0
0
50
129
204
218
161
76
24
8
6
6
5
5
5
5
5
5
4
2
1
0
0
0
0
50
129
204
217
160
74
21
4
2
2
1
1
1
1
1
1
1
1
1
0
0
0
0
50
129
204
217
160
74
20
4
2
1
1
1
1
1
1
1
1
1
1
0
0
0
0
50
129
204
217
160
74
20
4
1
1
0
0
0
0
0
0
0
0
0
0
0
0
0
50
129
204
217
160
74
20
4
1
1
0
0
0
0
0
0
0
0
0
0
0
0
0
50
129
204
217
160
74
20
4
1
1
0
0
0
0
0
0
0
0
0
0
0
0
0
50
129
204
217
160
74
20
4
1
1
0
0
0
0
0
0
0
0
0
0
0
0
0
50
129
204
217
160
74
20
4
1
1
0
0
0
0
0
0
0
0
0
0
0
0
0
50
129
203
217
160
74
20
4
1
1
0
0
0
0
0
0
0
0
0
0
0
0
0
50
127
199
212
157
73
20
4
1
1
0
0
0
0
0
0
0
0
0
0
0
0
0
45
114
178
189
140
66
18
3
1
1
0
0
0
0
0
0
0
0
0
0
0
0
0
31
78
122
130
97
45
13
2
1
1
0
0
0
0
0
0
0
0
0
0
0
0
0
0
0
0
0
0
0
0
0
0
0
0
0
0
0
0
0
0
0
0
0
0
0
0
0
0
0
0
0
0
0
0
0
0
0
0
0
0
0
0
0
0
0
0
0
