22
31
0
0
0
0
0
0
0
0
0
0
0
0
0
0
0
0
0
0
0
0
0
0
0
0
0
0
0
0
0
0
0
0
0
0
0
0
0
0
0
0
0
0
0
0
0
0
55
124
167
167
124
55
12
0
0
0
0
0
0
0
0
0
0
0
0
0
0
0
73
167
225
225
167
73
15
0
0
0
0
0
0
0
0
0
0
0
0
0
0
0
78
178
240
240
178
78
16
0
0
0
0
0
0
0
0
0
0
0
0
0
0
0
78
178
240
240
178
78
16
0
0
0
0
0
0
0
0
0
0
0
0
0
0
0
78
178
240
240
178
78
16
0
0
0
0
0
0
0
0
0
0
0
0
0
0
0
78
178
240
240
178
79
21
12
15
16
15
12
5
1
0
0
0
0
0
0
0
0
78
178
240
241
183
93
50
59
74
78
74
59
34
15
5
1
0
0
0
0
0
0
78
178
240
244
201
139
120
147
171
178
171
147
105
65
30
9
1
0
0
0
0
0
78
178
240
251
232
205
201
221
236
240
236
221
190
147
89
37
9
1
0
0
0
0
78
178
240
255
251
244
241
240
240
241
243
246
240
215
161
89
30
5
0
0
0
0
78
178
240
255
255
247
226
198
182
182
198
226
246
246
214
143
58
12
0
0
0
0
78
178
240
255
247
219
167
113
85
85
113
167
219
246
236
175
81
19
0
0
0
0
78
178
240
251
226
167
95
42
20
20
42
95
167
226
240
197
109
35
0
0
0
0
78
178
240
244
198
113
42
9
1
1
9
42
113
198
240
221
147
59
0
0
0
0
78
178
240
241
182
85
20
1
0
0
1
20
85
182
240
236
171
74
0
0
0
0
78
178
240
240
178
78
16
0
0
0
0
16
78
178
240
240
178
78
0
0
0
0
78
178
240
240
178
78
16
0
0
0
0
16
78
178
240
240
178
78
0
0
0
0
78
178
240
240
178
78
16
0
0
0
0
16
78
178
240
240
178
78
0
0
0
0
78
178
240
240
178
78
16
0
0
0
1
20
85
182
240
236
171
74
0
0
0
0
78
178
240
241
183
88
27
5
1
1
9
42
113
198
240
221
147
59
0
0
0
0
78
178
240
244
201
128
71
35
20
20
42
95
167
225
236
190
105
34
0
0
0
0
78
178
240
251
232
195
152
109
85
85
113
167
219
242
221
151
66
15
0
0
0
0
78
178
240
255
251
241
222
197
182
182
198
225
242
233
186
104
34
5
0
0
0
0
78
178
240
255
251
244
241
240
240
241
243
242
225
187
131
61
15
1
0
0
0
0
73
167
225
236
221
200
200
221
236
240
236
214
166
108
61
24
5
0
0
0
0
0
55
124
167
171
147
115
115
147
171
178
171
143
90
41
15
5
1
0
0
0
0
0
24
55
73
74
59
39
39
59
74
78
74
58
30
9
1
0
0
0
0
0
0
0
0
0
0
0
0
0
0
0
0
0
0
0
0
0
0
0
0
0
0
0
0
0
0
0
0
0
0
0
0
0
0
0
0
0
0
0
0
0
0
0
0
0
