23
31
0
0
0
0
0
0
0
0
0
0
0
0
0
0
0
0
0
0
0
0
0
0
0
0
0
0
0
0
0
0
0
0
0
0
0
0
0
0
0
0
0
0
0
0
0
0
0
0
55
124
167
167
124
55
12
0
0
0
0
0
0
0
0
0
0
0
0
0
0
0
0
73
167
225
225
167
73
15
0
0
0
0
0
0
0
0
0
0
0
0
0
0
0
0
78
178
240
240
178
78
16
0
0
0
0
0
0
0
0
0
0
0
0
0
0
0
0
78
178
240
240
178
78
16
0
0
0
0
0
0
0
0
0
0
0
0
0
0
0
0
78
178
240
240
178
78
16
0
1
5
11
11
5
1
0
0
0
0
0
0
0
0
0
78
178
240
241
182
85
21
6
15
34
56
56
35
19
12
5
1
0
0
0
0
0
0
74
171
236
243
198
114
50
39
66
105
141
141
109
81
58
30
9
1
0
0
0
0
0
59
147
221
246
226
170
120
115
151
190
217
217
197
175
143
89
37
9
1
0
0
0
0
35
109
197
243
247
226
201
200
221
236
240
240
240
236
214
161
89
30
5
0
0
0
0
20
85
182
241
255
251
244
241
236
221
200
201
226
246
246
214
143
58
12
0
0
0
0
16
78
178
240
255
255
247
226
191
151
115
119
167
219
246
236
175
81
19
0
0
0
0
16
78
178
240
255
247
219
167
109
66
39
45
95
167
226
240
197
109
35
0
0
0
0
16
78
178
240
251
226
167
95
41
15
6
10
42
113
198
240
221
147
59
0
0
0
0
16
78
178
240
244
198
113
42
9
1
0
1
20
85
182
240
236
171
74
0
0
0
0
16
78
178
240
241
182
85
20
1
0
0
0
16
78
178
240
240
178
78
0
0
0
0
16
78
178
240
240
178
78
16
0
0
0
0
16
78
178
240
240
178
78
0
0
0
0
16
78
178
240
240
178
78
16
0
0
0
0
16
78
178
240
241
182
85
0
0
0
0
15
74
171
236
240
182
85
20
1
0
0
0
16
78
178
240
243
193
102
0
0
0
0
12
59
147
221
240
197
109
35
5
0
0
1
20
85
182
241
246
202
116
0
0
0
0
5
35
109
197
240
222
152
70
22
6
6
15
45
114
198
243
240
186
99
0
0
0
0
1
20
85
182
240
241
195
125
70
39
39
66
110
170
226
246
222
151
66
0
0
0
0
0
16
78
178
240
251
232
195
152
115
115
151
191
225
242
233
186
104
34
0
0
0
0
0
16
78
178
240
255
251
241
222
200
200
222
240
242
225
187
131
61
15
0
0
0
0
0
16
78
178
240
255
251
244
241
240
240
240
236
214
166
108
61
24
5
0
0
0
0
0
15
73
167
225
236
221
200
200
217
217
197
175
143
90
41
15
5
1
0
0
0
0
0
12
55
124
167
171
147
115
115
141
141
109
81
58
30
9
1
0
0
0
0
0
0
0
5
24
55
73
74
59
39
39
56
56
35
19
12
5
1
0
0
0
0
0
0
0
0
0
0
0
0
0
0
0
0
0
0
0
0
0
0
0
0
0
0
0
0
0
0
0
0
0
0
0
0
0
0
0
0
0
0
0
0
0
0
0
0
0
0
0
