24
30
0
0
0
0
0
0
0
0
0
0
0
0
0
0
0
0
0
0
0
0
0
0
0
0
0
0
0
0
0
0
0
0
0
0
0
0
0
0
0
0
0
0
0
0
0
0
0
0
0
0
79
139
160
128
61
15
1
0
0
0
0
0
0
0
0
0
0
0
0
0
0
0
0
0
112
191
221
185
104
34
5
0
0
0
0
0
0
0
0
0
0
0
0
0
0
0
0
0
102
193
239
221
147
59
12
0
0
0
0
0
0
0
0
0
0
0
0
0
0
0
0
0
85
182
240
236
171
74
15
0
0
0
0
0
0
0
0
0
0
0
0
0
0
0
0
0
78
178
240
240
178
78
17
5
12
15
15
13
10
12
11
5
1
0
0
0
0
0
0
0
78
178
240
241
182
85
25
25
55
73
74
63
54
59
55
30
9
1
0
0
0
0
0
0
74
171
236
243
198
114
57
70
128
168
171
154
140
147
137
89
37
9
1
0
0
0
0
0
59
147
221
246
226
170
124
134
190
229
236
225
215
221
211
161
89
30
5
0
0
0
0
0
35
109
197
243
247
226
201
200
221
236
240
241
244
250
246
214
143
58
12
0
0
0
0
0
20
85
182
241
255
251
241
222
197
182
182
198
226
247
254
237
175
81
19
1
0
0
0
0
16
78
178
240
255
255
241
195
128
88
85
113
166
215
241
240
197
113
42
9
0
0
0
0
15
74
171
236
255
251
222
152
71
27
20
42
90
148
195
227
221
166
90
30
0
0
0
0
12
59
147
221
251
244
197
109
35
5
1
9
30
70
128
200
236
214
143
58
0
0
0
0
5
35
109
197
244
241
182
85
20
1
0
1
5
27
88
183
240
236
171
74
0
0
0
0
1
20
85
182
241
240
178
78
16
0
0
0
0
16
78
178
240
240
178
78
0
0
0
0
0
16
78
178
240
240
178
78
16
0
0
0
0
16
78
178
240
240
178
78
0
0
0
0
0
16
78
178
240
240
178
78
16
0
0
0
0
16
78
178
240
240
178
78
0
0
0
0
0
15
74
171
236
240
182
85
20
1
0
0
1
20
85
182
241
240
178
78
0
0
0
0
0
12
59
147
221
240
197
110
39
12
4
1
5
35
109
197
243
236
171
74
0
0
0
0
0
5
35
109
197
240
222
156
85
51
31
20
27
71
152
222
246
221
147
59
0
0
0
0
0
1
20
85
182
240
241
201
153
127
102
85
88
128
194
236
233
186
104
34
0
0
0
0
0
0
16
78
178
240
251
236
216
207
193
182
183
200
224
221
187
131
61
15
0
0
0
0
0
0
16
78
178
240
255
251
243
237
233
236
240
240
221
170
109
61
24
5
0
0
0
0
0
0
15
74
171
236
255
251
232
205
201
221
236
229
186
109
44
15
5
1
0
0
0
0
0
0
12
58
142
210
236
229
190
134
119
147
171
168
128
61
15
1
0
0
0
0
0
0
0
0
5
30
85
142
171
168
128
70
45
59
74
73
55
24
5
0
0
0
0
0
0
0
0
0
0
0
0
0
0
0
0
0
0
0
0
0
0
0
0
0
0
0
0
0
0
0
0
0
0
0
0
0
0
0
0
0
0
0
0
0
0
0
0
0
0
0
0
0
