25
30
0
0
0
0
0
0
0
0
0
0
0
0
0
0
0
0
0
0
0
0
0
0
0
0
0
0
0
0
0
0
0
0
0
0
0
0
0
0
0
0
0
0
0
0
0
0
0
0
0
0
0
0
55
78
104
120
96
47
13
2
0
0
0
0
0
0
0
0
0
0
0
0
0
0
0
0
0
109
159
191
199
159
83
26
4
0
0
0
0
0
0
0
0
0
0
0
0
0
0
0
0
0
123
197
236
237
190
103
33
5
0
0
0
0
0
0
0
0
0
0
0
0
0
0
0
0
0
114
199
245
245
199
114
39
7
1
1
5
11
12
8
4
2
1
1
0
0
0
0
0
0
0
103
191
241
247
211
135
59
20
13
19
35
57
62
47
29
19
10
3
1
0
0
0
0
0
0
86
169
230
249
230
170
94
54
60
80
109
144
151
126
96
73
45
20
6
2
1
0
0
0
0
57
135
211
247
242
196
130
107
137
172
196
219
224
207
183
157
114
67
29
8
1
0
0
0
0
39
111
195
242
247
216
170
163
199
231
243
247
245
242
236
222
188
136
73
25
5
0
0
0
0
30
93
174
231
249
239
219
217
234
243
239
226
217
228
244
248
233
192
120
50
12
0
0
0
0
21
68
142
213
247
252
247
242
230
209
183
158
147
177
222
248
249
222
159
80
26
0
0
0
0
11
47
118
200
245
255
252
232
188
135
93
68
67
111
180
230
249
238
193
119
50
0
0
0
0
6
35
104
191
241
255
246
208
136
67
29
15
20
58
127
195
237
247
224
164
83
0
0
0
0
4
26
86
169
230
252
243
195
110
38
7
1
4
24
74
149
216
248
240
189
102
0
0
0
0
2
14
57
135
211
247
243
194
106
34
5
0
1
9
42
115
197
243
244
197
109
0
0
0
0
1
7
39
114
199
245
245
199
113
39
7
1
0
4
27
91
176
234
244
204
121
0
0
0
0
0
5
33
103
191
241
247
211
135
57
14
2
0
2
17
69
155
223
244
214
138
0
0
0
0
0
4
26
86
169
230
249
230
169
86
26
4
0
1
14
64
151
222
244
213
135
0
0
0
0
0
2
14
57
135
211
247
242
191
104
34
5
0
2
18
72
161
227
243
205
122
0
0
0
0
0
1
7
39
114
199
245
246
202
121
50
17
10
15
37
95
178
235
243
201
116
0
0
0
0
0
0
5
33
103
191
241
248
218
158
100
66
54
66
93
141
203
240
237
190
108
0
0
0
0
0
0
4
26
86
169
230
250
240
213
181
153
140
156
180
205
228
231
205
148
76
0
0
0
0
0
0
2
14
57
135
211
247
253
247
237
223
216
226
238
241
227
190
139
82
34
0
0
0
0
0
0
1
7
38
109
194
242
255
255
251
245
243
245
243
231
192
124
65
28
9
0
0
0
0
0
0
0
4
26
86
169
230
251
248
232
218
216
213
195
172
130
66
22
5
1
0
0
0
0
0
0
0
2
14
55
128
199
229
216
177
146
140
134
106
80
55
24
6
1
0
0
0
0
0
0
0
0
1
6
29
81
140
164
145
97
62
55
51
34
19
12
5
1
0
0
0
0
0
0
0
0
0
0
0
0
0
0
0
0
0
0
0
0
0
0
0
0
0
0
0
0
0
0
0
0
0
0
0
0
0
0
0
0
0
0
0
0
0
0
0
0
0
0
0
0
0
0
