23
31
0
0
0
0
0
0
0
0
0
0
0
0
0
0
0
0
0
0
0
0
0
0
0
0
0
0
0
0
0
0
0
0
0
0
0
0
0
0
0
0
0
0
0
0
0
0
0
0
0
12
55
124
167
167
124
55
12
0
0
0
0
0
0
0
0
0
0
0
0
0
0
0
15
73
167
225
225
167
73
15
0
0
0
0
0
0
0
0
0
0
0
0
0
0
0
16
78
178
240
240
178
78
16
0
0
0
0
0
0
0
0
0
0
0
0
0
0
0
16
78
178
240
240
178
78
16
0
0
0
0
0
0
0
0
0
0
0
0
0
0
0
16
78
178
240
240
178
78
16
0
0
0
0
0
0
0
0
0
0
0
0
0
0
0
16
78
178
240
240
178
79
21
11
11
5
1
0
0
0
0
0
0
0
0
0
0
1
20
85
182
241
241
183
93
50
56
56
34
15
5
1
0
0
0
0
0
0
0
0
5
35
109
197
244
244
201
139
120
141
141
105
66
34
15
5
1
0
0
0
0
0
0
12
59
147
221
251
251
232
205
201
217
217
190
151
105
65
30
9
1
0
0
0
0
0
15
74
171
236
255
255
250
241
234
236
239
236
221
190
147
89
37
9
1
0
0
0
0
16
78
178
240
255
255
247
226
198
185
198
225
242
240
215
161
89
30
5
0
0
0
0
16
78
178
240
255
247
219
167
113
91
113
167
219
246
246
214
143
58
12
0
0
0
0
16
78
178
240
251
226
167
95
42
24
42
94
163
219
246
236
175
81
19
0
0
0
0
16
78
178
240
244
198
113
42
9
2
9
37
94
167
226
240
197
109
35
0
0
0
0
16
78
178
240
241
182
85
20
1
0
1
9
42
113
198
240
221
147
59
0
0
0
0
16
78
178
240
240
178
78
16
0
0
0
1
20
85
182
240
236
171
74
0
0
0
0
16
78
178
240
240
178
78
16
0
0
0
0
16
78
178
240
240
178
78
0
0
0
0
20
85
182
241
240
178
78
16
0
0
0
0
16
78
178
240
240
178
78
0
0
0
0
35
109
197
243
236
171
74
15
0
0
0
1
20
85
182
240
236
171
74
0
0
0
0
59
147
221
247
226
157
70
16
1
0
1
9
42
113
197
236
214
143
58
0
0
0
0
74
171
236
248
220
159
89
40
19
13
14
38
94
167
221
221
166
90
30
0
0
0
0
78
178
240
252
236
201
156
110
81
63
60
98
163
218
232
190
109
41
9
0
0
0
0
78
178
240
255
251
241
222
197
175
154
143
173
219
242
221
151
66
15
1
0
0
0
0
78
178
240
255
251
244
241
240
236
225
216
228
242
233
186
104
34
5
0
0
0
0
0
73
167
225
236
221
200
200
221
236
241
243
242
225
187
131
61
15
1
0
0
0
0
0
55
124
167
171
147
115
115
147
175
197
217
211
166
108
61
24
5
0
0
0
0
0
0
24
55
73
74
59
39
39
59
81
109
141
137
90
41
15
5
1
0
0
0
0
0
0
0
0
0
0
0
0
0
0
0
0
0
0
0
0
0
0
0
0
0
0
0
0
0
0
0
0
0
0
0
0
0
0
0
0
0
0
0
0
0
0
0
0
0
0
