22
32
0
0
0
0
0
0
0
0
0
0
0
0
0
0
0
0
0
0
0
0
0
0
0
0
0
0
0
0
0
0
0
0
0
0
0
0
0
0
0
0
0
0
0
0
0
0
0
0
12
55
117
136
104
61
24
5
0
0
0
0
0
0
0
0
0
0
0
0
0
0
15
73
163
206
185
128
55
12
0
0
0
0
0
0
0
0
0
0
0
0
0
0
16
78
177
235
229
168
73
15
0
0
0
0
0
0
0
0
0
0
0
0
0
0
16
78
178
240
240
178
78
16
0
0
0
0
0
0
0
0
0
0
0
0
0
1
20
85
182
240
236
171
74
15
0
0
0
0
0
0
0
0
0
0
0
0
0
5
35
109
197
240
221
147
59
12
0
0
0
0
0
0
0
0
0
0
0
0
0
12
59
147
221
240
197
110
40
15
11
5
1
0
0
0
0
0
0
0
0
0
0
15
74
171
236
241
186
100
54
57
56
35
19
12
5
1
0
0
0
0
0
0
0
16
78
178
240
244
201
139
120
141
141
109
81
59
34
15
5
1
0
0
0
0
1
20
85
182
241
251
232
205
201
217
217
197
175
147
105
65
30
9
0
0
0
0
5
35
109
197
244
255
250
241
234
236
239
240
236
221
190
146
85
30
0
0
0
0
12
59
147
221
251
255
247
226
198
185
198
226
246
250
241
211
142
58
0
0
0
0
15
74
171
236
254
247
219
167
113
91
113
167
219
247
254
236
171
74
0
0
0
0
16
78
178
240
251
226
167
95
42
24
42
94
163
219
247
239
178
78
0
0
0
0
16
78
178
240
244
198
113
42
9
2
9
37
94
167
226
236
182
85
0
0
0
0
20
85
182
240
237
175
81
19
1
0
1
9
42
113
198
233
197
109
0
0
0
0
35
109
197
240
221
147
59
12
0
0
0
2
24
91
185
236
217
141
0
0
0
0
59
147
221
240
197
109
35
5
0
0
0
5
35
109
197
239
217
141
0
0
0
0
74
171
236
240
182
85
20
1
0
0
0
12
59
147
221
240
197
109
0
0
0
0
78
178
240
240
178
78
16
0
0
0
0
15
74
171
236
240
182
85
0
0
0
0
78
178
240
241
183
88
27
5
1
0
1
20
85
182
241
240
178
78
0
0
0
0
85
182
241
244
201
128
71
35
19
13
14
43
113
198
243
236
171
74
0
0
0
0
109
197
244
251
232
195
152
109
81
63
60
99
166
221
236
211
142
58
0
0
0
0
147
221
251
255
251
241
222
197
175
154
143
173
214
224
194
147
85
30
0
0
0
0
160
221
239
240
241
243
246
243
237
225
215
225
226
190
124
69
30
9
0
0
0
0
124
167
178
178
182
197
221
237
243
246
240
222
186
132
65
22
5
1
0
0
0
0
55
73
78
78
85
109
147
175
197
217
211
166
108
61
24
5
0
0
0
0
0
0
12
15
16
16
20
35
59
81
109
141
137
90
41
15
5
1
0
0
0
0
0
0
0
0
0
0
0
0
0
0
0
0
0
0
0
0
0
0
0
0
0
0
0
0
0
0
0
0
0
0
0
0
0
0
0
0
0
0
0
0
0
0
0
0
