23
32
0
0
0
0
0
0
0
0
0
0
0
0
0
0
0
0
0
0
0
0
0
0
0
0
0
0
0
0
0
0
0
0
0
0
0
0
0
0
0
0
0
0
0
0
0
0
0
0
0
0
0
2
13
47
96
120
104
77
50
21
5
0
0
0
0
0
0
0
0
0
0
0
0
0
4
26
83
159
199
191
157
102
42
8
0
0
0
0
0
0
0
0
0
0
0
0
0
5
33
103
190
237
236
195
118
43
8
0
0
0
0
0
0
0
0
0
0
0
0
1
7
39
114
199
245
245
199
112
37
6
0
0
0
0
0
0
0
0
0
0
0
0
2
14
57
135
211
247
241
191
103
33
5
0
0
0
0
0
0
0
0
0
0
0
0
4
26
86
169
230
249
230
169
86
26
4
0
0
0
0
0
0
0
0
0
0
0
0
5
33
103
191
241
247
211
135
57
14
2
0
0
0
0
0
0
0
0
0
0
0
1
7
39
114
199
245
246
202
120
48
19
15
12
5
1
0
0
0
0
0
0
0
0
2
14
57
135
211
248
248
211
141
81
68
70
59
32
12
3
1
0
0
0
0
0
0
4
26
86
169
230
252
252
232
190
156
157
164
145
97
52
22
8
2
0
0
0
0
1
6
35
104
191
241
255
255
249
234
221
226
232
217
177
126
77
37
12
0
0
0
0
2
11
47
118
200
245
254
251
245
238
234
236
239
238
228
201
155
94
37
0
0
0
0
4
21
68
142
213
247
248
229
202
185
179
179
185
204
231
239
214
151
69
0
0
0
0
5
30
93
174
231
248
231
182
125
90
79
80
95
142
207
244
237
180
91
0
0
0
0
7
39
111
195
242
247
210
135
63
26
17
19
40
101
188
240
240
190
104
0
0
0
0
14
57
135
211
247
242
193
108
37
6
1
3
22
82
171
232
243
204
125
0
0
0
0
26
86
169
230
249
230
169
86
26
4
0
2
16
68
154
222
245
218
146
0
0
0
0
33
103
191
241
247
211
135
57
14
2
0
2
18
69
154
222
245
220
149
0
0
0
0
39
114
199
245
245
199
114
39
7
1
0
4
27
89
175
233
245
208
129
0
0
0
0
57
135
211
247
242
192
104
33
5
1
1
8
39
108
193
242
244
199
113
0
0
0
0
86
169
230
250
236
181
97
31
5
1
6
23
65
131
205
245
241
190
103
0
0
0
0
103
191
241
251
232
181
108
48
18
8
19
58
116
173
222
243
225
164
83
0
0
0
0
114
199
245
253
242
211
162
109
68
44
56
110
174
217
241
238
196
119
49
0
0
0
0
127
207
247
255
252
242
222
191
153
121
128
173
220
243
248
227
165
81
24
0
0
0
0
128
199
233
241
245
248
248
240
223
203
205
226
244
247
233
196
129
54
12
0
0
0
0
85
141
172
185
198
216
232
242
246
244
242
242
239
220
183
134
79
30
6
0
0
0
0
32
59
76
89
111
140
168
194
220
231
222
207
192
156
104
61
30
11
2
0
0
0
0
5
12
17
23
37
55
76
107
146
162
149
127
110
78
39
15
6
2
1
0
0
0
0
0
0
0
0
0
0
0
0
0
0
0
0
0
0
0
0
0
0
0
0
0
0
0
0
0
0
0
0
0
0
0
0
0
0
0
0
0
0
0
0
0
0
0
0
