44
37
0
0
0
0
0
0
0
0
0
0
0
0
0
0
0
0
0
0
0
0
0
0
0
0
0
0
0
0
0
0
0
0
0
0
0
0
0
0
0
0
0
0
0
0
0
0
0
0
0
0
0
0
0
0
0
0
0
0
0
0
0
0
0
0
0
0
0
0
0
0
0
0
0
0
0
0
0
0
0
0
0
0
0
0
0
0
0
0
0
0
35
55
62
55
35
14
4
1
1
1
0
0
1
1
1
3
14
36
55
64
64
57
39
17
4
1
1
1
0
0
1
1
1
3
12
32
52
61
55
36
0
0
0
0
78
124
142
128
85
36
9
2
1
1
0
0
1
1
1
9
36
86
129
147
148
133
94
43
11
2
1
1
0
0
1
1
1
7
31
78
123
141
125
80
0
0
0
0
106
174
206
191
134
61
17
3
1
1
0
0
1
1
3
17
63
137
194
216
217
199
147
73
21
4
1
1
0
0
1
1
3
14
53
124
185
205
177
110
0
0
0
0
102
182
227
222
165
84
26
5
1
1
1
1
1
1
5
27
88
171
227
245
246
232
182
100
34
6
1
1
1
1
1
1
5
23
76
157
217
229
187
109
0
0
0
0
84
166
225
232
187
106
38
8
2
1
1
1
1
1
9
41
113
194
240
253
253
244
204
126
49
11
2
1
1
1
1
2
7
34
99
181
230
227
173
90
0
0
0
0
65
146
215
236
204
129
53
13
2
1
1
1
1
2
15
59
139
213
247
254
255
249
220
152
68
18
3
1
1
1
1
2
11
48
122
199
235
218
152
71
0
0
0
0
49
124
201
236
219
153
72
21
4
1
1
1
1
4
24
81
166
228
251
255
255
253
233
175
90
28
5
1
1
1
1
3
17
64
144
214
237
205
131
54
0
0
0
0
35
101
182
232
229
176
94
32
7
2
1
1
1
8
38
107
189
239
253
253
253
253
242
196
115
42
9
2
1
1
2
5
26
83
166
225
233
189
108
39
0
0
0
0
23
78
161
223
235
195
116
44
10
2
1
1
2
13
54
133
209
245
248
242
241
248
246
214
141
60
15
3
1
1
2
9
38
106
186
233
226
168
85
27
0
0
0
0
15
58
137
210
237
211
138
59
16
3
1
1
4
21
74
158
224
246
234
213
211
232
245
227
166
81
24
4
1
1
3
14
54
130
205
237
215
145
65
17
0
0
0
0
9
41
112
193
235
223
160
78
23
5
2
2
7
32
97
181
234
242
212
170
167
207
240
237
188
106
37
8
2
2
4
21
72
153
219
236
199
121
47
11
0
0
0
0
6
29
90
173
229
231
180
98
34
8
3
3
11
47
121
200
241
235
187
128
123
179
231
242
208
133
55
14
3
2
7
30
92
174
229
231
180
97
33
7
0
0
0
0
3
19
69
150
218
236
199
122
48
12
4
4
18
65
147
217
243
223
160
91
86
150
217
243
224
159
76
22
5
3
10
42
113
193
235
221
157
75
22
4
0
0
0
0
2
12
50
125
203
236
215
146
66
19
5
7
28
87
170
229
241
206
130
61
56
120
198
239
234
181
98
33
8
5
15
57
135
209
236
208
133
55
14
3
0
0
0
0
2
7
34
101
183
232
226
168
86
28
8
11
43
113
192
237
235
185
102
39
35
92
175
231
240
201
122
48
13
7
23
76
157
221
234
190
109
39
8
2
0
0
0
0
1
4
23
77
160
223
233
188
106
39
12
18
61
139
211
242
226
163
79
24
21
68
151
220
243
217
147
66
20
11
34
98
179
230
227
170
86
27
5
1
0
0
0
0
1
3
14
58
136
210
235
203
127
52
17
26
80
162
225
242
213
139
59
15
12
49
126
204
241
229
170
88
30
17
48
121
199
235
215
146
65
17
3
1
0
0
0
0
1
2
9
41
112
193
233
216
149
70
26
38
102
184
234
238
193
112
41
9
7
33
98
182
234
237
191
111
43
25
64
143
213
235
199
121
47
11
2
1
0
0
0
0
1
1
5
28
89
172
227
226
172
91
40
55
126
203
240
228
168
84
25
4
3
20
72
154
221
240
208
135
60
38
83
164
223
229
179
97
32
6
1
1
0
0
0
0
1
1
3
19
68
149
217
233
193
115
60
77
151
218
241
212
139
59
14
2
2
11
49
125
203
238
222
158
82
57
105
184
230
220
156
74
21
4
1
1
0
0
0
0
1
1
2
12
51
126
203
234
209
139
84
102
174
229
236
191
109
38
7
1
1
6
31
95
179
231
232
181
108
81
130
201
233
207
133
55
14
2
1
1
0
0
0
0
1
1
2
8
36
103
184
230
220
162
111
129
194
235
225
164
80
23
4
1
1
3
18
69
151
218
236
200
135
109
155
215
232
191
110
40
9
2
1
1
0
0
0
0
1
1
1
5
24
80
162
222
227
185
144
160
211
236
209
135
56
13
2
1
1
2
10
47
121
200
235
215
165
144
181
225
225
170
88
28
5
1
1
1
0
0
0
0
1
1
1
3
15
60
138
209
232
212
186
197
228
233
189
107
37
7
1
1
1
1
5
30
94
178
229
229
198
183
207
232
214
147
66
18
3
1
1
1
0
0
0
0
0
1
1
2
10
43
114
193
234
235
225
231
241
226
167
83
24
4
1
1
1
1
3
19
72
155
220
238
227
221
231
235
199
122
48
11
2
1
1
0
0
0
0
0
0
1
1
1
6
29
90
172
228
246
246
248
244
212
141
61
15
2
1
1
1
1
2
12
52
128
204
240
245
244
245
231
180
98
34
7
1
1
1
0
0
0
0
0
0
1
1
1
3
19
69
150
217
246
252
251
238
192
112
41
9
1
1
1
1
1
1
7
34
100
181
233
250
252
247
222
158
76
22
4
1
1
1
0
0
0
0
0
0
0
1
1
2
12
51
126
202
241
252
249
227
167
84
26
5
1
1
1
1
1
1
3
21
73
154
219
247
252
243
207
134
57
14
3
1
1
0
0
0
0
0
0
0
0
1
1
2
8
36
102
183
233
249
243
210
138
60
15
2
1
1
1
0
1
1
2
12
51
125
201
240
249
236
189
110
40
9
2
1
1
0
0
0
0
0
0
0
0
1
1
2
5
24
79
159
219
241
231
186
109
40
8
1
1
1
0
0
1
1
1
7
33
97
176
226
240
223
167
86
28
6
2
1
1
0
0
0
0
0
0
0
0
1
1
1
3
15
56
126
186
211
199
150
78
25
4
1
1
1
0
0
1
1
1
4
20
68
139
193
210
190
132
61
17
3
1
1
1
0
0
0
0
0
0
0
0
1
1
1
2
8
32
79
123
142
132
94
44
13
2
1
1
1
0
0
0
1
1
2
10
38
86
127
141
125
82
35
9
2
1
1
1
0
0
0
0
0
0
0
0
0
1
1
1
3
13
33
53
61
56
38
17
5
1
1
1
0
0
0
0
1
1
1
4
14
35
54
61
53
33
13
3
1
1
1
0
0
0
0
0
0
0
0
0
0
0
0
0
0
0
0
0
0
0
0
0
0
0
0
0
0
0
0
0
0
0
0
0
0
0
0
0
0
0
0
0
0
0
0
0
0
0
0
0
0
0
0
0
0
0
0
0
0
0
0
0
0
0
0
0
0
0
0
0
0
0
0
0
0
0
0
0
0
0
0
0
0
0
0
0
0
0
0
0
0
0
0
0
