52
43
0
0
0
0
0
0
0
0
0
0
0
0
0
0
0
0
0
0
0
0
0
0
0
0
0
0
0
0
0
0
0
0
0
0
0
0
0
0
0
0
0
0
0
0
0
0
0
0
0
0
0
0
0
0
0
0
0
0
0
0
0
0
0
0
0
0
0
0
0
0
0
0
0
0
0
0
0
0
0
0
0
0
0
0
0
0
0
0
0
0
0
0
0
0
0
0
0
0
0
0
0
0
0
0
0
0
44
66
76
74
61
38
16
4
1
1
1
1
0
0
1
1
1
1
3
12
32
56
73
79
79
74
60
36
14
4
1
1
1
1
0
0
0
1
1
1
3
13
33
57
72
76
67
46
0
0
0
0
86
129
151
148
123
78
34
9
2
1
1
1
0
0
1
1
1
1
6
26
68
115
146
157
157
149
122
76
31
8
2
1
1
1
0
0
1
1
1
2
7
28
70
116
145
150
131
88
0
0
0
0
112
174
207
208
177
118
54
16
4
2
1
1
0
0
1
1
1
2
11
43
104
167
206
218
219
209
177
115
51
14
3
1
1
1
0
0
1
1
1
3
13
46
107
169
204
207
177
116
0
0
0
0
111
182
226
234
207
146
73
24
6
2
1
1
0
0
1
1
1
4
18
61
133
200
235
245
245
238
209
146
72
23
5
2
1
1
0
0
1
1
2
5
20
64
136
200
232
228
188
117
0
0
0
0
94
169
222
240
222
167
91
34
8
2
1
1
1
1
1
1
2
6
27
80
156
218
246
252
252
248
225
170
94
34
8
2
1
1
1
1
1
1
2
8
30
84
159
217
240
226
176
102
0
0
0
0
76
151
213
240
231
185
112
46
13
3
1
1
1
1
1
1
2
9
39
102
177
230
250
254
254
252
236
190
116
47
12
3
1
1
1
1
1
1
3
12
42
105
179
228
241
217
158
83
0
0
0
0
60
132
201
238
238
202
133
62
19
4
2
1
1
1
1
1
3
15
54
125
197
239
253
255
255
254
243
207
139
64
19
4
1
1
1
1
1
2
4
17
56
126
196
236
239
205
139
66
0
0
0
0
46
112
185
232
242
216
155
81
28
7
2
1
1
1
1
2
5
24
74
150
214
246
254
255
255
255
249
222
161
84
29
7
2
1
1
1
1
2
6
23
71
146
210
241
234
191
119
51
0
0
0
0
34
91
166
222
243
227
176
102
41
11
3
1
1
1
1
2
9
37
97
173
228
250
254
254
254
254
252
233
181
106
42
11
2
1
1
1
1
3
9
33
89
165
222
242
226
173
99
38
0
0
0
0
23
71
145
210
241
235
194
122
54
16
4
2
1
1
1
3
14
51
121
193
237
252
251
248
247
251
252
240
200
129
57
16
3
1
1
1
2
4
13
46
110
183
231
241
215
153
79
27
0
0
0
0
15
54
123
194
236
240
208
142
69
23
5
2
1
1
2
5
21
69
144
210
244
249
240
228
228
239
249
245
216
152
76
25
6
2
1
1
2
5
19
62
132
201
238
238
200
132
60
18
0
0
0
0
10
39
101
175
228
242
220
161
87
32
8
2
1
1
2
8
31
88
166
224
247
244
221
194
192
217
241
248
228
174
96
36
9
2
1
1
2
7
28
80
154
216
242
232
184
111
45
12
0
0
0
0
7
28
80
155
217
242
230
180
106
43
12
3
2
2
3
12
44
109
185
234
249
235
196
153
149
189
231
248
237
193
120
52
15
4
2
2
3
10
39
99
173
227
243
222
165
90
33
8
0
0
0
0
4
19
63
135
204
239
236
196
125
57
18
5
2
2
5
19
61
132
202
241
247
224
170
115
110
160
217
245
243
211
145
72
24
6
2
2
4
15
52
118
190
234
241
209
143
70
23
5
0
0
0
0
3
13
47
113
186
233
241
211
146
74
25
7
3
3
7
28
80
155
217
245
242
208
144
83
78
133
200
239
247
225
169
93
35
9
3
3
6
21
67
138
206
239
236
193
121
53
15
4
0
0
0
0
2
8
34
91
166
224
243
224
168
94
36
10
4
4
11
39
100
176
229
247
234
189
117
57
52
106
179
230
247
235
188
114
48
14
5
4
8
30
84
158
218
242
227
174
99
38
10
2
0
0
0
0
2
5
23
71
145
211
241
233
187
115
49
15
5
6
17
55
123
195
238
246
223
166
91
37
33
80
155
217
245
241
204
135
64
21
6
5
12
41
102
176
228
242
216
152
78
27
6
2
0
0
0
0
1
3
15
54
122
194
236
238
203
135
64
21
7
8
26
75
148
212
243
243
210
143
69
23
20
59
131
201
240
245
219
158
83
30
9
6
17
55
123
193
235
238
202
132
60
18
4
1
0
0
0
0
1
2
10
39
100
175
227
241
216
154
80
29
9
12
37
96
171
226
247
238
194
122
52
15
12
42
108
183
233
247
230
178
104
42
13
9
25
73
145
209
240
232
184
110
46
12
3
1
0
0
0
0
1
2
6
27
80
154
216
241
226
172
98
39
13
17
50
116
189
235
247
229
176
100
38
9
7
30
86
162
222
246
238
196
126
57
19
13
35
91
165
222
242
222
164
89
33
8
2
1
0
0
0
0
1
1
4
19
62
133
202
238
233
188
117
51
19
24
66
137
205
241
245
216
153
78
26
6
4
20
65
138
206
242
243
212
148
75
27
18
47
111
183
231
240
209
142
69
22
5
2
1
0
0
0
0
1
1
3
13
46
111
185
231
238
204
139
68
28
34
86
159
219
245
239
198
127
56
16
3
3
12
45
112
186
234
246
224
168
94
38
26
60
130
198
236
235
193
120
52
15
3
1
1
0
0
0
0
1
1
2
8
33
90
165
222
240
219
161
88
41
48
107
179
230
246
229
176
100
38
9
2
2
6
30
86
162
221
245
233
186
115
53
37
77
149
212
239
226
173
98
38
10
2
1
1
0
0
0
0
1
1
2
5
23
71
145
210
240
229
180
109
58
67
129
197
238
243
214
150
75
25
5
1
1
4
19
63
135
204
240
240
203
137
72
54
97
169
223
239
214
152
77
26
6
2
1
1
0
0
0
0
1
1
1
4
16
55
124
195
236
236
196
129
78
89
151
212
242
237
196
123
53
15
3
1
1
2
11
43
108
183
232
243
218
159
94
75
119
187
232
237
201
131
60
18
4
1
1
1
0
0
0
0
1
1
1
3
11
41
103
177
228
239
209
150
101
112
171
224
243
226
172
96
36
8
2
1
1
1
6
28
83
158
219
242
228
178
118
99
142
203
237
231
185
111
46
13
3
1
1
1
0
0
0
0
1
1
1
2
7
29
82
156
216
238
220
170
128
139
189
232
241
211
146
72
23
5
1
1
1
1
3
18
60
131
201
238
235
196
145
128
166
216
238
221
165
90
34
8
2
1
1
1
0
0
0
0
1
1
1
2
4
19
63
135
202
235
229
195
164
173
210
238
235
193
120
51
14
3
1
1
1
1
2
11
42
105
181
230
239
214
176
163
190
226
237
208
144
71
23
5
2
1
1
1
0
0
0
0
0
1
1
1
3
13
47
113
185
230
237
221
204
210
230
242
227
174
97
36
8
2
1
1
1
1
1
6
29
84
161
220
240
230
208
199
216
236
233
193
122
53
15
3
1
1
1
0
0
0
0
0
0
1
1
1
2
8
34
92
166
221
242
240
235
237
244
243
215
152
76
25
5
1
1
1
1
1
1
4
19
65
138
205
239
242
233
230
237
242
226
174
101
39
10
2
1
1
1
0
0
0
0
0
0
1
1
1
2
6
24
72
145
209
242
249
249
250
250
238
197
127
57
16
3
1
1
1
1
1
1
2
12
47
113
186
232
247
248
247
248
243
215
154
80
28
7
2
1
1
1
0
0
0
0
0
0
0
1
1
2
4
16
55
123
193
236
250
253
253
249
228
176
101
40
10
2
1
1
1
1
1
1
1
7
32
88
163
221
246
252
252
251
239
200
132
61
19
4
2
1
1
0
0
0
0
0
0
0
0
1
1
1
3
11
40
102
175
227
248
252
252
244
213
151
77
26
6
1
1
1
1
1
1
1
1
4
20
65
137
204
240
251
253
249
231
183
110
46
13
3
1
1
1
0
0
0
0
0
0
0
0
1
1
1
2
7
29
81
155
215
244
251
250
236
194
125
56
16
3
1
1
1
1
0
0
1
1
2
12
46
111
183
230
248
251
246
220
163
89
33
8
2
1
1
1
0
0
0
0
0
0
0
0
1
1
1
2
5
20
63
134
201
238
248
245
224
172
99
38
9
2
1
1
0
0
0
0
1
1
2
7
31
86
159
217
243
248
240
207
142
70
23
5
2
1
1
1
0
0
0
0
0
0
0
0
0
1
1
2
3
13
47
111
181
226
241
236
207
146
75
25
5
1
1
1
0
0
0
0
1
1
1
4
20
64
133
197
232
240
229
188
120
53
15
4
2
1
1
0
0
0
0
0
0
0
0
0
0
1
1
1
2
8
32
85
149
196
213
206
173
113
52
15
3
1
1
1
0
0
0
0
1
1
1
3
12
43
101
163
202
212
199
156
92
37
10
3
1
1
1
0
0
0
0
0
0
0
0
0
0
1
1
1
1
5
19
54
101
138
152
146
118
72
30
8
2
1
1
1
0
0
0
0
0
1
1
2
6
25
64
110
142
151
139
105
58
21
5
2
1
1
1
0
0
0
0
0
0
0
0
0
0
1
1
1
1
2
9
26
49
68
76
73
57
33
13
4
1
1
1
0
0
0
0
0
0
1
1
1
3
11
29
53
70
76
69
50
26
9
2
1
1
1
1
0
0
0
0
0
0
0
0
0
0
0
0
0
0
0
0
0
0
0
0
0
0
0
0
0
0
0
0
0
0
0
0
0
0
0
0
0
0
0
0
0
0
0
0
0
0
0
0
0
0
0
0
0
0
0
0
0
0
0
0
0
0
0
0
0
0
0
0
0
0
0
0
0
0
0
0
0
0
0
0
0
0
0
0
0
0
0
0
0
0
0
0
0
0
0
0
0
0
0
0
0
0
0
0
0
0
0
0
0
