52
37
0
0
0
0
0
0
0
0
0
0
0
0
0
0
0
0
0
0
0
0
0
0
0
0
0
0
0
0
0
0
0
0
0
0
0
0
0
0
0
0
0
0
0
0
0
0
0
0
0
0
0
0
0
0
0
0
0
0
0
0
0
0
0
0
0
0
0
0
0
0
0
0
0
0
0
0
0
0
0
0
0
0
0
0
0
0
0
0
0
0
0
0
0
0
0
0
0
0
0
0
0
0
0
0
0
0
37
56
65
63
52
32
13
4
1
1
1
1
0
0
1
1
1
1
3
10
27
48
62
66
67
63
51
31
12
3
1
1
1
1
0
0
1
1
1
1
3
11
29
49
62
64
57
38
0
0
0
0
80
121
142
140
117
75
33
9
2
1
1
1
0
0
1
1
1
1
6
25
65
109
138
148
148
141
116
73
30
8
2
1
1
1
0
0
1
1
1
2
7
27
67
111
138
142
123
83
0
0
0
0
107
169
203
206
177
120
56
17
4
2
1
1
0
0
1
1
1
3
12
45
106
168
204
216
216
208
177
118
54
16
3
1
1
1
0
0
1
1
1
3
14
48
109
169
203
204
173
112
0
0
0
0
104
175
222
234
211
152
79
28
7
2
1
1
1
0
1
1
2
5
21
67
140
204
237
246
246
240
213
153
79
27
6
2
1
1
0
1
1
1
2
6
24
71
143
204
233
225
182
111
0
0
0
0
85
159
217
240
227
176
103
41
11
3
1
1
1
1
1
1
2
8
33
92
167
224
248
253
253
250
230
180
106
41
10
2
1
1
1
1
1
1
3
10
37
95
169
223
240
221
166
92
0
0
0
0
65
137
203
238
236
197
128
58
18
4
2
1
1
1
1
1
3
14
51
119
191
236
252
255
255
253
241
202
133
60
17
4
1
1
1
1
1
2
4
15
53
120
191
234
239
208
143
70
0
0
0
0
47
113
185
231
241
215
154
80
28
7
2
1
1
1
1
1
5
24
74
149
213
245
254
255
255
254
248
220
159
83
29
7
2
1
1
1
1
2
6
23
71
144
209
240
234
191
120
52
0
0
0
0
33
88
163
220
242
228
178
105
43
12
3
1
1
1
1
2
10
39
101
176
229
250
253
252
252
253
251
233
184
109
44
12
3
1
1
1
1
3
10
35
93
167
223
242
224
170
96
37
0
0
0
0
21
66
137
204
239
237
199
129
60
19
5
2
1
1
1
4
17
58
129
199
239
250
246
239
239
246
250
242
205
137
64
20
4
1
1
1
2
4
16
52
118
189
233
240
209
145
73
24
0
0
0
0
13
46
111
183
231
241
215
153
79
28
7
2
1
1
2
6
27
80
156
218
246
246
229
208
206
226
244
247
222
164
88
32
8
2
1
1
2
6
25
72
144
209
240
234
191
120
52
15
0
0
0
0
8
31
86
160
219
242
227
175
102
41
11
3
2
2
3
11
42
105
180
231
248
237
201
163
159
195
233
247
235
188
115
49
14
4
2
2
3
10
37
94
168
224
242
224
169
95
36
9
0
0
0
0
5
20
64
135
203
239
236
195
125
57
18
5
2
2
5
19
61
132
202
240
246
223
171
117
112
161
217
245
243
210
144
71
24
6
2
2
4
16
52
118
190
234
240
209
144
71
23
6
0
0
0
0
3
12
45
109
182
231
241
213
150
78
28
8
3
3
8
30
84
159
219
245
241
204
139
79
74
128
196
237
246
226
172
96
37
10
3
3
6
23
70
142
208
240
233
189
117
50
14
4
0
0
0
0
2
7
30
84
158
218
242
227
175
102
42
12
4
5
13
46
109
183
232
247
230
180
107
50
45
96
169
225
246
237
194
122
54
17
5
4
10
34
91
165
222
242
223
165
91
34
8
2
0
0
0
0
1
4
19
61
131
201
238
236
196
127
58
18
6
7
23
67
138
205
241
244
215
152
78
29
26
68
141
207
242
243
212
148
76
26
8
6
15
50
114
186
232
240
207
140
68
22
5
2
0
0
0
0
1
2
11
42
105
179
229
240
213
150
77
27
9
11
35
92
165
222
246
238
197
126
56
17
14
46
113
186
234
246
227
174
100
40
13
9
24
69
140
206
239
233
187
115
49
14
3
1
0
0
0
0
1
2
7
28
80
154
216
240
225
171
98
39
14
17
51
117
188
234
247
228
175
100
38
10
8
30
86
161
221
246
238
196
126
58
20
13
36
92
165
221
241
221
163
89
33
8
2
1
0
0
0
0
1
1
4
18
59
128
198
236
234
191
122
55
21
26
71
142
207
241
243
212
147
74
24
6
4
18
61
132
202
240
243
214
152
79
30
20
50
115
186
232
238
205
137
66
21
5
2
1
0
0
0
0
1
1
3
11
41
102
177
227
238
210
148
76
34
40
94
167
223
245
234
189
116
49
13
3
2
10
39
101
176
228
245
228
175
103
44
31
68
138
204
237
231
184
111
47
13
3
1
1
0
0
0
0
1
1
2
6
27
79
153
214
240
225
172
101
52
60
120
190
234
244
220
160
85
30
7
2
1
5
24
72
145
211
242
237
197
128
65
48
90
161
219
239
218
160
86
31
8
2
1
1
0
0
0
0
1
1
1
4
18
58
128
198
236
234
193
125
75
85
146
209
241
238
198
128
58
17
3
1
1
3
13
47
113
187
233
242
214
154
90
72
116
184
230
237
203
135
64
20
5
2
1
1
0
0
0
0
1
1
1
3
11
41
102
176
227
238
209
150
103
114
171
224
243
225
171
96
36
9
2
1
1
1
7
29
83
157
217
241
227
178
119
101
143
203
236
230
184
111
46
13
3
1
1
1
0
0
0
0
1
1
1
2
7
27
78
151
212
237
222
177
138
148
194
233
239
207
140
67
21
4
1
1
1
1
3
16
56
125
196
236
235
200
153
137
171
218
238
218
160
86
32
8
2
1
1
1
0
0
0
0
1
1
1
1
4
17
56
125
194
233
233
206
182
189
219
240
232
185
110
45
12
2
1
1
1
1
2
9
36
96
172
225
239
220
190
178
201
230
235
201
134
63
20
5
2
1
1
1
0
0
0
0
0
1
1
1
2
10
39
100
173
224
240
232
222
226
239
242
219
160
84
29
6
1
1
1
1
1
1
5
23
72
146
210
239
237
223
218
228
239
228
180
108
44
12
3
1
1
1
0
0
0
0
0
0
1
1
1
2
6
26
75
148
210
241
247
245
247
248
238
199
131
60
18
3
1
1
1
1
1
1
3
14
50
117
188
233
246
244
243
245
242
216
157
83
30
7
2
1
1
1
0
0
0
0
0
0
1
1
1
2
4
16
54
122
192
235
250
252
252
248
226
174
100
40
10
2
1
1
1
1
1
1
1
8
32
88
161
219
245
251
251
250
238
199
131
61
19
4
2
1
1
1
0
0
0
0
0
0
0
1
1
1
3
10
37
97
169
224
247
252
251
242
208
144
72
24
5
1
1
1
1
1
1
1
1
4
19
61
130
198
237
250
252
248
228
178
105
43
11
3
1
1
1
0
0
0
0
0
0
0
0
1
1
1
2
6
25
73
145
208
241
250
248
230
184
113
48
13
3
1
1
1
1
0
0
1
1
2
10
39
99
171
223
245
249
243
214
153
81
28
7
2
1
1
1
0
0
0
0
0
0
0
0
1
1
1
2
4
16
53
118
186
228
242
237
211
154
83
30
7
2
1
1
0
0
0
0
1
1
1
5
24
71
141
202
234
241
231
193
126
59
18
4
2
1
1
1
0
0
0
0
0
0
0
0
0
1
1
1
3
9
35
88
151
195
211
205
174
116
55
17
4
1
1
1
0
0
0
0
1
1
1
3
13
46
104
164
201
211
198
157
94
39
11
3
1
1
1
0
0
0
0
0
0
0
0
0
0
1
1
1
2
5
19
53
97
131
144
138
112
70
30
8
2
1
1
1
0
0
0
0
0
1
1
2
6
25
62
105
135
143
132
100
56
21
5
2
1
1
1
0
0
0
0
0
0
0
0
0
0
1
1
1
1
2
8
22
42
58
64
62
48
28
11
3
1
1
1
0
0
0
0
0
0
1
1
1
2
9
25
45
60
64
58
43
23
8
2
1
1
1
1
0
0
0
0
0
0
0
0
0
0
0
0
0
0
0
0
0
0
0
0
0
0
0
0
0
0
0
0
0
0
0
0
0
0
0
0
0
0
0
0
0
0
0
0
0
0
0
0
0
0
0
0
0
0
0
0
0
0
0
0
0
0
0
0
0
0
0
0
0
0
0
0
0
0
0
0
0
0
0
0
0
0
0
0
0
0
0
0
0
0
0
0
0
0
0
0
0
0
0
0
0
0
0
0
0
0
0
0
0
