52
48
0
0
0
0
0
0
0
0
0
0
0
0
0
0
0
0
0
0
0
0
0
0
0
0
0
0
0
0
0
0
0
0
0
0
0
0
0
0
0
0
0
0
0
0
0
0
0
0
0
0
0
0
0
0
0
0
0
0
0
0
0
0
0
0
0
0
0
0
0
0
0
0
0
0
0
0
0
0
0
0
0
0
0
0
0
0
0
0
0
0
0
0
0
0
0
0
0
0
0
0
0
0
0
0
0
0
24
35
41
40
32
19
8
2
1
1
1
1
0
0
1
1
1
1
2
6
17
29
38
42
42
39
32
19
7
2
1
1
1
1
0
0
0
1
1
1
2
7
18
30
39
41
36
25
0
0
0
0
60
89
103
100
82
51
21
6
2
1
1
1
0
0
1
1
1
1
4
16
43
76
98
106
107
100
81
49
20
5
1
1
1
1
0
0
1
1
1
1
5
18
46
77
98
102
90
61
0
0
0
0
98
148
173
170
142
91
39
11
3
1
1
1
0
0
1
1
1
2
7
30
78
132
167
179
180
171
141
88
36
9
2
1
1
1
0
0
1
1
1
2
8
33
81
134
167
172
150
101
0
0
0
0
117
182
216
218
187
125
57
17
4
2
1
1
0
0
1
1
1
2
11
45
109
176
216
228
229
220
186
122
54
15
3
1
1
1
0
0
1
1
1
3
13
48
113
178
215
217
185
122
0
0
0
0
112
184
228
237
210
148
73
24
6
2
1
1
0
0
1
1
1
4
18
61
134
202
238
248
248
241
211
148
73
23
5
2
1
1
0
0
1
1
2
5
20
65
137
203
235
231
190
119
0
0
0
0
96
170
224
241
221
165
90
33
8
2
1
1
1
0
1
1
2
6
26
79
155
217
246
252
253
248
225
168
92
33
8
2
1
1
0
1
1
1
2
7
29
83
158
217
241
228
178
104
0
0
0
0
79
154
215
241
230
182
107
43
11
3
1
1
1
1
1
1
2
8
36
97
174
228
250
254
254
251
234
186
112
44
11
2
1
1
1
1
1
1
3
11
40
101
176
227
242
220
162
86
0
0
0
0
65
138
205
239
236
197
126
56
16
4
2
1
1
1
1
1
3
13
49
118
191
237
252
255
255
253
241
202
132
58
16
3
1
1
1
1
1
2
4
15
52
120
192
234
240
209
144
70
0
0
0
0
52
120
192
235
241
211
146
72
24
6
2
1
1
1
1
1
4
20
65
140
208
243
254
255
255
254
247
217
152
75
24
5
1
1
1
1
1
2
5
20
65
138
205
239
237
197
127
57
0
0
0
0
40
102
177
228
243
222
165
90
34
9
3
1
1
1
1
2
7
30
85
162
222
248
254
255
255
255
250
228
171
94
34
8
2
1
1
1
1
2
7
27
79
155
216
242
231
183
110
45
0
0
0
0
29
84
159
218
242
231
183
109
45
13
4
2
1
1
1
2
10
41
106
181
232
251
254
253
253
254
252
236
188
114
46
12
3
1
1
1
1
3
10
37
96
171
226
243
223
167
92
34
0
0
0
0
21
66
140
206
240
237
198
127
58
17
4
2
1
1
1
3
15
55
126
198
240
252
250
246
246
250
252
242
204
135
61
18
4
1
1
1
2
4
14
49
115
188
233
241
212
148
74
25
0
0
0
0
14
52
120
192
235
241
210
145
71
23
6
2
1
1
2
5
22
71
147
212
245
249
239
226
226
238
249
246
218
156
78
26
6
2
1
1
2
5
20
64
135
203
239
237
198
129
58
17
0
0
0
0
10
39
101
175
228
243
221
162
87
32
8
2
1
1
2
8
31
88
166
225
248
244
221
194
192
217
242
248
229
174
97
36
9
2
1
1
2
7
28
80
154
216
242
232
184
110
45
12
0
0
0
0
7
28
82
157
218
243
229
178
104
42
11
3
2
2
3
11
43
107
184
233
249
237
199
156
152
191
232
248
236
191
117
50
14
3
2
2
3
10
37
97
172
226
243
224
167
92
34
8
0
0
0
0
5
20
66
139
207
240
235
193
121
53
16
4
2
2
4
17
57
127
199
240
248
227
176
121
116
166
221
246
242
208
140
67
21
5
2
2
4
14
49
114
187
233
242
213
148
74
24
6
0
0
0
0
3
14
52
120
193
235
240
206
139
68
22
6
3
3
6
24
74
148
213
244
245
214
153
92
86
142
207
242
246
222
162
86
30
8
3
3
5
19
62
132
201
238
238
199
129
57
17
4
0
0
0
0
2
10
39
101
175
228
242
219
159
85
31
8
3
3
9
33
91
168
225
247
239
198
129
67
62
117
189
235
248
232
181
105
41
11
4
3
7
26
76
150
214
242
232
183
109
44
11
3
0
0
0
0
2
7
28
81
156
219
243
229
177
104
42
12
4
5
13
45
110
185
233
247
230
179
105
47
42
93
168
225
247
238
196
123
54
16
5
4
9
34
92
166
224
243
223
164
89
32
8
2
0
0
0
0
1
4
20
65
137
206
240
235
193
122
54
16
6
6
20
61
132
201
240
245
219
158
82
31
27
72
146
212
244
243
210
143
70
23
7
5
13
45
108
182
231
241
212
145
71
23
5
2
0
0
0
0
1
3
14
50
117
190
234
240
206
140
68
22
7
9
28
80
154
216
245
242
207
138
64
21
17
54
125
197
239
246
222
163
88
32
10
7
19
59
128
197
237
238
199
127
57
16
4
1
0
0
0
0
1
2
9
37
97
172
226
242
217
156
82
29
10
12
39
99
173
227
247
237
193
119
50
14
11
40
105
181
232
247
231
181
106
43
14
9
26
75
147
211
241
231
182
108
44
12
3
1
0
0
0
0
1
2
6
27
79
154
217
241
226
172
97
38
13
16
50
116
189
235
248
230
177
101
38
9
7
30
86
162
223
247
238
196
126
57
19
13
35
91
166
223
242
222
164
89
32
8
2
1
0
0
0
0
1
1
4
20
64
136
205
239
232
187
115
49
18
22
64
135
203
241
246
219
156
81
27
6
5
20
67
141
209
243
243
210
146
73
26
17
45
108
182
231
241
211
145
71
23
5
2
1
0
0
0
0
1
1
3
14
49
116
189
233
237
201
133
63
25
31
81
154
216
244
241
204
133
60
18
4
3
13
49
117
192
237
246
222
164
90
35
23
57
125
195
236
236
197
125
56
16
4
1
1
0
0
0
0
1
1
2
9
37
97
172
225
240
214
154
80
35
42
99
173
227
246
233
185
109
43
11
2
2
8
34
94
170
226
246
231
180
107
46
32
71
143
208
239
229
180
105
42
11
3
1
1
0
0
0
0
1
1
2
6
27
79
154
216
241
226
172
99
49
57
118
189
235
245
222
162
86
30
6
1
1
5
23
72
147
213
243
238
196
127
62
46
88
160
219
240
220
161
86
31
7
2
1
1
0
0
0
0
1
1
2
4
20
64
136
205
239
233
188
118
66
76
138
204
240
242
207
138
65
19
4
1
1
3
15
53
123
196
238
242
211
147
81
62
106
177
228
239
209
143
69
22
5
2
1
1
0
0
0
0
1
1
1
3
14
50
118
191
234
237
201
136
85
96
158
217
243
235
189
114
47
12
2
1
1
2
9
38
99
176
229
244
222
165
101
82
127
193
234
236
196
125
55
16
4
1
1
1
0
0
0
0
1
1
1
3
10
38
99
174
226
239
212
154
105
117
175
226
243
224
167
91
32
7
1
1
1
1
5
25
77
153
216
242
230
182
123
104
147
206
238
229
181
107
43
11
3
1
1
1
0
0
0
0
1
1
1
2
7
28
80
154
215
238
221
172
130
141
191
233
241
210
143
69
21
4
1
1
1
1
3
17
58
128
200
238
236
198
147
130
167
217
239
220
164
89
32
8
2
1
1
1
0
0
0
0
1
1
1
2
4
19
63
135
203
236
229
194
163
172
209
238
236
194
120
51
14
2
1
1
1
1
2
10
41
105
182
231
239
213
175
161
189
226
237
208
144
71
23
5
2
1
1
1
0
0
0
0
0
1
1
1
3
13
49
116
188
232
237
218
200
206
228
242
229
177
99
37
9
2
1
1
1
1
1
6
30
86
163
221
241
228
204
195
213
235
234
195
124
55
16
3
1
1
1
0
0
0
0
0
0
1
1
1
2
9
37
97
171
224
242
238
231
234
243
244
219
158
81
27
6
1
1
1
1
1
1
4
21
69
144
210
240
240
229
225
233
241
228
179
106
42
11
2
1
1
1
0
0
0
0
0
0
1
1
1
2
6
27
78
152
214
243
248
247
249
250
241
205
137
64
19
4
1
1
1
1
1
1
3
14
53
123
194
236
247
245
244
246
244
219
161
87
31
8
2
1
1
1
0
0
0
0
0
0
0
1
1
2
4
19
62
133
201
239
251
252
253
250
234
187
114
47
12
2
1
1
1
1
1
1
2
9
39
100
175
228
248
252
252
251
241
207
142
69
22
5
2
1
1
1
0
0
0
0
0
0
0
1
1
2
3
13
48
114
186
233
250
253
253
247
223
166
91
33
7
1
1
1
1
1
1
1
1
6
26
78
153
215
245
252
253
251
236
194
123
54
16
4
1
1
1
0
0
0
0
0
0
0
0
1
1
1
3
9
36
95
169
224
247
252
252
242
209
143
70
22
4
1
1
1
1
0
0
1
1
3
17
59
129
198
238
251
253
249
229
177
104
41
11
3
1
1
1
0
0
0
0
0
0
0
0
1
1
1
2
6
26
78
151
213
243
251
249
235
191
120
51
14
3
1
1
0
0
0
0
1
1
2
11
42
106
178
228
248
251
245
218
159
85
30
7
2
1
1
1
0
0
0
0
0
0
0
0
1
1
1
2
5
19
62
132
200
238
249
246
224
170
96
36
9
2
1
1
0
0
0
0
1
1
1
7
29
83
157
216
243
248
240
206
140
68
22
5
2
1
1
1
0
0
0
0
0
0
0
0
0
1
1
2
3
13
48
112
183
228
243
238
209
148
75
25
5
1
1
1
0
0
0
0
1
1
1
4
20
64
134
200
234
243
231
190
121
53
16
4
2
1
1
0
0
0
0
0
0
0
0
0
0
1
1
1
2
9
34
90
158
206
224
217
182
120
55
16
3
1
1
1
0
0
0
0
1
1
1
3
13
46
107
172
212
223
209
164
98
39
11
3
2
1
1
0
0
0
0
0
0
0
0
0
0
1
1
1
2
5
22
63
117
158
175
168
136
84
35
10
2
1
1
1
0
0
0
0
0
1
1
2
7
29
74
127
163
174
160
121
67
25
6
2
1
1
1
0
0
0
0
0
0
0
0
0
0
1
1
1
1
3
12
35
67
92
103
98
77
45
18
5
1
1
1
0
0
0
0
0
0
1
1
1
4
15
39
72
95
102
93
68
36
13
3
1
1
1
1
0
0
0
0
0
0
0
0
0
0
0
0
0
0
0
0
0
0
0
0
0
0
0
0
0
0
0
0
0
0
0
0
0
0
0
0
0
0
0
0
0
0
0
0
0
0
0
0
0
0
0
0
0
0
0
0
0
0
0
0
0
0
0
0
0
0
0
0
0
0
0
0
0
0
0
0
0
0
0
0
0
0
0
0
0
0
0
0
0
0
0
0
0
0
0
0
0
0
0
0
0
0
0
0
0
0
0
0
0
