44
43
0
0
0
0
0
0
0
0
0
0
0
0
0
0
0
0
0
0
0
0
0
0
0
0
0
0
0
0
0
0
0
0
0
0
0
0
0
0
0
0
0
0
0
0
0
0
0
0
0
0
0
0
0
0
0
0
0
0
0
0
0
0
0
0
0
0
0
0
0
0
0
0
0
0
0
0
0
0
0
0
0
0
0
0
0
0
0
0
0
0
43
66
74
66
43
18
5
1
1
1
0
0
1
1
1
5
18
43
66
77
78
69
47
21
6
1
1
1
0
0
1
1
1
4
16
39
63
74
66
44
0
0
0
0
82
129
147
132
88
39
11
2
1
1
0
0
1
1
2
10
39
90
134
154
155
138
97
45
13
2
1
1
0
0
1
1
2
8
33
81
127
146
130
85
0
0
0
0
108
174
204
188
131
61
18
4
1
1
0
0
1
1
3
17
62
133
191
215
216
196
143
71
22
4
1
1
0
0
1
1
3
14
53
121
182
203
177
112
0
0
0
0
108
184
225
216
158
79
25
5
1
1
1
0
1
1
5
26
83
163
221
242
243
226
174
94
32
7
1
1
0
1
1
1
4
21
71
149
211
226
189
114
0
0
0
0
94
173
225
226
176
96
34
8
2
1
1
1
1
1
8
36
103
184
234
250
251
238
194
115
44
10
2
1
1
1
1
2
7
31
90
170
224
227
180
101
0
0
0
0
78
158
219
231
192
115
45
11
2
1
1
1
1
2
12
49
123
200
242
253
254
245
209
136
58
15
2
1
1
1
1
2
10
41
109
187
230
222
164
84
0
0
0
0
63
141
210
234
205
134
58
16
3
1
1
1
1
3
18
65
144
214
247
254
255
249
222
156
74
22
4
1
1
1
1
3
14
53
127
201
234
214
147
68
0
0
0
0
50
123
198
233
217
153
74
23
5
1
1
1
1
5
27
84
166
227
250
255
255
252
232
175
93
31
6
1
1
1
1
4
19
66
145
213
234
203
130
55
0
0
0
0
38
104
183
230
226
172
92
32
7
2
1
1
2
8
38
105
185
236
252
254
254
253
239
192
112
42
10
2
1
1
2
6
26
82
162
222
232
189
111
43
0
0
0
0
28
86
166
223
232
188
110
42
10
2
1
1
2
12
51
125
202
242
251
249
248
251
244
207
133
56
15
3
1
1
2
9
36
99
179
228
226
173
93
32
0
0
0
0
20
69
148
214
234
202
128
54
14
3
1
1
3
18
66
146
215
244
243
231
231
242
245
220
154
73
21
4
1
1
3
13
48
119
195
233
218
155
75
23
0
0
0
0
14
53
128
202
234
213
146
67
20
4
2
2
5
26
83
166
226
243
227
201
199
224
243
229
173
91
30
6
2
1
4
18
62
139
209
234
208
136
60
16
0
0
0
0
10
40
108
187
231
222
163
83
27
6
2
2
8
36
102
183
234
239
207
164
160
201
237
236
190
111
42
10
2
2
5
24
77
157
219
233
194
117
46
11
0
0
0
0
6
30
90
171
226
228
179
99
36
9
3
3
12
49
122
198
238
233
186
129
124
178
229
240
206
134
57
16
4
3
8
32
93
173
226
228
178
98
34
8
0
0
0
0
4
22
73
153
217
233
194
118
47
13
4
4
18
64
142
212
241
223
164
99
94
154
217
241
220
155
74
23
5
3
11
42
111
189
231
221
160
79
25
5
0
0
0
0
3
15
57
133
206
234
208
138
62
18
5
7
26
81
162
223
240
210
140
73
68
130
203
239
229
173
92
31
8
5
15
54
128
202
233
210
140
63
17
3
0
0
0
0
2
10
43
113
192
232
219
157
78
25
7
10
37
100
180
232
236
193
116
51
47
105
185
233
235
189
110
42
11
6
20
67
146
213
233
197
120
48
12
2
0
0
0
0
2
7
32
93
175
227
226
174
94
33
10
15
50
122
198
237
230
176
94
35
31
84
166
225
239
204
131
56
16
9
28
84
164
222
229
182
102
36
8
2
0
0
0
0
1
4
23
75
155
218
231
189
111
43
14
21
66
143
212
240
222
158
76
25
21
66
146
215
240
217
150
71
23
13
39
103
182
229
223
165
84
27
6
1
0
0
0
0
1
3
16
59
136
207
232
201
127
54
19
29
81
162
223
240
211
139
61
17
14
51
126
202
238
226
169
89
32
19
51
121
197
233
213
145
67
19
4
1
0
0
0
0
1
2
11
46
117
194
231
212
145
68
27
38
99
179
231
237
196
117
46
11
9
37
104
185
233
233
186
108
43
26
63
139
209
233
201
125
51
13
3
1
0
0
0
0
1
2
7
34
98
178
226
221
163
85
38
51
118
195
236
230
176
94
32
7
5
25
82
163
224
237
201
127
56
36
78
156
218
229
185
106
39
9
2
1
0
0
0
0
1
1
5
25
79
160
219
228
181
104
52
68
138
209
239
219
153
72
21
4
3
16
61
140
211
238
213
146
72
50
95
172
224
222
167
86
28
6
1
1
0
0
0
0
1
1
3
18
64
142
210
231
197
124
71
87
158
220
237
204
129
53
13
2
2
10
44
116
194
235
223
165
92
68
114
188
229
214
148
69
20
4
1
1
0
0
0
0
1
1
2
12
50
123
198
231
208
143
91
109
177
228
232
186
105
37
8
1
1
6
30
92
174
228
230
183
114
89
135
202
231
203
130
55
14
3
1
1
0
0
0
0
1
1
2
9
38
104
183
228
217
162
113
131
193
233
223
164
82
25
5
1
1
3
20
71
151
216
233
198
136
112
156
213
229
189
111
42
10
2
1
1
0
0
0
0
1
1
1
6
28
85
165
221
223
180
139
155
207
234
210
140
62
16
3
1
1
2
13
52
127
201
233
211
161
139
176
221
224
173
93
32
7
2
1
1
0
0
0
0
1
1
1
4
20
68
146
212
228
202
173
185
221
233
195
117
45
10
2
1
1
1
8
37
104
184
229
223
187
171
198
228
216
154
75
23
4
1
1
1
0
0
0
0
0
1
1
3
14
53
127
200
232
224
209
216
234
229
178
96
33
6
1
1
1
1
5
26
84
166
223
233
214
204
220
232
206
135
59
16
3
1
1
0
0
0
0
0
0
1
1
2
9
40
108
186
231
240
237
240
242
221
159
78
23
4
1
1
1
1
3
18
67
147
214
239
236
232
237
233
192
116
45
11
2
1
1
0
0
0
0
0
0
1
1
1
6
30
89
169
226
246
249
250
243
209
137
60
16
3
1
1
1
1
2
12
51
125
200
239
247
247
246
229
176
96
34
7
2
1
1
0
0
0
0
0
0
1
1
1
4
21
71
150
216
246
252
251
237
192
114
44
10
2
1
1
1
1
1
8
37
102
181
232
250
252
247
221
158
78
24
5
1
1
1
0
0
0
0
0
0
0
1
1
3
15
56
131
204
241
251
249
228
171
91
31
6
1
1
1
1
1
1
5
25
80
159
221
247
252
243
209
139
62
17
3
1
1
0
0
0
0
0
0
0
0
1
1
2
10
43
111
189
235
249
245
215
149
70
20
4
1
1
1
0
1
1
3
16
60
136
207
242
249
238
195
119
48
12
2
1
1
0
0
0
0
0
0
0
0
1
1
2
7
32
93
172
227
246
238
199
125
52
13
2
1
1
0
0
1
1
2
10
44
113
189
234
245
230
179
100
36
8
2
1
1
0
0
0
0
0
0
0
0
1
1
2
5
23
74
152
213
236
226
178
101
37
8
2
1
1
0
0
1
1
1
6
31
90
167
220
236
217
159
81
26
6
2
1
1
0
0
0
0
0
0
0
0
1
1
1
3
15
55
123
183
208
195
145
76
25
5
1
1
1
0
0
1
1
1
4
20
66
135
189
207
186
129
61
18
4
1
1
1
0
0
0
0
0
0
0
0
1
1
1
2
9
35
82
128
148
137
97
47
14
3
1
1
1
0
0
0
1
1
2
11
40
89
132
147
130
86
37
10
2
1
1
1
0
0
0
0
0
0
0
0
0
1
1
1
4
16
40
63
74
67
46
21
6
1
1
1
0
0
0
0
1
1
1
5
18
42
65
73
64
40
17
4
1
1
1
0
0
0
0
0
0
0
0
0
0
0
0
0
0
0
0
0
0
0
0
0
0
0
0
0
0
0
0
0
0
0
0
0
0
0
0
0
0
0
0
0
0
0
0
0
0
0
0
0
0
0
0
0
0
0
0
0
0
0
0
0
0
0
0
0
0
0
0
0
0
0
0
0
0
0
0
0
0
0
0
0
0
0
0
0
0
0
0
0
0
0
0
0
