38
36
0
0
0
0
0
0
0
0
0
0
0
0
0
0
0
0
0
0
0
0
0
0
0
0
0
0
0
0
0
0
0
0
0
0
0
0
0
0
0
0
0
0
0
0
0
0
0
0
0
0
0
0
0
0
0
0
0
0
0
0
0
0
0
0
0
0
0
0
0
0
0
0
0
0
0
0
0
0
49
59
51
30
11
3
1
1
1
1
1
1
4
16
39
57
64
59
41
19
5
1
1
1
0
1
1
2
9
27
49
59
50
28
0
0
0
0
111
135
119
72
27
6
1
1
1
1
1
1
10
41
92
133
147
136
98
46
12
2
1
1
1
1
1
5
23
65
114
134
112
62
0
0
0
0
155
196
179
113
45
11
2
1
1
1
1
3
18
68
143
198
216
202
152
77
23
4
1
1
1
1
2
9
40
105
173
195
158
85
0
0
0
0
160
216
208
141
61
16
3
1
1
1
1
5
29
92
176
230
245
234
186
103
34
6
1
1
1
1
3
14
56
134
204
217
166
83
0
0
0
0
145
213
219
162
78
23
4
1
1
1
1
8
41
114
197
242
253
245
205
126
48
10
1
1
1
2
4
21
73
156
217
215
151
68
0
0
0
0
127
203
225
180
97
32
7
2
1
1
2
13
56
137
213
248
255
249
219
148
64
16
2
1
1
2
6
29
91
175
224
206
132
53
0
0
0
0
107
189
227
197
118
44
10
2
1
1
4
21
75
160
226
251
255
252
231
169
83
24
4
1
1
2
9
39
110
191
226
194
113
41
0
0
0
0
87
172
224
210
139
59
15
3
1
2
6
32
97
182
236
252
253
252
238
188
104
35
7
2
2
3
13
52
129
204
225
178
93
30
0
0
0
0
68
152
217
219
158
75
21
4
2
2
10
45
119
199
240
245
242
245
242
204
126
49
11
2
2
4
19
67
149
215
219
159
74
21
0
0
0
0
52
131
206
225
176
92
30
6
2
3
15
60
141
213
238
226
213
224
238
217
148
65
17
4
2
6
27
86
170
223
210
138
57
14
0
0
0
0
38
110
192
226
192
110
40
9
3
5
23
77
162
223
231
197
171
193
228
226
169
85
26
6
3
8
37
105
187
226
197
118
43
9
0
0
0
0
28
90
175
224
204
130
52
13
4
7
32
97
181
230
220
167
130
161
216
232
189
107
38
9
4
12
48
124
201
225
181
97
31
6
0
0
0
0
19
71
155
217
215
150
68
19
5
11
45
118
198
233
207
138
96
131
200
233
206
130
52
14
5
17
62
143
212
219
161
77
21
4
0
0
0
0
13
54
133
207
222
170
86
27
8
17
60
140
212
231
189
111
67
102
181
229
218
150
68
20
7
23
78
162
219
210
140
59
14
2
0
0
0
0
8
40
112
193
224
187
105
38
12
25
79
162
223
225
168
85
44
77
159
222
226
170
86
28
11
32
96
179
223
197
119
44
9
2
0
0
0
0
5
28
91
175
222
200
124
49
17
35
100
183
230
217
147
65
28
57
137
211
232
189
107
39
17
44
117
195
223
182
99
33
6
1
0
0
0
0
3
20
72
155
216
211
143
62
25
47
120
199
233
204
126
49
18
42
114
196
233
205
128
52
25
58
137
208
219
163
79
23
4
1
0
0
0
0
2
13
56
135
207
218
162
79
36
62
140
212
231
187
102
34
10
28
91
176
228
217
149
68
36
74
156
216
210
142
61
15
2
1
0
0
0
0
1
9
42
114
193
222
180
100
53
82
161
222
224
164
78
22
5
17
68
152
218
224
168
87
51
93
173
220
198
121
46
10
2
1
0
0
0
0
1
6
30
94
178
222
197
122
73
104
180
228
211
138
57
13
2
10
48
126
203
228
186
109
71
113
189
221
182
100
33
6
1
1
0
0
0
0
1
4
21
76
159
217
208
144
96
127
197
228
194
112
39
7
1
6
33
100
184
226
201
133
95
136
203
218
165
81
24
4
1
1
0
0
0
0
1
3
15
59
139
208
215
164
122
151
209
223
172
87
26
4
1
3
21
76
161
219
212
156
122
159
212
211
146
64
17
3
1
1
0
0
0
0
1
2
10
44
118
195
219
186
153
177
218
213
147
64
16
2
1
2
13
55
135
206
219
181
154
183
218
200
125
49
11
2
1
1
0
0
0
0
1
2
7
32
97
179
221
210
192
207
226
200
123
47
10
1
1
1
8
40
111
191
224
207
190
207
221
185
104
36
7
2
1
1
0
0
0
0
1
1
4
23
78
160
219
232
227
233
229
184
101
34
6
1
1
1
5
28
90
174
224
229
223
229
221
167
84
26
5
1
1
1
0
0
0
0
1
1
3
16
61
140
211
242
246
245
224
164
80
23
4
1
1
1
3
19
70
153
218
241
244
241
215
147
66
18
3
1
1
1
0
0
0
0
1
1
2
11
46
120
199
241
251
244
212
140
60
15
2
1
1
1
2
12
52
129
204
242
250
242
203
127
50
12
2
1
1
0
0
0
0
0
1
1
2
7
33
99
182
234
249
239
194
114
42
9
2
1
1
1
1
7
36
104
185
235
249
236
188
106
37
8
2
1
1
0
0
0
0
0
1
1
2
5
24
79
163
225
245
229
173
90
28
5
1
1
1
1
1
4
24
80
163
224
244
228
169
86
27
5
2
1
1
0
0
0
0
0
1
1
1
3
16
61
141
210
235
214
148
68
18
3
1
1
1
1
1
3
15
59
137
207
234
214
148
67
19
4
1
1
1
0
0
0
0
0
0
1
1
2
11
44
111
178
204
180
115
47
11
2
1
1
0
1
1
2
9
40
105
173
203
181
117
48
12
2
1
1
0
0
0
0
0
0
0
1
1
2
6
26
70
118
137
118
71
26
6
1
1
1
0
1
1
1
5
22
64
113
135
119
73
28
7
2
1
1
0
0
0
0
0
0
0
0
0
0
0
0
0
0
0
0
0
0
0
0
0
0
0
0
0
0
0
0
0
0
0
0
0
0
0
0
0
0
0
0
0
0
0
0
0
0
0
0
0
0
0
0
0
0
0
0
0
0
0
0
0
0
0
0
0
0
0
0
0
0
0
0
0
0
0
0
0
0
0
0
