25
28
0
0
0
0
0
0
0
0
0
0
0
0
0
0
0
0
0
0
0
0
0
0
0
0
0
0
0
0
0
0
0
0
0
0
0
0
0
0
0
0
0
0
0
0
0
0
0
0
0
0
0
0
18
41
61
69
71
71
71
71
71
71
71
71
71
71
71
71
71
70
63
45
21
0
0
0
0
40
92
135
154
158
158
158
158
158
158
158
158
158
158
158
158
157
155
139
99
46
0
0
0
0
55
126
187
212
217
217
217
217
217
217
217
218
218
219
221
223
223
219
197
139
65
0
0
0
0
52
119
176
200
205
205
205
205
205
205
205
206
209
218
233
244
247
241
213
146
66
0
0
0
0
32
75
110
126
128
129
129
129
129
129
129
132
146
176
215
241
248
235
194
123
52
0
0
0
0
12
28
42
48
49
49
49
49
49
50
53
66
100
154
208
238
237
206
149
80
29
0
0
0
0
3
6
9
11
11
11
11
11
12
16
29
63
119
181
223
233
207
153
89
38
11
0
0
0
0
1
1
2
2
2
2
2
3
7
20
53
110
173
218
231
208
156
91
40
13
3
0
0
0
0
1
1
1
1
1
1
2
5
17
50
106
170
217
232
211
158
94
41
13
4
1
0
0
0
0
0
0
1
1
1
1
4
15
46
101
166
215
232
212
162
97
43
14
4
1
1
0
0
0
0
0
1
1
1
1
3
13
43
96
161
212
231
214
164
100
45
14
4
1
1
1
0
0
0
0
1
1
1
1
3
12
40
93
158
210
231
215
167
103
47
15
4
1
1
1
1
0
0
0
0
1
1
1
3
12
38
90
154
208
231
218
170
106
49
16
4
1
1
1
1
0
0
0
0
0
1
1
3
11
36
87
152
206
231
220
175
111
52
17
5
1
1
1
1
0
0
0
0
0
0
1
3
10
35
84
148
204
231
223
180
116
57
20
5
2
1
1
1
0
0
0
0
0
0
0
3
10
34
81
145
202
231
225
184
121
61
22
6
2
1
1
1
1
1
1
1
0
0
0
0
10
33
80
143
199
230
226
188
127
65
25
8
4
2
2
2
2
2
2
2
1
0
0
0
0
29
76
140
198
230
229
193
135
75
35
17
13
11
11
11
11
11
11
10
9
6
0
0
0
0
63
131
194
232
239
216
166
111
72
55
50
49
49
49
49
49
49
49
47
40
25
0
0
0
0
98
176
227
246
243
220
182
150
134
129
129
129
129
129
129
129
128
128
124
105
65
0
0
0
0
117
195
236
246
244
235
220
209
206
205
205
205
205
205
205
205
205
204
198
167
104
0
0
0
0
112
181
215
223
223
222
219
218
218
217
217
217
217
217
217
217
217
217
210
177
110
0
0
0
0
80
128
152
157
158
158
158
158
158
158
158
158
158
158
158
158
158
157
152
129
80
0
0
0
0
36
58
69
71
71
71
71
71
71
71
71
71
71
71
71
71
71
71
69
58
36
0
0
0
0
0
0
0
0
0
0
0
0
0
0
0
0
0
0
0
0
0
0
0
0
0
0
0
0
0
0
0
0
0
0
0
0
0
0
0
0
0
0
0
0
0
0
0
0
0
0
0
0
