29
34
0
0
0
0
0
0
0
0
0
0
0
0
0
0
0
0
0
0
0
0
0
0
0
0
0
0
0
0
0
0
0
0
0
0
0
0
0
0
0
0
0
0
0
0
0
0
0
0
0
0
0
0
0
0
0
0
0
0
0
0
8
16
24
28
29
29
29
30
30
30
30
30
30
30
30
30
30
30
29
29
29
28
25
18
9
0
0
0
0
22
48
72
84
88
88
88
89
89
89
89
89
89
89
89
89
89
89
88
88
88
85
75
53
26
0
0
0
0
42
92
136
160
166
168
168
168
168
168
168
168
168
168
168
168
168
168
168
167
167
162
142
100
49
0
0
0
0
56
122
181
212
220
222
222
222
222
222
222
222
222
222
222
222
223
224
225
225
224
217
190
134
66
0
0
0
0
56
122
181
212
220
222
222
222
222
222
222
222
222
222
223
225
231
240
245
247
245
237
206
143
69
0
0
0
0
42
92
136
160
166
167
167
167
167
167
167
167
167
168
171
181
202
228
245
250
248
234
196
129
60
0
0
0
0
22
49
73
85
89
89
89
89
89
89
89
89
90
93
103
129
172
215
241
248
240
214
164
98
42
0
0
0
0
8
17
25
29
30
30
30
30
30
31
31
32
34
45
72
118
172
218
241
240
218
174
115
59
22
0
0
0
0
2
4
6
7
7
7
7
7
7
8
9
12
23
50
96
153
203
232
238
218
175
118
64
26
8
0
0
0
0
1
1
2
2
2
2
2
2
3
4
7
18
44
91
149
200
231
237
219
177
120
65
27
9
3
0
0
0
0
1
1
1
1
1
1
1
2
2
5
16
42
88
147
199
231
238
220
179
121
66
28
9
3
1
0
0
0
0
1
1
1
1
1
1
1
2
4
13
39
85
143
197
229
238
222
182
124
68
29
10
3
1
1
0
0
0
0
0
0
0
1
1
1
2
4
12
36
80
139
194
228
238
223
184
128
71
30
10
3
1
1
1
0
0
0
0
0
0
1
1
1
1
3
12
34
77
134
190
227
238
224
186
130
73
31
10
3
1
1
1
1
0
0
0
0
0
1
1
1
1
3
11
32
74
132
188
225
238
225
187
132
75
32
11
3
1
1
1
1
1
0
0
0
0
1
1
1
1
3
10
31
72
129
185
224
238
227
190
134
77
34
12
4
2
1
1
1
0
0
0
0
0
0
1
1
1
3
10
30
70
127
184
223
238
229
194
138
79
35
12
4
2
1
1
1
1
0
0
0
0
0
0
1
1
3
9
28
67
124
182
222
239
230
197
143
84
38
13
4
2
1
1
1
1
0
0
0
0
0
0
0
1
3
9
28
66
121
178
220
239
232
200
147
88
41
15
5
2
1
1
1
1
1
1
1
1
0
0
0
0
3
9
27
64
119
176
219
238
233
204
152
92
44
17
6
3
2
1
1
1
1
1
1
1
1
0
0
0
0
8
26
63
118
175
218
237
233
205
156
97
48
19
8
4
3
2
2
2
2
2
2
2
2
1
0
0
0
0
24
61
116
174
217
237
234
207
159
102
53
24
13
9
8
7
7
7
7
7
7
7
7
6
4
0
0
0
0
53
109
170
216
239
241
219
175
121
75
47
35
32
31
31
30
30
30
30
30
30
30
29
25
16
0
0
0
0
88
156
210
239
247
241
215
172
130
104
93
90
89
89
89
89
89
89
89
89
89
88
85
72
47
0
0
0
0
115
186
230
247
250
244
227
201
180
170
168
167
167
167
167
167
167
167
167
167
167
166
160
135
88
0
0
0
0
126
196
233
245
246
245
239
230
224
222
222
222
222
222
222
222
222
222
222
222
222
221
212
180
117
0
0
0
0
118
181
214
223
224
225
224
223
222
222
222
222
222
222
222
222
222
222
222
222
222
221
212
179
117
0
0
0
0
88
135
160
166
167
168
168
168
168
168
168
168
168
168
168
168
168
168
168
168
168
167
160
135
88
0
0
0
0
46
71
84
88
88
88
89
89
89
89
89
89
89
89
89
89
89
89
89
88
88
88
84
71
46
0
0
0
0
15
24
28
29
29
29
30
30
30
30
30
30
30
30
30
30
30
30
29
29
29
29
28
24
15
0
0
0
0
0
0
0
0
0
0
0
0
0
0
0
0
0
0
0
0
0
0
0
0
0
0
0
0
0
0
0
0
0
0
0
0
0
0
0
0
0
0
0
0
0
0
0
0
0
0
0
0
0
0
0
0
0
0
0
0
