29
28
0
0
0
0
0
0
0
0
0
0
0
0
0
0
0
0
0
0
0
0
0
0
0
0
0
0
0
0
0
0
0
0
0
0
0
0
0
0
0
0
0
0
0
0
0
0
0
0
0
0
0
0
0
0
0
0
0
0
0
0
19
40
60
70
72
73
73
73
73
73
73
73
73
73
73
73
73
73
73
73
73
71
62
44
21
0
0
0
0
40
85
127
149
155
156
156
156
156
156
156
156
156
156
156
156
156
156
156
156
156
151
133
93
46
0
0
0
0
54
117
174
204
212
213
213
213
213
213
213
213
213
213
213
214
216
219
221
221
220
213
186
130
64
0
0
0
0
51
110
164
192
200
201
201
201
201
201
201
201
201
202
203
209
220
234
243
246
244
234
200
136
65
0
0
0
0
32
70
105
123
128
128
128
128
128
128
128
129
129
131
139
158
189
223
243
249
243
223
178
113
50
0
0
0
0
13
28
42
49
51
51
51
51
51
51
52
52
55
64
87
126
176
219
241
241
222
184
129
71
28
0
0
0
0
3
7
10
12
12
12
12
12
12
13
14
18
29
56
99
152
200
230
236
217
177
124
71
32
11
0
0
0
0
1
1
2
2
2
2
2
2
3
4
9
23
52
99
154
201
228
232
211
169
115
64
29
10
3
0
0
0
0
1
1
1
1
1
1
1
2
3
9
24
57
106
161
206
230
231
206
161
106
57
24
9
3
1
0
0
0
0
0
0
0
1
1
1
1
3
9
26
61
112
167
210
232
228
201
154
98
51
21
7
3
1
1
0
0
0
0
0
1
1
1
1
1
3
10
30
66
118
173
214
232
225
195
145
90
45
18
6
2
1
1
1
0
0
0
0
1
1
1
1
1
4
12
33
73
126
180
218
233
222
188
137
83
40
15
5
2
1
1
1
1
0
0
0
0
1
1
1
2
5
14
38
80
135
186
222
233
220
182
128
75
35
13
4
1
1
1
1
1
0
0
0
0
0
1
1
2
6
17
43
88
143
193
225
234
217
177
122
69
31
11
3
1
1
1
1
1
0
0
0
0
0
0
1
2
7
20
49
95
151
199
229
233
213
171
116
64
28
10
3
1
1
1
1
0
0
0
0
0
0
0
0
3
8
24
55
103
158
204
231
233
210
165
110
59
26
9
3
2
1
1
1
1
1
1
1
1
0
0
0
0
9
27
62
113
167
210
232
230
205
159
104
56
24
10
5
3
2
2
2
2
2
2
2
2
1
0
0
0
0
29
68
121
175
216
235
231
203
157
104
59
31
19
14
13
12
12
12
12
12
12
12
12
10
7
0
0
0
0
64
123
180
221
240
240
219
177
129
89
66
55
52
52
51
51
51
51
51
51
51
51
49
41
27
0
0
0
0
100
169
219
242
248
242
222
188
157
139
131
129
129
128
128
128
128
128
128
128
128
128
122
103
67
0
0
0
0
120
190
230
243
246
243
233
219
208
203
202
201
201
201
201
201
201
201
201
201
201
200
192
162
106
0
0
0
0
115
177
210
219
221
220
219
216
214
213
213
213
213
213
213
213
213
213
213
213
213
212
204
172
112
0
0
0
0
82
126
149
155
156
156
156
156
156
156
156
156
156
156
156
156
156
156
156
156
156
155
149
126
82
0
0
0
0
39
59
70
73
73
73
73
73
73
73
73
73
73
73
73
73
73
73
73
73
73
72
70
59
39
0
0
0
0
0
0
0
0
0
0
0
0
0
0
0
0
0
0
0
0
0
0
0
0
0
0
0
0
0
0
0
0
0
0
0
0
0
0
0
0
0
0
0
0
0
0
0
0
0
0
0
0
0
0
0
0
0
0
0
0
