29
37
0
0
0
0
0
0
0
0
0
0
0
0
0
0
0
0
0
0
0
0
0
0
0
0
0
0
0
0
0
0
0
0
0
0
0
0
0
0
0
0
0
0
0
0
0
0
0
0
0
0
0
0
0
0
0
0
0
0
0
0
12
25
38
44
46
47
47
47
47
47
47
47
47
47
47
47
47
47
47
47
46
45
40
28
14
0
0
0
0
28
62
92
108
113
113
114
114
114
114
114
114
114
114
114
114
114
114
114
113
113
110
97
68
33
0
0
0
0
47
102
152
178
185
186
187
187
187
187
187
187
187
187
187
187
187
187
186
186
186
180
159
112
55
0
0
0
0
58
127
189
221
229
230
231
231
231
231
231
231
231
231
231
231
232
232
233
232
231
225
197
139
68
0
0
0
0
58
126
188
220
228
229
229
229
229
229
229
229
230
230
230
232
237
243
247
248
247
239
208
145
70
0
0
0
0
46
100
150
175
182
183
183
183
183
183
183
183
183
184
185
193
210
231
245
250
249
237
201
135
63
0
0
0
0
27
60
89
104
109
109
109
109
109
109
109
109
109
111
118
138
174
215
241
249
245
224
178
110
48
0
0
0
0
11
24
36
42
44
44
44
44
44
44
44
44
46
51
70
108
162
212
240
245
231
195
137
74
29
0
0
0
0
3
7
10
11
11
11
11
11
11
12
12
14
19
35
72
126
184
225
241
234
202
149
88
40
13
0
0
0
0
1
2
3
3
3
3
3
3
3
4
6
10
24
58
112
172
217
238
235
208
157
97
46
17
5
0
0
0
0
1
1
1
1
2
2
2
2
2
3
7
20
51
103
164
212
237
238
214
166
105
52
20
6
2
0
0
0
0
1
1
1
1
1
1
1
1
2
5
16
43
93
154
206
235
240
220
175
114
59
23
7
2
1
0
0
0
0
0
0
0
0
1
1
1
2
4
12
36
82
144
199
232
240
225
185
125
66
27
8
3
1
1
0
0
0
0
0
0
0
1
1
1
1
3
9
29
71
132
190
228
240
229
192
136
75
31
10
3
1
1
1
0
0
0
0
0
0
1
1
1
1
2
7
25
62
120
180
223
240
232
199
145
84
37
12
4
2
1
1
1
0
0
0
0
0
1
1
1
1
2
6
20
55
110
171
217
238
235
206
155
93
43
15
4
2
1
1
1
1
0
0
0
0
1
1
1
1
2
5
17
47
100
161
211
237
237
212
163
102
50
18
5
2
1
1
1
1
0
0
0
0
0
1
1
1
2
4
14
41
90
152
204
235
239
219
173
112
56
22
7
2
1
1
1
1
0
0
0
0
0
0
1
1
2
4
12
35
81
143
198
232
241
225
184
124
65
26
8
3
1
1
1
1
0
0
0
0
0
0
0
1
2
3
10
30
72
132
190
229
241
230
194
136
76
32
10
3
1
1
1
1
0
0
0
0
0
0
0
0
1
3
8
26
64
121
181
223
241
234
202
147
86
39
13
4
2
1
1
1
0
0
0
0
0
0
0
0
0
2
7
22
57
112
172
218
240
237
210
159
97
46
17
6
2
1
1
1
1
1
1
1
1
1
0
0
0
0
6
19
51
104
164
213
238
239
217
170
109
54
21
8
4
2
2
2
2
2
2
2
1
1
1
0
0
0
0
15
44
95
156
207
235
239
220
178
119
63
26
11
6
4
4
3
3
3
3
3
3
3
3
2
0
0
0
0
36
84
146
201
233
242
227
188
132
76
38
20
14
13
12
12
11
11
11
11
11
11
11
9
6
0
0
0
0
67
130
191
230
245
240
213
164
111
72
52
46
44
44
44
44
44
44
44
44
44
43
42
35
23
0
0
0
0
98
169
220
243
249
241
215
174
138
118
111
109
109
109
109
109
109
109
109
109
109
108
104
88
57
0
0
0
0
119
191
233
248
250
245
230
208
192
185
183
183
183
183
183
183
183
183
183
183
183
182
175
148
97
0
0
0
0
128
198
235
246
248
247
243
236
231
230
230
230
229
229
229
229
229
229
229
229
229
229
220
186
122
0
0
0
0
122
187
222
231
232
233
232
231
231
231
231
231
231
231
231
231
231
231
231
231
230
229
221
187
122
0
0
0
0
98
151
178
185
186
186
187
187
187
187
187
187
187
187
187
187
187
187
187
187
186
185
178
151
98
0
0
0
0
60
92
108
113
113
113
114
114
114
114
114
114
114
114
114
114
114
114
114
114
113
113
108
91
60
0
0
0
0
24
37
44
46
46
47
47
47
47
47
47
47
47
47
47
47
47
47
47
47
47
46
44
37
24
0
0
0
0
0
0
0
0
0
0
0
0
0
0
0
0
0
0
0
0
0
0
0
0
0
0
0
0
0
0
0
0
0
0
0
0
0
0
0
0
0
0
0
0
0
0
0
0
0
0
0
0
0
0
0
0
0
0
0
0
