25
34
0
0
0
0
0
0
0
0
0
0
0
0
0
0
0
0
0
0
0
0
0
0
0
0
0
0
0
0
0
0
0
0
0
0
0
0
0
0
0
0
0
0
0
0
0
0
0
0
0
0
0
0
8
17
25
28
29
29
29
30
30
30
30
30
30
30
29
29
29
29
26
19
9
0
0
0
0
23
51
75
85
88
88
89
89
89
89
89
89
89
89
89
88
88
86
78
55
27
0
0
0
0
44
97
142
163
167
168
168
168
168
168
168
168
168
168
168
168
167
164
147
104
50
0
0
0
0
58
129
189
216
221
222
222
222
222
222
222
222
222
223
224
224
224
220
196
140
67
0
0
0
0
58
129
190
216
221
222
222
222
222
222
222
222
224
229
238
244
246
240
213
149
70
0
0
0
0
44
97
143
163
167
167
167
167
167
167
167
169
176
195
222
242
248
240
206
138
62
0
0
0
0
23
51
76
87
89
89
89
89
89
89
90
96
115
156
205
237
244
226
179
109
45
0
0
0
0
8
18
26
30
30
30
30
31
31
32
36
53
92
151
207
236
232
196
135
69
25
0
0
0
0
2
4
6
7
7
7
7
7
8
12
26
62
120
182
224
232
205
149
84
35
10
0
0
0
0
1
1
2
2
2
2
2
3
6
17
49
105
169
217
232
212
161
96
42
14
4
0
0
0
0
1
1
1
1
1
1
2
4
12
39
91
156
210
233
220
173
109
51
17
5
1
0
0
0
0
1
1
1
1
1
1
2
9
30
77
142
200
230
225
186
123
61
22
6
2
1
0
0
0
0
0
0
1
1
1
2
6
23
63
126
189
227
229
196
137
73
28
8
2
1
1
0
0
0
0
0
1
1
1
1
4
17
52
111
176
221
232
206
150
85
35
10
3
1
1
1
0
0
0
0
1
1
1
1
3
13
43
97
163
214
232
214
163
98
43
13
3
1
1
1
1
0
0
0
0
1
1
1
3
10
34
84
150
206
232
221
176
111
52
17
4
1
1
1
1
0
0
0
0
0
1
1
2
8
27
72
137
197
229
227
189
126
63
22
6
2
1
1
1
0
0
0
0
0
0
1
2
6
21
60
122
186
226
231
201
142
77
30
8
2
1
1
1
0
0
0
0
0
0
0
1
5
17
50
108
173
220
234
211
157
91
39
12
3
1
1
1
1
1
1
1
0
0
0
0
3
13
42
95
161
213
234
220
172
106
49
17
5
2
1
1
1
1
1
1
1
0
0
0
0
10
34
84
148
204
232
225
184
121
61
23
8
3
2
2
2
2
2
2
2
1
0
0
0
0
27
71
135
195
229
229
195
137
75
33
14
9
8
7
7
7
7
7
7
6
4
0
0
0
0
55
118
184
227
237
215
165
105
60
39
32
31
31
30
30
30
30
30
29
25
15
0
0
0
0
87
161
217
242
240
212
165
122
98
91
89
89
89
89
89
89
89
89
86
72
45
0
0
0
0
111
188
233
247
244
226
198
178
169
167
167
167
167
167
167
167
167
167
161
135
85
0
0
0
0
121
196
235
245
244
239
230
224
222
222
222
222
222
222
222
222
222
221
213
180
113
0
0
0
0
113
181
215
224
224
224
223
222
222
222
222
222
222
222
222
222
222
221
213
179
112
0
0
0
0
85
135
160
167
167
168
168
168
168
168
168
168
168
168
168
168
168
167
160
135
85
0
0
0
0
45
71
85
88
88
89
89
89
89
89
89
89
89
89
89
88
88
88
84
71
45
0
0
0
0
15
24
28
29
29
29
30
30
30
30
30
30
30
30
29
29
29
29
28
24
15
0
0
0
0
0
0
0
0
0
0
0
0
0
0
0
0
0
0
0
0
0
0
0
0
0
0
0
0
0
0
0
0
0
0
0
0
0
0
0
0
0
0
0
0
0
0
0
0
0
0
0
0
