23
28
0
0
0
0
0
0
0
0
0
0
0
0
0
0
0
0
0
0
0
0
0
0
0
0
0
0
0
0
0
0
0
0
0
0
0
0
0
0
0
0
0
0
0
0
0
0
0
0
13
35
57
69
71
71
71
71
71
71
71
71
71
71
71
69
59
38
15
0
0
0
0
29
77
127
152
158
158
158
158
158
158
158
158
158
158
157
153
131
84
34
0
0
0
0
40
106
175
209
217
217
217
217
217
217
218
218
220
222
223
216
185
118
47
0
0
0
0
38
100
164
197
204
205
205
205
205
205
206
212
225
239
245
238
199
123
48
0
0
0
0
24
63
103
124
128
129
129
129
129
130
136
157
195
230
245
231
182
104
38
0
0
0
0
9
24
39
47
49
49
49
49
50
55
74
119
179
225
234
203
139
68
21
0
0
0
0
2
5
9
10
11
11
11
12
16
33
75
139
199
227
209
154
85
33
8
0
0
0
0
1
1
2
2
2
2
3
6
20
58
121
186
222
214
165
96
40
12
3
0
0
0
0
1
1
1
1
1
2
4
15
48
108
176
219
220
176
108
48
15
4
1
0
0
0
0
0
0
1
1
1
3
11
38
94
163
214
223
186
121
57
19
5
1
1
0
0
0
0
0
1
1
1
2
8
30
80
149
206
224
195
133
67
24
6
2
1
1
0
0
0
0
1
1
1
2
6
24
69
136
198
224
204
145
78
29
8
2
1
1
1
0
0
0
0
1
1
1
5
20
59
123
188
223
211
158
89
35
10
3
1
1
1
0
0
0
0
0
1
1
4
15
50
111
178
221
218
172
103
44
13
3
1
1
1
0
0
0
0
0
0
1
3
12
41
99
167
216
223
184
117
54
17
4
1
1
1
0
0
0
0
0
0
0
2
9
34
87
155
210
225
195
131
65
22
6
2
1
1
1
1
1
1
0
0
0
0
7
28
76
144
202
225
203
145
77
29
9
3
2
2
2
2
2
1
1
0
0
0
0
21
65
132
195
226
213
162
96
44
20
13
11
11
11
11
11
10
8
4
0
0
0
0
46
112
183
228
231
196
138
87
59
51
49
49
49
49
49
48
45
35
18
0
0
0
0
72
152
216
242
236
205
166
140
131
129
129
129
129
129
128
128
119
92
48
0
0
0
0
87
170
226
244
241
229
214
207
205
205
205
205
205
205
205
203
190
146
77
0
0
0
0
83
159
207
221
222
221
219
218
217
217
217
217
217
217
217
216
202
155
82
0
0
0
0
59
113
146
156
157
158
158
158
158
158
158
158
158
158
158
157
147
113
59
0
0
0
0
27
51
66
71
71
71
71
71
71
71
71
71
71
71
71
71
66
51
27
0
0
0
0
0
0
0
0
0
0
0
0
0
0
0
0
0
0
0
0
0
0
0
0
0
0
0
0
0
0
0
0
0
0
0
0
0
0
0
0
0
0
0
0
0
0
0
0
