21
25
0
0
0
0
0
0
0
0
0
0
0
0
0
0
0
0
0
0
0
0
0
0
0
0
0
0
0
0
0
0
0
0
0
0
0
0
0
0
0
0
0
0
0
0
24
55
73
74
59
35
24
35
59
74
74
59
34
15
5
1
0
0
0
0
0
55
124
167
171
147
109
91
109
147
171
171
147
105
65
30
9
1
0
0
0
0
73
167
225
236
221
197
185
197
221
236
236
221
190
146
85
30
5
0
0
0
0
78
178
240
255
251
243
237
233
236
240
243
246
240
212
146
65
15
0
0
0
0
78
178
240
255
255
247
226
198
182
182
198
226
246
240
190
105
34
0
0
0
0
78
178
240
255
247
219
167
113
85
85
114
170
226
246
221
147
59
0
0
0
0
78
178
240
251
226
167
95
42
20
20
46
114
198
243
236
171
74
0
0
0
0
78
178
240
244
198
113
42
9
1
1
20
85
182
241
240
178
78
0
0
0
0
78
178
240
241
182
85
20
1
0
0
16
78
178
240
240
178
78
0
0
0
0
78
178
240
240
178
78
16
0
0
0
16
78
178
240
240
178
78
0
0
0
0
78
178
240
240
178
78
16
0
0
0
16
78
178
240
240
178
78
0
0
0
0
78
178
240
240
178
78
16
0
0
0
16
78
178
240
240
178
78
0
0
0
0
78
178
240
240
178
78
16
0
0
0
16
78
178
240
240
178
78
0
0
0
0
78
178
240
240
178
78
16
0
0
0
16
78
178
240
240
178
78
0
0
0
0
78
178
240
240
178
78
16
0
0
0
16
78
178
240
240
178
78
0
0
0
0
78
178
240
240
178
78
16
0
0
0
16
78
178
240
240
178
78
0
0
0
0
78
178
240
240
178
78
16
0
0
0
16
78
178
240
240
178
78
0
0
0
0
78
178
240
240
178
78
16
0
0
0
16
78
178
240
240
178
78
0
0
0
0
73
167
225
225
167
73
15
0
0
0
15
73
167
225
225
167
73
0
0
0
0
55
124
167
167
124
55
12
0
0
0
12
55
124
167
167
124
55
0
0
0
0
24
55
73
73
55
24
5
0
0
0
5
24
55
73
73
55
24
0
0
0
0
0
0
0
0
0
0
0
0
0
0
0
0
0
0
0
0
0
0
0
0
0
0
0
0
0
0
0
0
0
0
0
0
0
0
0
0
0
0
0
0
