22
24
0
0
0
0
0
0
0
0
0
0
0
0
0
0
0
0
0
0
0
0
0
0
0
0
0
0
0
0
0
0
0
0
0
0
0
0
0
0
0
0
0
0
0
0
0
0
24
55
73
74
59
35
24
35
59
74
78
78
74
58
30
9
1
0
0
0
0
0
55
124
167
171
147
109
91
109
147
171
178
178
171
142
85
30
5
0
0
0
0
0
73
167
225
236
221
197
185
197
221
236
240
240
236
211
146
65
15
1
0
0
0
0
78
178
240
255
251
243
237
233
236
240
244
251
254
241
190
105
34
5
0
0
0
0
78
178
240
255
255
247
226
198
182
182
198
226
247
250
221
147
59
12
0
0
0
0
78
178
240
255
247
219
167
113
85
85
113
167
219
246
236
175
81
19
0
0
0
0
74
171
236
251
229
173
99
43
20
20
42
95
167
226
240
197
109
35
0
0
0
0
59
147
221
244
216
143
60
14
1
1
9
42
113
198
240
221
147
59
0
0
0
0
35
109
197
241
225
154
63
13
0
0
1
20
85
182
240
236
171
74
0
0
0
0
20
85
182
240
236
171
74
15
0
0
0
16
78
178
240
240
178
78
0
0
0
0
16
78
178
240
240
178
78
16
0
0
0
16
78
178
240
240
178
78
0
0
0
0
16
78
178
240
240
178
78
16
0
0
0
16
78
178
240
240
178
78
0
0
0
0
16
78
178
240
240
178
78
16
0
0
0
16
78
178
240
240
178
78
0
0
0
0
16
78
178
240
240
178
78
16
0
0
0
16
78
178
240
240
178
78
0
0
0
0
16
78
178
240
240
178
78
16
0
0
0
16
78
178
240
240
178
78
0
0
0
0
16
78
178
240
240
178
78
16
0
0
0
16
78
178
240
240
178
78
0
0
0
0
16
78
178
240
240
178
78
16
0
0
0
16
78
178
240
240
178
78
0
0
0
0
15
74
171
236
240
182
85
20
1
0
0
15
73
167
225
225
167
73
0
0
0
0
12
58
142
210
225
182
98
30
4
0
0
12
55
124
167
167
124
55
0
0
0
0
5
30
85
142
167
148
93
36
7
0
0
5
24
55
73
73
55
24
0
0
0
0
0
0
0
0
0
0
0
0
0
0
0
0
0
0
0
0
0
0
0
0
0
0
0
0
0
0
0
0
0
0
0
0
0
0
0
0
0
0
0
0
0
0
