23
24
0
0
0
0
0
0
0
0
0
0
0
0
0
0
0
0
0
0
0
0
0
0
0
0
0
0
0
0
0
0
0
0
0
0
0
0
0
0
0
0
0
0
0
0
0
0
0
0
5
15
30
41
31
20
20
42
90
137
141
109
81
58
30
9
1
0
0
0
0
0
0
24
61
98
116
102
85
85
113
166
211
217
197
175
143
89
37
9
1
0
0
0
0
0
55
128
182
202
193
182
182
197
221
236
240
240
236
214
161
89
30
5
0
0
0
0
0
73
168
228
246
243
240
236
229
217
199
201
226
246
246
214
143
58
12
0
0
0
0
0
78
178
240
255
255
247
226
191
151
115
120
170
226
250
237
175
81
19
1
0
0
0
0
78
178
240
255
251
226
170
110
66
39
49
110
191
241
243
197
109
35
5
0
0
0
0
74
171
236
255
244
198
114
45
15
6
16
66
151
222
246
221
147
59
12
0
0
0
0
59
147
221
251
241
182
85
20
1
0
5
35
109
197
243
236
171
74
15
0
0
0
0
35
109
197
244
240
178
78
16
0
0
1
20
85
182
241
240
178
78
16
0
0
0
0
20
85
182
241
240
178
78
16
0
0
0
16
78
178
240
240
178
78
16
0
0
0
0
16
78
178
240
240
178
78
16
0
0
0
15
74
171
236
240
182
85
20
0
0
0
0
15
74
171
236
240
182
85
20
1
0
0
12
59
147
221
240
197
109
35
0
0
0
0
12
59
147
221
240
197
109
35
5
0
0
5
35
109
197
240
221
147
59
0
0
0
0
5
35
109
197
240
221
147
59
12
0
0
1
20
85
182
240
236
171
74
0
0
0
0
1
20
85
182
240
236
171
74
15
0
0
0
16
78
178
240
240
178
78
0
0
0
0
0
16
78
178
240
240
178
78
16
0
0
0
16
78
178
240
240
178
78
0
0
0
0
0
16
78
178
240
240
178
78
16
0
0
0
15
74
170
231
228
168
73
0
0
0
0
0
15
74
171
236
240
182
85
20
1
0
0
12
58
139
191
182
128
55
0
0
0
0
0
12
59
146
216
228
183
98
30
4
0
0
5
30
79
112
98
61
24
0
0
0
0
0
5
34
100
167
182
152
93
36
7
0
0
1
9
27
40
30
15
5
0
0
0
0
0
0
0
0
0
0
0
0
0
0
0
0
0
0
0
0
0
0
0
0
0
0
0
0
0
0
0
0
0
0
0
0
0
0
0
0
0
0
0
0
0
0
0
0
