24
25
0
0
0
0
0
0
0
0
0
0
0
0
0
0
0
0
0
0
0
0
0
0
0
0
0
0
0
0
0
0
0
0
0
0
0
0
0
0
0
0
0
0
0
0
0
0
0
0
0
0
0
1
5
11
12
12
26
55
80
107
135
132
104
81
62
36
13
2
1
0
0
0
0
0
7
17
34
57
60
53
75
130
172
196
214
212
194
176
146
91
35
7
1
0
0
0
0
0
33
67
106
143
148
132
143
193
231
244
249
248
243
236
208
143
66
19
3
1
0
0
0
0
75
140
189
218
222
209
208
227
241
241
239
240
246
250
235
185
110
45
12
2
0
0
0
0
99
180
231
250
251
244
232
216
200
186
180
188
213
239
246
221
160
81
25
4
0
0
0
0
93
174
231
252
255
247
216
163
119
92
84
104
158
218
247
240
189
102
33
5
0
0
0
0
68
142
213
248
254
239
187
109
52
26
23
50
121
202
246
245
199
114
39
7
0
0
0
0
47
118
200
245
251
225
158
74
22
4
6
34
104
191
242
247
211
135
57
14
0
0
0
0
35
104
191
241
247
212
138
61
16
2
4
26
86
169
230
249
230
169
86
26
0
0
0
0
26
86
169
230
245
215
146
71
22
4
2
14
57
135
211
247
241
191
103
33
0
0
0
0
14
57
135
211
244
231
174
93
30
5
1
7
39
111
195
242
244
199
114
39
0
0
0
0
7
39
114
199
244
242
195
111
39
7
1
5
30
93
174
231
244
211
135
57
0
0
0
0
5
33
103
191
241
247
211
135
57
14
2
4
21
68
142
213
244
230
169
86
0
0
0
0
4
26
86
169
230
249
230
169
86
26
4
2
11
47
118
200
244
241
191
103
0
0
0
0
2
14
57
135
211
247
241
191
103
33
5
1
6
35
104
191
241
244
199
114
0
0
0
0
1
7
39
114
199
245
245
199
114
39
7
1
4
26
86
169
230
244
211
134
0
0
0
0
0
5
33
103
191
241
247
211
135
57
14
2
2
14
57
134
206
233
214
152
0
0
0
0
0
4
26
86
169
230
249
230
169
86
26
4
1
7
37
103
168
186
169
124
0
0
0
0
0
2
14
57
135
211
247
241
190
101
32
5
0
4
25
69
106
101
80
56
0
0
0
0
0
1
7
38
108
189
231
228
180
94
28
4
0
2
11
29
42
32
19
12
0
0
0
0
0
0
4
26
80
144
175
169
129
64
17
2
0
1
3
6
8
5
1
0
0
0
0
0
0
0
0
0
0
0
0
0
0
0
0
0
0
0
0
0
0
0
0
0
0
0
0
0
0
0
0
0
0
0
0
0
0
0
0
0
0
0
0
0
0
0
0
0
0
0
