21
25
0
0
0
0
0
0
0
0
0
0
0
0
0
0
0
0
0
0
0
0
0
0
0
0
0
0
0
0
0
0
0
0
0
0
0
0
0
0
0
0
0
0
0
0
5
24
55
73
74
59
35
24
35
59
71
58
30
9
1
0
0
0
0
0
0
12
55
124
167
171
147
109
91
109
147
165
143
90
41
15
5
1
0
0
0
0
15
73
167
225
236
221
197
185
197
221
232
214
166
109
65
30
9
0
0
0
0
16
78
178
240
255
251
243
237
233
236
239
236
221
190
146
85
30
0
0
0
0
16
78
178
240
255
255
247
226
198
182
183
200
227
236
212
146
65
0
0
0
0
16
78
178
240
255
247
219
167
113
85
88
128
195
240
240
190
105
0
0
0
0
20
85
182
240
247
219
163
94
42
20
28
74
158
226
246
217
141
0
0
0
0
35
109
197
240
226
167
94
37
9
1
10
54
140
215
243
217
141
0
0
0
0
59
147
221
240
198
113
42
9
1
0
13
63
154
225
241
197
109
0
0
0
0
74
171
236
240
182
85
20
1
0
0
15
74
171
236
240
182
85
0
0
0
0
78
178
240
240
178
78
16
0
0
0
16
78
178
240
240
178
78
0
0
0
0
78
178
240
240
178
78
16
0
0
0
16
78
178
240
240
178
78
0
0
0
0
78
178
240
240
178
78
16
0
0
0
16
78
178
240
240
178
78
0
0
0
0
78
178
240
240
178
78
16
0
0
0
16
78
178
240
240
178
78
0
0
0
0
78
178
240
240
178
78
16
0
0
0
16
78
178
240
240
178
78
0
0
0
0
78
178
240
240
178
78
16
0
0
0
16
78
178
240
240
178
78
0
0
0
0
78
178
240
240
178
78
16
0
0
0
16
78
178
240
240
178
78
0
0
0
0
85
182
240
236
171
74
15
0
0
0
16
78
178
240
240
178
78
0
0
0
0
98
182
225
210
142
58
12
0
0
1
20
85
182
240
236
171
74
0
0
0
0
93
148
167
142
85
30
5
0
0
4
30
98
182
225
210
142
58
0
0
0
0
48
70
73
58
30
9
1
0
0
7
36
93
148
167
142
85
30
0
0
0
0
0
0
0
0
0
0
0
0
0
0
0
0
0
0
0
0
0
0
0
0
0
0
0
0
0
0
0
0
0
0
0
0
0
0
0
0
0
0
0
0
