22
25
0
0
0
0
0
0
0
0
0
0
0
0
0
0
0
0
0
0
0
0
0
0
0
0
0
0
0
0
0
0
0
0
0
0
0
0
0
0
0
0
0
0
0
0
0
0
0
12
55
124
167
168
128
66
30
35
59
71
58
30
9
1
0
0
0
0
0
0
0
15
73
167
225
229
190
128
95
109
147
165
143
90
41
15
5
1
0
0
0
0
0
16
78
178
240
251
232
201
186
197
221
232
214
166
109
65
30
9
0
0
0
0
1
20
85
182
241
255
250
240
230
229
236
242
242
225
191
146
85
30
0
0
0
0
5
35
109
197
244
255
247
226
198
182
183
201
231
246
241
211
142
58
0
0
0
0
12
59
147
221
250
247
219
167
113
85
88
128
195
241
254
236
171
74
0
0
0
0
15
74
171
236
250
226
167
95
42
20
27
71
152
222
251
240
178
78
0
0
0
0
16
78
178
240
244
198
113
42
9
1
5
35
109
197
244
240
178
78
0
0
0
0
20
85
182
241
241
182
85
20
1
0
1
20
85
182
241
240
178
78
0
0
0
0
35
109
197
243
236
171
74
15
0
0
1
20
85
182
241
240
178
78
0
0
0
0
59
147
221
246
221
147
59
12
0
0
5
35
109
197
243
236
171
74
0
0
0
0
74
171
236
243
197
109
35
5
0
0
12
59
147
221
246
221
147
59
0
0
0
0
78
178
240
241
182
85
20
1
0
0
15
74
171
236
243
197
109
35
0
0
0
0
78
178
240
240
178
78
16
0
0
0
16
78
178
240
241
182
85
20
0
0
0
0
85
182
240
236
171
74
15
0
0
0
16
78
178
240
240
178
78
16
0
0
0
0
109
197
240
221
147
59
12
0
0
1
20
85
182
240
236
171
74
15
0
0
0
0
147
221
240
197
109
35
5
0
0
5
35
109
197
240
221
147
59
12
0
0
0
0
160
221
225
170
80
19
1
0
0
12
59
147
221
240
197
109
35
5
0
0
0
0
124
167
167
124
55
12
0
0
0
15
74
171
236
240
182
85
20
1
0
0
0
0
55
73
73
55
24
5
0
0
0
15
73
167
225
225
167
73
15
0
0
0
0
0
12
15
15
12
5
1
0
0
0
12
55
124
167
167
124
55
12
0
0
0
0
0
0
0
0
0
0
0
0
0
0
0
0
0
0
0
0
0
0
0
0
0
0
0
0
0
0
0
0
0
0
0
0
0
0
0
0
0
0
0
0
0
0
0
