23
26
0
0
0
0
0
0
0
0
0
0
0
0
0
0
0
0
0
0
0
0
0
0
0
0
0
0
0
0
0
0
0
0
0
0
0
0
0
0
0
0
0
0
0
0
0
0
0
0
0
0
4
20
58
103
122
102
69
38
17
12
14
11
5
1
0
0
0
0
0
0
0
0
0
5
30
91
163
200
189
155
105
65
59
67
58
35
18
10
5
1
0
0
0
0
0
1
7
39
111
194
238
241
220
179
143
146
159
145
108
77
53
28
9
0
0
0
0
0
2
14
57
135
211
248
255
248
231
215
219
228
220
195
169
134
82
32
0
0
0
0
0
4
26
86
169
230
252
254
250
242
237
236
239
241
239
232
206
145
67
0
0
0
0
0
5
33
103
191
241
254
247
227
206
194
186
188
207
235
250
238
185
98
0
0
0
0
1
7
39
114
199
245
251
229
180
131
105
92
99
141
204
243
245
204
121
0
0
0
0
2
14
57
135
211
247
244
203
129
64
35
26
39
93
175
233
248
219
147
0
0
0
0
4
26
86
169
230
249
230
171
90
30
8
5
22
79
165
228
249
229
165
0
0
0
0
5
33
103
191
241
247
211
135
57
14
2
4
28
91
178
235
249
226
160
0
0
0
0
7
39
114
199
244
242
194
109
38
7
1
5
33
104
192
242
247
210
133
0
0
0
0
14
57
135
211
244
230
169
86
26
4
1
7
39
114
199
245
245
199
114
0
0
0
0
26
86
169
230
244
211
135
57
14
2
2
14
57
135
211
247
241
191
103
0
0
0
0
38
109
194
242
244
199
114
39
7
1
4
26
86
169
230
249
230
169
86
0
0
0
0
57
135
211
247
241
191
103
33
5
0
5
33
103
191
241
247
211
135
57
0
0
0
0
86
169
230
249
230
169
86
26
4
1
7
39
114
199
244
242
195
111
39
0
0
0
0
103
191
241
247
211
135
57
14
2
2
14
57
135
211
244
231
174
93
30
0
0
0
0
101
184
230
234
195
113
39
7
1
4
26
86
169
230
244
213
142
68
21
0
0
0
0
75
137
174
186
165
97
33
5
0
5
33
103
191
241
244
200
118
47
11
0
0
0
0
33
60
81
101
106
69
25
4
0
5
34
106
195
243
241
191
104
35
6
0
0
0
0
7
13
19
32
42
29
11
2
0
4
28
94
180
226
219
164
85
26
4
0
0
0
0
0
0
1
5
8
6
3
1
0
2
17
64
129
165
156
110
51
14
2
0
0
0
0
0
0
0
0
0
0
0
0
0
0
0
0
0
0
0
0
0
0
0
0
0
0
0
0
0
0
0
0
0
0
0
0
0
0
0
0
0
0
0
0
0
0
0
0
