26
36
0
0
0
0
0
0
0
0
0
0
0
0
0
0
0
0
0
0
0
0
0
0
0
0
0
0
0
0
0
0
0
0
0
0
0
0
0
0
0
0
0
0
0
0
0
0
0
0
0
0
0
0
0
0
1
1
1
1
4
12
30
57
87
118
139
148
149
145
132
104
72
42
19
6
2
1
0
0
0
0
1
1
1
4
16
43
85
131
169
196
210
215
215
214
205
184
150
106
60
24
7
2
0
0
0
0
1
1
3
14
45
99
157
201
223
228
222
216
215
218
225
226
212
177
121
62
21
5
0
0
0
0
1
2
9
36
91
160
211
233
227
201
170
151
148
157
181
211
229
221
180
112
49
14
0
0
0
0
2
5
23
70
142
205
234
225
186
134
88
66
62
73
104
154
204
230
216
160
85
30
0
0
0
0
3
11
44
110
184
229
229
188
125
66
30
17
15
21
42
90
158
214
228
192
119
49
0
0
0
0
4
21
70
148
213
234
207
140
70
25
7
3
3
4
14
47
111
178
209
192
132
60
0
0
0
0
8
34
98
178
228
228
176
97
35
8
2
2
2
2
6
23
67
120
150
145
105
51
0
0
0
0
12
50
124
200
234
213
145
66
18
4
2
2
2
3
4
10
29
55
71
70
52
26
0
0
0
0
18
65
146
214
233
194
116
45
12
7
11
14
15
14
12
9
10
16
21
20
15
8
0
0
0
0
23
79
163
223
227
174
92
34
19
29
47
59
63
60
50
32
17
9
6
5
3
2
0
0
0
0
29
92
176
227
220
157
81
47
59
90
123
144
150
146
128
95
61
33
14
5
2
1
0
0
0
0
35
102
185
230
215
153
97
95
132
170
199
214
218
216
204
177
138
91
47
18
5
2
0
0
0
0
39
110
192
232
218
171
143
160
193
210
215
218
221
227
233
228
206
164
108
53
18
4
0
0
0
0
43
116
197
236
230
203
191
196
195
177
160
153
158
174
202
226
234
217
172
106
46
13
0
0
0
0
44
119
199
239
241
223
200
172
136
99
74
66
71
91
131
179
219
235
216
159
85
30
0
0
0
0
45
119
199
239
238
207
157
106
63
35
20
16
18
30
61
113
176
224
234
198
126
53
0
0
0
0
44
119
198
236
223
168
98
46
19
8
3
2
3
7
21
59
127
198
234
220
159
79
0
0
0
0
42
115
196
232
210
139
61
18
5
2
1
1
1
2
7
30
88
168
224
230
182
101
0
0
0
0
39
109
191
230
207
131
53
12
2
1
1
1
1
1
3
16
63
143
213
233
196
117
0
0
0
0
34
101
184
229
211
138
57
14
2
1
1
0
1
1
2
12
51
130
206
233
202
125
0
0
0
0
28
90
174
226
217
151
69
19
3
1
1
0
1
1
2
11
49
126
203
233
203
126
0
0
0
0
22
76
158
220
224
170
87
27
5
1
1
1
1
1
2
12
51
129
205
232
200
122
0
0
0
0
15
60
138
209
229
190
111
41
9
2
1
1
1
1
3
16
62
142
212
231
192
112
0
0
0
0
10
44
114
192
230
210
142
66
20
5
2
1
1
2
7
29
87
166
222
227
176
95
0
0
0
0
6
29
86
166
221
226
180
107
46
16
5
3
3
6
20
60
127
197
231
215
151
72
0
0
0
0
4
16
57
130
199
231
214
161
98
50
24
15
16
27
57
111
176
223
230
190
117
47
0
0
0
0
2
8
32
87
160
214
231
210
165
116
79
63
64
83
124
175
217
231
208
149
77
26
0
0
0
0
1
3
14
47
106
172
216
230
218
191
163
149
150
166
195
221
230
211
162
96
40
11
0
0
0
0
1
2
5
19
54
110
167
207
225
227
220
216
216
221
227
223
200
157
100
47
15
4
0
0
0
0
1
1
2
6
19
51
96
141
177
201
213
215
215
212
198
171
132
86
44
16
5
1
0
0
0
0
1
1
1
2
5
15
36
65
96
125
143
149
148
141
122
90
58
31
13
4
1
1
0
0
0
0
0
0
0
0
0
0
0
0
0
0
0
0
0
0
0
0
0
0
0
0
0
0
0
0
0
0
0
0
0
0
0
0
0
0
0
0
0
0
0
0
0
0
0
0
0
0
0
0
0
0
