31
44
0
0
0
0
0
0
0
0
0
0
0
0
0
0
0
0
0
0
0
0
0
0
0
0
0
0
0
0
0
0
0
0
0
0
0
0
0
0
0
0
0
0
0
0
0
0
0
0
0
0
0
0
0
0
0
0
0
0
0
0
0
0
0
0
0
1
1
1
1
1
3
8
16
28
45
63
75
79
80
79
74
61
43
26
14
7
3
1
1
1
1
0
0
0
0
1
1
1
1
2
5
13
30
54
80
109
135
152
158
159
157
151
133
105
75
47
25
10
3
1
1
1
0
0
0
0
1
1
1
2
6
17
42
78
119
154
183
204
215
218
219
218
214
202
179
147
108
67
33
12
4
1
1
0
0
0
0
1
1
2
5
18
47
93
143
186
214
229
234
232
230
229
230
232
233
226
208
176
129
76
33
11
3
1
0
0
0
0
1
2
4
14
42
92
151
200
229
238
233
217
199
188
185
188
200
217
232
235
222
185
129
69
27
8
3
0
0
0
0
1
3
9
31
77
142
199
232
240
229
201
162
129
111
107
113
131
164
200
228
237
221
176
112
52
17
5
0
0
0
0
2
6
19
57
119
184
228
241
228
193
143
94
59
43
40
44
61
96
145
197
230
236
210
153
84
32
9
0
0
0
0
3
10
35
89
159
215
240
233
197
141
83
41
19
11
9
12
20
44
90
153
209
234
226
182
113
49
15
0
0
0
0
5
18
56
122
190
232
239
213
156
90
39
14
5
3
3
3
6
18
51
112
176
215
220
190
129
62
20
0
0
0
0
7
28
79
152
212
240
231
186
116
52
17
5
2
2
2
2
3
8
29
74
130
168
178
159
114
58
20
0
0
0
0
11
41
103
176
227
240
217
158
84
31
8
3
2
2
2
2
2
5
15
40
74
99
106
97
71
37
13
0
0
0
0
16
56
125
195
235
236
199
131
60
19
5
3
3
4
4
4
4
4
7
16
29
39
42
39
29
15
6
0
0
0
0
22
69
143
208
238
228
179
105
43
12
6
9
14
17
18
18
16
12
8
7
9
11
11
10
7
4
2
0
0
0
0
28
81
157
217
238
218
159
84
32
15
20
35
51
61
65
64
59
45
28
15
9
5
4
3
2
1
1
0
0
0
0
34
93
169
224
237
207
141
72
37
41
63
94
122
139
145
144
134
112
81
52
30
14
6
3
2
1
1
0
0
0
0
40
103
179
228
235
199
134
78
69
98
135
168
194
208
212
212
205
186
156
119
80
44
19
7
3
1
1
0
0
0
0
45
111
186
231
234
198
143
111
126
165
198
217
227
232
234
236
237
231
216
189
148
98
53
22
7
2
1
0
0
0
0
50
117
191
234
236
208
172
161
182
207
215
210
205
203
204
211
224
236
240
231
206
162
106
54
20
6
2
0
0
0
0
53
122
195
236
242
226
208
202
205
199
177
152
136
131
133
146
171
202
227
240
236
211
162
99
44
14
4
0
0
0
0
54
124
196
237
247
239
224
204
179
145
107
77
60
54
57
69
98
139
184
221
240
236
204
145
78
29
8
0
0
0
0
54
124
196
238
247
236
206
163
117
77
46
26
17
14
15
22
40
74
125
182
225
242
228
182
113
50
15
0
0
0
0
54
123
196
237
242
217
166
105
58
29
14
7
4
3
3
5
12
31
73
137
199
235
239
208
145
73
25
0
0
0
0
52
122
194
235
235
197
129
63
24
9
4
2
1
1
1
2
4
12
40
97
168
222
241
223
169
95
36
0
0
0
0
50
117
191
233
231
187
113
46
13
4
2
1
1
1
1
1
2
5
22
68
140
206
238
231
186
113
47
0
0
0
0
45
111
186
231
232
187
113
45
12
3
2
1
1
1
1
1
1
3
14
51
120
192
234
235
196
125
55
0
0
0
0
41
104
179
228
233
193
121
51
14
3
1
1
1
0
1
1
1
2
11
43
110
184
231
237
201
131
59
0
0
0
0
34
93
170
224
235
202
133
60
18
4
1
1
1
0
1
1
1
2
10
41
107
182
230
237
202
132
59
0
0
0
0
28
81
156
216
236
212
150
75
25
6
2
1
1
1
1
1
1
2
11
43
108
183
230
236
200
129
58
0
0
0
0
21
66
139
205
236
223
170
94
36
9
2
1
1
1
1
1
1
3
13
48
116
189
232
234
194
122
53
0
0
0
0
15
52
119
190
232
232
190
119
52
16
4
2
1
1
1
1
2
5
20
62
133
201
235
229
184
110
45
0
0
0
0
10
38
96
169
222
237
211
150
79
30
9
3
2
1
1
2
3
10
35
89
161
217
238
220
166
91
35
0
0
0
0
7
25
72
142
205
236
228
185
119
59
24
9
4
3
3
4
9
26
65
128
192
231
236
205
141
70
23
0
0
0
0
4
15
48
110
179
225
237
216
168
109
60
30
15
10
10
14
29
61
113
173
220
239
226
180
110
48
14
0
0
0
0
3
8
28
75
141
200
233
235
211
168
120
78
51
41
41
51
77
120
170
213
236
233
201
142
76
28
8
0
0
0
0
2
4
14
43
95
159
209
234
235
216
184
149
121
109
109
120
147
184
216
235
234
210
160
97
43
14
4
0
0
0
0
1
2
6
19
53
106
164
208
231
236
227
210
194
186
186
193
209
227
236
231
208
164
107
54
20
6
2
0
0
0
0
1
1
2
7
23
56
104
155
195
220
231
234
231
229
229
231
233
231
218
193
154
104
57
23
7
2
1
0
0
0
0
1
1
1
2
7
22
50
89
130
165
191
209
217
218
218
217
209
191
163
127
87
49
22
8
3
1
1
0
0
0
0
1
1
1
1
2
6
17
36
62
90
119
142
155
158
158
155
144
120
89
60
34
16
6
2
1
1
1
0
0
0
0
0
1
1
1
1
2
4
10
20
33
51
68
77
79
80
77
69
52
33
19
9
4
2
1
1
1
1
0
0
0
0
0
0
0
0
0
0
0
0
0
0
0
0
0
0
0
0
0
0
0
0
0
0
0
0
0
0
0
0
0
0
0
0
0
0
0
0
0
0
0
0
0
0
0
0
0
0
0
0
0
0
0
0
0
0
0
0
0
0
0
0
