31
38
0
0
0
0
0
0
0
0
0
0
0
0
0
0
0
0
0
0
0
0
0
0
0
0
0
0
0
0
0
0
0
0
0
0
0
0
0
0
0
0
0
0
0
0
0
0
0
0
0
0
0
0
0
0
0
0
0
0
0
0
0
0
0
0
0
1
1
1
1
1
3
7
15
25
39
53
62
65
66
66
62
51
37
23
13
6
3
1
1
1
1
0
0
0
0
1
1
1
1
2
6
15
32
54
79
105
128
142
147
148
147
141
126
101
74
49
27
12
4
2
1
1
0
0
0
0
1
1
1
3
8
23
50
87
125
158
183
201
209
211
212
212
209
199
179
151
116
76
40
16
5
2
1
0
0
0
0
1
1
3
9
26
62
110
159
196
217
226
224
217
212
211
213
218
223
223
212
187
145
92
45
17
5
2
0
0
0
0
1
2
7
23
60
116
174
214
232
231
214
188
163
149
145
150
164
188
213
229
227
201
151
91
40
13
4
0
0
0
0
2
5
17
50
106
170
217
236
230
202
160
115
82
66
63
67
84
117
161
204
230
229
198
139
74
28
8
0
0
0
0
3
10
35
86
153
209
236
231
198
146
92
50
27
18
16
19
29
53
98
158
209
231
220
176
108
47
14
0
0
0
0
5
19
59
124
191
231
237
209
152
88
41
16
6
3
3
4
7
19
52
108
169
206
210
180
122
59
19
0
0
0
0
9
32
86
158
216
239
226
177
107
47
15
5
2
2
2
2
3
7
25
64
112
145
154
138
99
51
17
0
0
0
0
14
48
114
185
230
238
208
144
73
25
7
3
3
3
3
3
3
4
11
29
53
70
76
69
51
27
10
0
0
0
0
20
65
137
204
237
230
185
113
49
15
7
9
13
16
17
17
15
12
9
11
17
22
23
21
16
9
3
0
0
0
0
27
80
156
216
238
219
161
88
36
19
24
38
53
62
65
65
59
47
31
19
12
8
6
5
4
2
1
0
0
0
0
35
94
170
224
237
207
143
76
45
51
75
103
129
145
150
149
140
120
91
64
39
21
9
4
2
1
1
0
0
0
0
42
105
181
229
235
200
139
91
88
118
152
180
200
211
215
215
211
196
172
140
102
63
32
13
4
2
1
0
0
0
0
47
114
188
233
236
204
159
137
152
182
202
209
212
214
216
221
227
230
225
207
175
130
81
39
14
4
2
0
0
0
0
51
120
193
235
240
221
196
186
193
196
185
167
156
152
154
164
185
209
228
234
224
194
144
86
38
12
4
0
0
0
0
53
123
196
237
246
236
217
197
175
147
115
88
72
67
70
81
107
145
185
219
236
230
196
139
75
29
8
0
0
0
0
54
124
196
237
246
232
199
155
112
75
47
29
20
18
19
25
42
74
121
176
221
239
227
183
116
53
17
0
0
0
0
53
123
195
236
240
211
156
95
50
26
13
6
4
3
3
5
11
28
65
125
189
230
238
211
151
79
29
0
0
0
0
51
119
192
234
233
193
123
57
20
7
3
2
1
1
1
1
3
9
32
83
155
214
239
227
177
103
42
0
0
0
0
46
113
187
231
232
188
114
46
12
3
2
1
1
1
1
1
2
4
17
57
127
197
235
234
193
121
52
0
0
0
0
41
104
179
228
233
193
121
51
14
3
1
1
1
0
1
1
1
3
12
45
112
186
231
236
200
129
58
0
0
0
0
34
91
168
222
235
203
135
63
19
4
1
1
1
0
1
1
1
2
10
42
108
183
230
236
201
131
59
0
0
0
0
26
76
151
212
236
216
156
82
29
7
2
1
1
1
1
1
1
3
12
45
111
186
231
235
197
126
56
0
0
0
0
18
59
129
197
234
227
180
107
45
13
3
1
1
1
1
1
2
4
17
56
126
195
234
231
188
116
49
0
0
0
0
12
42
103
175
225
235
204
141
73
27
8
3
1
1
1
2
3
10
32
83
153
212
237
222
170
97
38
0
0
0
0
7
27
75
144
206
234
225
181
117
60
26
11
5
3
3
5
11
28
65
126
188
229
235
205
142
72
25
0
0
0
0
4
15
47
106
173
220
234
216
171
116
70
39
23
17
17
22
39
71
120
176
219
236
221
174
106
46
14
0
0
0
0
3
7
25
66
127
186
224
233
216
181
139
101
75
64
64
74
100
139
182
217
233
224
187
128
67
25
7
0
0
0
0
1
3
11
32
75
132
185
219
231
224
204
178
157
147
146
156
177
203
223
230
219
185
133
76
33
11
3
0
0
0
0
1
1
4
12
33
72
122
169
203
221
226
222
215
211
211
215
222
225
219
201
168
122
73
34
12
4
1
0
0
0
0
1
1
1
4
11
28
59
98
136
167
190
205
211
212
212
211
205
190
165
133
96
58
28
11
4
1
1
0
0
0
0
1
1
1
1
3
8
19
38
62
87
113
134
145
148
148
145
135
114
87
60
37
18
8
3
1
1
1
0
0
0
0
0
1
1
1
1
2
4
9
18
29
44
57
64
66
66
64
57
44
29
17
9
4
2
1
1
1
1
0
0
0
0
0
0
0
0
0
0
0
0
0
0
0
0
0
0
0
0
0
0
0
0
0
0
0
0
0
0
0
0
0
0
0
0
0
0
0
0
0
0
0
0
0
0
0
0
0
0
0
0
0
0
0
0
0
0
0
0
0
0
0
0
