31
48
0
0
0
0
0
0
0
0
0
0
0
0
0
0
0
0
0
0
0
0
0
0
0
0
0
0
0
0
0
0
0
0
0
0
0
0
0
0
0
0
0
0
0
0
0
0
0
0
0
0
0
0
0
0
0
0
0
0
0
0
0
0
0
0
0
1
1
1
1
2
5
11
23
40
63
87
102
108
109
108
101
84
60
37
20
9
4
2
1
1
1
0
0
0
0
1
1
1
1
2
6
16
37
66
98
131
159
176
182
183
182
175
156
126
92
59
31
13
4
2
1
1
0
0
0
0
1
1
1
2
6
19
46
86
131
169
197
217
227
230
230
230
226
215
193
160
119
75
36
13
4
2
1
0
0
0
0
1
1
2
5
17
47
95
148
193
221
235
239
238
235
234
235
238
238
232
215
182
133
77
33
11
3
2
0
0
0
0
1
1
4
12
39
88
150
201
231
241
238
224
207
196
193
197
208
224
237
238
223
185
126
65
24
7
3
0
0
0
0
1
2
8
26
70
134
195
231
243
235
211
176
142
124
120
126
145
177
211
234
239
219
171
105
47
15
4
0
0
0
0
2
4
15
48
107
175
223
242
236
208
162
111
72
53
49
55
74
112
163
209
235
235
204
143
75
27
7
0
0
0
0
3
8
28
76
145
206
238
239
212
163
104
55
26
15
13
16
28
57
108
171
219
238
223
174
104
43
12
0
0
0
0
4
13
45
106
177
226
242
225
178
113
56
22
8
4
3
4
9
25
66
131
195
230
230
193
127
58
18
0
0
0
0
6
21
64
135
201
237
238
204
139
71
26
8
3
2
2
2
4
12
40
96
162
204
213
188
131
65
22
0
0
0
0
8
31
85
159
218
241
228
178
105
43
12
3
2
1
1
1
2
6
24
63
115
152
163
148
107
55
19
0
0
0
0
12
44
107
180
229
240
214
153
79
27
7
2
2
2
2
2
2
4
12
34
63
85
92
84
62
33
12
0
0
0
0
17
57
126
196
236
236
199
129
59
18
4
3
3
4
4
4
4
4
6
13
24
33
35
32
24
13
5
0
0
0
0
22
69
143
208
239
229
180
106
43
12
5
7
10
12
13
13
11
9
6
6
7
9
9
8
6
4
2
0
0
0
0
27
80
156
216
239
220
162
86
32
12
14
25
38
46
48
48
44
33
19
10
6
4
4
3
2
1
1
0
0
0
0
33
90
167
222
238
210
145
72
31
27
44
71
98
115
121
120
111
88
59
34
18
9
4
3
2
1
1
0
0
0
0
38
100
176
227
236
201
134
70
50
69
104
141
172
189
195
195
185
161
125
88
54
26
10
4
2
1
1
0
0
0
0
43
108
183
230
234
197
134
88
93
133
174
204
224
233
237
237
232
218
194
158
112
66
31
11
3
1
1
0
0
0
0
47
114
188
232
234
199
150
128
151
191
218
229
232
234
235
238
242
242
234
214
175
124
71
31
10
3
1
0
0
0
0
51
119
192
234
237
212
182
177
198
216
216
204
194
191
192
201
217
234
243
240
220
180
123
65
24
7
2
0
0
0
0
53
123
195
236
243
230
215
211
210
197
169
140
122
116
118
132
161
196
225
241
241
219
172
107
48
16
4
0
0
0
0
54
124
196
238
248
242
228
208
180
142
101
69
51
46
48
62
92
135
182
221
241
238
207
148
79
30
8
0
0
0
0
54
124
196
238
248
238
211
168
120
77
45
24
14
12
13
20
39
74
127
185
227
243
229
182
112
48
14
0
0
0
0
54
124
196
237
243
221
173
113
63
31
14
6
3
3
3
5
13
33
78
143
204
238
239
206
141
69
23
0
0
0
0
53
123
195
236
237
201
136
69
27
10
4
2
1
1
1
2
4
14
45
105
177
226
241
221
164
89
33
0
0
0
0
51
120
193
234
232
188
115
48
14
4
2
1
1
1
1
1
2
7
26
76
150
212
239
229
181
107
43
0
0
0
0
48
115
189
232
231
185
110
44
11
3
2
1
1
1
1
1
2
4
17
57
128
197
236
234
193
120
52
0
0
0
0
44
109
184
230
232
189
115
47
12
3
1
1
1
0
1
1
1
3
12
46
114
187
232
236
199
129
57
0
0
0
0
39
101
177
227
234
195
123
52
14
3
1
1
1
0
1
1
1
2
10
42
108
183
230
237
202
132
60
0
0
0
0
33
91
168
223
235
203
135
62
18
4
1
1
1
0
1
1
1
2
10
41
106
182
230
237
202
132
59
0
0
0
0
27
80
156
216
237
213
151
76
25
6
2
1
1
0
1
1
1
2
10
42
108
183
230
236
200
129
58
0
0
0
0
21
67
141
206
236
223
169
93
34
8
2
1
1
1
1
1
1
3
12
47
114
188
232
234
195
123
54
0
0
0
0
16
54
123
194
234
231
187
114
48
13
3
1
1
1
1
1
2
4
17
58
128
198
235
231
187
113
47
0
0
0
0
11
41
103
177
227
237
206
140
69
23
6
2
1
1
1
1
3
8
28
79
151
212
238
224
172
98
38
0
0
0
0
8
29
81
154
214
238
223
171
101
43
14
5
2
2
2
2
5
16
50
111
180
227
238
213
152
78
27
0
0
0
0
5
19
60
127
195
233
235
202
143
79
36
14
6
4
3
6
14
38
85
151
208
237
234
195
127
58
18
0
0
0
0
4
12
40
97
167
219
239
227
187
131
78
41
20
13
13
20
40
79
134
191
229
240
220
168
97
40
11
0
0
0
0
3
7
23
65
129
192
230
239
222
185
138
94
63
50
50
62
92
138
186
223
239
231
193
131
66
23
6
0
0
0
0
2
4
12
37
87
151
206
234
239
225
197
163
135
122
121
134
161
196
225
239
234
206
153
89
38
12
4
0
0
0
0
1
2
5
17
49
102
162
209
234
240
233
218
202
195
194
202
217
232
240
233
209
163
104
50
18
5
2
0
0
0
0
1
1
2
7
22
56
107
161
202
226
237
239
237
235
235
237
239
237
225
200
159
107
57
23
7
2
1
0
0
0
0
1
1
1
3
8
24
55
99
143
179
205
222
229
230
230
229
222
205
177
140
96
54
24
8
3
1
1
0
0
0
0
1
1
1
1
3
8
21
45
76
109
141
166
179
182
182
180
167
142
108
74
43
20
8
3
1
1
1
0
0
0
0
0
1
1
1
1
3
6
15
28
47
72
93
105
108
108
106
94
73
47
27
14
6
2
1
1
1
1
0
0
0
0
0
0
0
0
0
0
0
0
0
0
0
0
0
0
0
0
0
0
0
0
0
0
0
0
0
0
0
0
0
0
0
0
0
0
0
0
0
0
0
0
0
0
0
0
0
0
0
0
0
0
0
0
0
0
0
0
0
0
0
0
