27
44
0
0
0
0
0
0
0
0
0
0
0
0
0
0
0
0
0
0
0
0
0
0
0
0
0
0
0
0
0
0
0
0
0
0
0
0
0
0
0
0
0
0
0
0
0
0
0
0
0
0
0
0
0
0
0
0
0
1
1
1
1
3
8
19
35
55
71
78
79
76
65
46
27
13
5
2
1
1
1
0
0
0
0
1
1
1
1
4
12
31
59
91
124
147
156
158
154
139
110
75
43
19
7
2
1
1
0
0
0
0
1
1
1
4
13
38
78
124
164
194
212
217
218
216
205
181
144
99
53
21
6
2
1
0
0
0
0
1
1
3
11
35
83
140
189
219
231
232
230
229
231
232
226
204
163
105
50
16
4
1
0
0
0
0
1
2
7
25
71
136
194
228
235
223
203
189
186
194
211
228
231
210
158
91
36
10
3
0
0
0
0
1
4
15
49
113
182
226
236
217
178
138
114
110
122
152
193
225
230
199
134
64
21
5
0
0
0
0
2
7
28
80
154
213
235
219
173
115
68
45
41
52
84
137
194
228
221
170
96
36
9
0
0
0
0
3
13
47
114
187
229
227
184
119
60
25
12
10
16
37
85
154
211
227
194
123
53
14
0
0
0
0
5
21
69
145
210
233
207
143
73
26
8
3
3
5
15
50
115
182
214
197
136
64
19
0
0
0
0
7
32
92
170
224
228
182
106
42
11
3
2
2
2
7
29
78
137
170
163
119
59
19
0
0
0
0
11
45
114
190
230
217
157
78
25
6
2
2
2
2
4
15
43
79
101
99
73
37
12
0
0
0
0
16
58
134
205
231
204
132
57
16
4
3
4
4
4
4
7
17
31
40
40
30
15
5
0
0
0
0
21
71
150
215
229
187
110
42
12
8
13
17
18
17
14
9
7
9
11
10
8
4
2
0
0
0
0
26
82
163
220
223
171
91
34
19
29
47
60
64
61
50
31
16
8
5
3
2
1
1
0
0
0
0
31
92
173
224
217
156
81
43
51
81
115
137
144
139
119
86
52
26
11
4
2
1
1
0
0
0
0
36
101
182
226
212
150
90
79
112
154
187
206
212
208
192
160
117
71
34
12
4
1
1
0
0
0
0
40
108
188
228
212
159
122
136
176
208
224
232
235
236
233
217
185
135
79
34
11
3
1
0
0
0
0
43
114
192
231
220
184
168
187
208
212
206
203
207
217
231
237
227
193
136
74
28
8
2
0
0
0
0
46
118
195
234
233
214
204
203
189
163
141
132
137
157
190
221
236
227
187
121
56
17
4
0
0
0
0
47
119
197
238
242
227
204
172
130
90
65
56
61
83
124
175
218
236
219
164
90
33
8
0
0
0
0
47
119
197
238
239
212
164
111
66
35
19
15
17
30
63
117
180
226
233
195
124
53
15
0
0
0
0
46
119
196
235
225
177
110
55
24
10
4
3
4
9
26
69
138
204
233
215
152
74
23
0
0
0
0
45
117
195
230
211
145
71
25
7
3
1
1
1
3
10
39
102
179
227
225
173
94
33
0
0
0
0
43
114
192
227
204
131
55
15
3
1
1
1
1
1
5
23
76
155
217
229
188
110
41
0
0
0
0
40
108
187
226
204
131
54
14
3
1
1
1
1
1
3
16
60
137
207
230
197
120
48
0
0
0
0
36
102
182
225
208
138
60
16
3
1
1
0
1
1
2
13
52
128
202
230
200
126
51
0
0
0
0
31
92
173
223
213
149
69
20
4
1
1
0
1
1
2
12
51
126
200
230
201
126
51
0
0
0
0
26
81
162
219
219
163
82
26
5
1
1
1
1
1
2
13
52
127
201
229
199
124
50
0
0
0
0
20
68
147
212
225
179
100
36
8
2
1
1
1
1
3
15
57
134
205
229
195
118
46
0
0
0
0
15
55
129
201
228
196
122
51
13
3
1
1
1
1
5
21
70
148
213
227
185
107
40
0
0
0
0
10
42
108
185
226
212
150
74
25
6
2
1
2
3
9
35
95
172
222
222
170
91
31
0
0
0
0
7
29
85
163
219
225
182
110
49
16
5
3
3
7
22
62
131
198
230
212
148
71
22
0
0
0
0
4
18
61
134
201
230
211
156
91
44
19
11
11
21
51
106
172
221
230
193
120
51
14
0
0
0
0
3
10
39
99
172
221
229
201
149
96
59
43
44
63
104
160
210
232
216
161
88
32
8
0
0
0
0
2
5
21
63
130
194
228
229
203
164
129
111
113
133
170
209
231
225
185
119
55
17
4
0
0
0
0
1
3
9
33
83
148
202
230
232
217
198
188
188
201
220
232
226
194
138
74
28
8
2
0
0
0
0
1
1
4
14
43
93
151
197
223
232
232
230
230
232
231
219
189
140
83
36
11
3
1
0
0
0
0
1
1
1
5
16
45
88
135
174
201
214
218
218
213
197
166
125
78
38
13
4
1
1
0
0
0
0
1
1
1
2
5
15
37
67
101
132
151
157
157
149
128
94
60
31
12
4
1
1
1
0
0
0
0
0
1
1
1
2
4
11
23
40
60
74
79
79
73
58
37
19
8
3
1
1
1
1
0
0
0
0
0
0
0
0
0
0
0
0
0
0
0
0
0
0
0
0
0
0
0
0
0
0
0
0
0
0
0
0
0
0
0
0
0
0
0
0
0
0
0
0
0
0
0
0
0
0
0
0
0
0
0
0
