23
36
0
0
0
0
0
0
0
0
0
0
0
0
0
0
0
0
0
0
0
0
0
0
0
0
0
0
0
0
0
0
0
0
0
0
0
0
0
0
0
0
0
0
0
0
0
0
0
0
1
1
1
5
17
41
73
107
134
146
148
140
118
84
49
22
7
2
1
0
0
0
0
1
1
5
19
53
102
150
186
207
214
215
211
194
161
114
63
24
6
2
0
0
0
0
1
3
16
51
111
171
211
225
223
217
216
221
225
216
182
123
59
19
4
0
0
0
0
2
9
37
96
168
217
228
208
176
154
151
166
195
221
220
177
105
42
10
0
0
0
0
4
20
68
143
207
228
203
151
99
70
66
85
129
185
222
210
149
72
22
0
0
0
0
9
38
103
181
225
212
155
88
40
20
17
30
68
134
199
219
179
100
35
0
0
0
0
16
59
137
207
224
181
105
43
13
4
4
9
32
89
161
200
179
111
44
0
0
0
0
25
82
165
220
212
147
67
20
5
2
2
4
15
52
107
143
135
89
37
0
0
0
0
36
104
186
224
195
117
44
11
3
3
3
3
7
23
49
68
66
44
19
0
0
0
0
47
123
200
222
175
92
31
10
11
14
15
13
10
10
15
20
19
13
6
0
0
0
0
57
138
208
215
155
74
29
28
44
58
62
56
41
24
12
7
4
3
1
0
0
0
0
66
150
213
208
141
73
56
81
117
141
148
139
112
75
41
17
6
2
1
0
0
0
0
75
160
216
205
143
101
116
158
193
212
217
212
190
152
101
52
19
5
1
0
0
0
0
81
166
219
210
167
152
176
203
214
218
222
228
229
213
171
111
52
16
4
0
0
0
0
86
171
224
225
202
193
193
182
164
155
162
183
212
229
218
171
100
39
10
0
0
0
0
88
173
228
237
217
189
152
111
80
68
76
105
153
203
229
210
148
72
22
0
0
0
0
89
174
229
232
195
139
85
45
24
17
22
42
87
153
211
226
185
106
39
0
0
0
0
88
173
225
214
153
81
34
12
5
3
4
12
42
104
181
225
207
135
57
0
0
0
0
85
170
220
199
123
49
13
4
2
1
2
4
20
69
150
214
218
158
74
0
0
0
0
80
165
217
195
116
42
9
2
1
1
1
2
12
50
127
202
222
171
86
0
0
0
0
73
158
215
199
122
46
10
2
1
1
1
2
9
41
115
195
222
178
93
0
0
0
0
65
148
211
205
134
54
13
2
1
1
1
2
8
39
111
193
222
179
94
0
0
0
0
55
134
205
212
151
68
18
3
1
1
1
2
9
41
114
195
221
176
91
0
0
0
0
43
117
194
218
171
87
27
6
2
1
1
2
11
49
126
201
219
167
83
0
0
0
0
32
96
178
219
192
115
45
12
3
2
2
5
20
69
149
212
214
152
69
0
0
0
0
21
72
153
213
212
153
78
28
8
4
4
13
42
104
180
222
201
128
52
0
0
0
0
12
49
121
195
223
193
129
68
31
18
20
39
86
153
210
222
177
98
34
0
0
0
0
6
28
83
159
214
221
186
133
88
67
70
98
149
200
225
203
139
64
19
0
0
0
0
3
13
47
110
178
220
223
199
169
152
155
176
206
225
212
162
91
34
8
0
0
0
0
1
5
20
60
121
180
215
225
221
217
217
223
224
207
164
103
47
14
3
0
0
0
0
1
2
6
24
61
112
159
192
210
215
214
206
184
145
95
48
17
4
1
0
0
0
0
1
1
2
7
21
47
81
115
138
148
147
134
106
70
37
15
4
1
1
0
0
0
0
0
0
0
0
0
0
0
0
0
0
0
0
0
0
0
0
0
0
0
0
0
0
0
0
0
0
0
0
0
0
0
0
0
0
0
0
0
0
0
0
0
0
0
0
