31
38
0
0
0
0
0
0
0
0
0
0
0
0
0
0
0
0
0
0
0
0
0
0
0
0
0
0
0
0
0
0
0
0
0
0
0
0
0
0
0
0
0
0
0
0
0
0
0
0
0
0
0
0
0
0
0
0
0
0
0
0
0
0
0
0
0
0
1
1
1
1
2
5
11
19
32
48
59
63
64
64
62
54
40
25
15
8
3
1
1
1
1
0
0
0
0
0
1
1
1
1
4
11
26
48
71
96
123
142
148
149
149
146
134
111
84
58
35
17
7
2
1
1
0
0
0
0
1
1
1
2
6
18
44
80
120
153
179
200
212
215
215
215
214
207
191
167
136
98
60
29
11
3
1
0
0
0
0
1
1
2
7
24
58
106
156
195
217
224
224
219
215
214
214
216
221
225
221
206
176
132
81
38
13
3
0
0
0
0
1
2
7
25
65
121
177
214
229
224
206
181
158
147
145
145
151
168
192
213
226
223
198
150
90
39
12
0
0
0
0
2
5
21
61
123
184
222
229
210
175
136
100
73
61
59
59
65
83
114
149
187
218
227
205
151
84
32
0
0
0
0
3
14
48
111
179
223
230
203
153
100
61
35
20
15
13
14
16
25
43
72
117
172
217
229
199
134
63
0
0
0
0
7
30
86
160
216
232
206
150
87
42
18
8
4
2
2
2
3
5
11
24
56
113
180
224
223
174
96
0
0
0
0
15
55
127
198
232
217
163
93
39
13
5
2
1
1
1
1
1
1
3
7
22
66
136
201
223
192
118
0
0
0
0
28
85
164
222
231
190
116
50
15
4
2
1
1
1
1
1
1
1
1
2
9
36
93
157
190
174
115
0
0
0
0
45
116
193
233
220
158
79
26
6
2
1
1
1
0
0
0
0
1
1
1
4
17
49
93
118
112
76
0
0
0
0
64
143
213
235
203
128
53
14
3
1
1
1
0
0
0
0
0
0
1
1
1
6
17
34
45
43
30
0
0
0
0
80
164
224
231
184
102
36
8
2
1
1
0
0
0
0
0
0
0
1
1
1
1
4
7
9
9
6
0
0
0
0
93
178
230
226
168
84
25
5
1
1
1
0
0
0
0
0
0
0
0
0
1
1
1
1
1
1
1
0
0
0
0
104
187
233
221
156
72
20
4
1
1
0
0
0
0
0
0
0
0
0
0
1
1
1
1
1
1
1
0
0
0
0
111
193
234
217
148
65
17
3
1
1
0
0
0
0
0
0
0
0
0
0
0
1
1
1
1
1
1
0
0
0
0
116
197
235
215
143
61
15
3
1
1
0
0
0
0
0
0
0
0
0
0
0
0
0
0
0
0
0
0
0
0
0
116
197
235
215
143
61
15
3
1
1
0
0
0
0
0
0
0
0
0
0
0
0
0
0
0
0
0
0
0
0
0
111
193
234
217
148
65
17
3
1
1
0
0
0
0
0
0
0
0
0
0
1
1
1
1
1
1
1
0
0
0
0
104
187
233
221
156
72
20
4
1
1
0
0
0
0
0
0
0
0
0
0
1
1
1
1
1
1
1
0
0
0
0
93
178
230
226
168
84
25
5
1
1
1
0
0
0
0
0
0
0
0
0
1
1
1
1
1
1
1
0
0
0
0
80
164
224
231
184
103
36
8
2
1
1
0
0
0
0
0
0
0
1
1
1
2
4
7
9
9
6
0
0
0
0
64
144
214
235
203
128
53
14
3
1
1
1
0
0
0
0
0
0
1
1
2
7
19
36
45
43
30
0
0
0
0
46
118
196
234
220
158
79
26
6
2
1
1
1
0
0
0
0
1
1
1
4
18
53
96
119
112
76
0
0
0
0
29
89
169
225
232
190
116
50
15
4
2
1
1
1
1
1
1
1
1
2
9
37
96
160
192
176
117
0
0
0
0
16
59
133
202
233
218
163
93
39
13
5
2
1
1
1
1
1
1
3
6
22
66
137
202
225
197
125
0
0
0
0
8
33
90
164
218
232
206
150
87
42
18
8
4
2
2
2
3
5
10
24
56
113
180
225
227
182
105
0
0
0
0
3
15
50
113
180
223
230
203
153
100
61
35
20
15
13
14
16
24
42
71
117
173
217
231
206
144
71
0
0
0
0
2
5
21
62
124
184
222
229
210
175
136
100
73
61
59
59
64
80
111
148
187
219
230
212
161
93
37
0
0
0
0
1
2
7
25
65
121
177
214
229
224
206
181
158
147
145
145
150
165
189
213
228
228
206
161
100
46
14
0
0
0
0
1
1
2
7
24
58
106
156
195
217
225
224
219
215
214
214
216
221
226
225
215
189
145
92
45
16
4
0
0
0
0
1
1
1
2
6
18
44
81
120
154
181
202
213
215
215
215
215
210
196
175
149
114
72
36
13
4
1
0
0
0
0
0
1
1
1
1
4
11
27
48
72
99
126
143
149
149
149
148
139
118
92
68
44
23
9
3
1
1
0
0
0
0
0
0
1
1
1
1
2
5
11
20
34
50
60
64
64
64
63
57
44
29
18
10
5
2
1
1
1
0
0
0
0
0
0
0
0
0
0
0
0
0
0
0
0
0
0
0
0
0
0
0
0
0
0
0
0
0
0
0
0
0
0
0
0
0
0
0
0
0
0
0
0
0
0
0
0
0
0
0
0
0
0
0
0
0
0
0
0
0
0
0
0
