38
44
0
0
0
0
0
0
0
0
0
0
0
0
0
0
0
0
0
0
0
0
0
0
0
0
0
0
0
0
0
0
0
0
0
0
0
0
0
0
0
0
0
0
0
0
0
0
0
0
0
0
0
0
0
0
0
0
0
0
0
0
0
0
0
0
0
0
0
0
0
0
0
0
0
0
0
0
0
0
0
0
0
1
1
1
1
2
3
5
10
17
27
41
59
73
79
80
80
80
78
72
59
41
27
17
10
5
2
1
1
1
1
1
0
0
0
0
0
0
1
1
1
1
2
4
9
20
38
59
80
103
130
149
157
158
158
158
157
148
130
105
80
58
36
19
9
4
2
1
1
1
0
0
0
0
0
1
1
1
1
2
5
14
32
61
96
129
156
178
199
213
218
218
218
218
217
212
200
180
156
127
93
59
32
14
5
2
1
1
0
0
0
0
1
1
1
1
2
6
18
43
82
126
168
198
216
226
231
231
229
228
228
228
229
231
231
227
216
196
165
125
82
44
18
6
2
1
0
0
0
0
1
1
1
2
7
21
50
96
147
191
220
233
234
227
213
197
187
184
184
184
187
197
212
226
233
231
219
190
147
96
50
19
6
2
0
0
0
0
1
1
2
6
19
51
102
158
203
229
236
227
208
182
152
126
111
106
106
106
111
125
151
178
203
223
234
228
203
157
99
47
17
5
0
0
0
0
1
2
4
15
45
97
158
207
233
236
219
186
147
111
79
55
42
39
38
39
42
54
77
106
139
178
213
233
231
205
152
89
38
12
0
0
0
0
1
3
10
34
83
147
203
233
236
215
174
123
79
47
28
16
10
9
9
9
10
15
26
43
71
113
165
210
234
230
195
134
68
24
0
0
0
0
2
6
21
62
126
189
229
237
217
173
116
65
31
15
7
4
3
2
2
2
2
4
7
13
27
58
110
171
218
236
221
170
99
40
0
0
0
0
3
11
39
96
165
218
238
225
183
121
64
27
10
5
3
2
1
1
1
1
1
2
2
4
9
25
65
128
191
229
230
193
124
55
0
0
0
0
5
20
62
130
196
234
235
202
141
76
31
10
4
2
1
1
1
1
1
1
1
1
1
2
4
11
37
90
157
205
219
193
132
63
0
0
0
0
9
34
89
162
218
240
224
174
103
44
14
4
2
1
1
1
1
1
0
0
1
1
1
1
2
5
20
57
111
156
173
158
112
56
0
0
0
0
14
50
116
188
232
239
208
145
73
25
7
2
1
1
1
1
0
0
0
0
0
1
1
1
1
3
9
29
60
88
101
93
67
34
0
0
0
0
21
67
140
206
239
233
190
118
51
15
4
2
1
1
1
0
0
0
0
0
0
0
1
1
1
1
3
10
21
32
37
35
25
13
0
0
0
0
28
82
159
219
241
224
170
95
36
9
3
1
1
1
0
0
0
0
0
0
0
0
0
1
1
1
1
2
5
7
8
7
5
3
0
0
0
0
35
95
172
226
240
215
153
77
26
6
2
1
1
1
0
0
0
0
0
0
0
0
0
0
0
1
1
1
1
1
1
1
1
1
0
0
0
0
41
105
182
231
239
207
140
65
20
5
2
1
1
0
0
0
0
0
0
0
0
0
0
0
0
1
1
1
1
1
1
1
1
1
0
0
0
0
47
113
188
233
238
201
131
58
17
4
2
1
1
0
0
0
0
0
0
0
0
0
0
0
0
0
1
1
1
1
1
1
1
1
0
0
0
0
51
120
193
235
236
197
124
53
15
3
2
1
1
0
0
0
0
0
0
0
0
0
0
0
0
0
0
0
0
0
0
0
0
0
0
0
0
0
54
124
196
236
235
193
120
50
13
3
2
1
1
0
0
0
0
0
0
0
0
0
0
0
0
0
0
0
0
0
0
0
0
0
0
0
0
0
54
124
196
236
235
193
120
50
13
3
2
1
1
0
0
0
0
0
0
0
0
0
0
0
0
0
0
0
0
0
0
0
0
0
0
0
0
0
51
120
193
235
236
197
124
53
15
3
2
1
1
0
0
0
0
0
0
0
0
0
0
0
0
0
0
0
0
0
0
0
0
0
0
0
0
0
47
113
188
233
238
201
131
58
17
4
2
1
1
0
0
0
0
0
0
0
0
0
0
0
0
1
1
1
1
1
1
1
1
1
0
0
0
0
41
105
182
231
239
207
140
65
20
5
2
1
1
0
0
0
0
0
0
0
0
0
0
0
0
1
1
1
1
1
1
1
1
1
0
0
0
0
35
95
172
226
240
215
153
77
26
6
2
1
1
1
0
0
0
0
0
0
0
0
0
0
0
1
1
1
1
1
1
1
1
1
0
0
0
0
28
82
159
218
241
224
170
95
36
9
3
1
1
1
0
0
0
0
0
0
0
0
1
1
1
1
1
3
5
7
8
7
6
3
0
0
0
0
21
67
140
207
239
233
190
118
51
15
4
2
1
1
1
0
0
0
0
0
0
0
1
1
1
1
4
12
23
33
37
35
25
13
0
0
0
0
14
51
118
190
233
239
209
145
73
25
7
2
1
1
1
1
0
0
0
0
0
1
1
1
1
3
11
32
64
91
101
93
67
34
0
0
0
0
9
35
93
166
222
241
225
174
103
44
14
4
2
1
1
1
1
1
0
0
1
1
1
1
2
6
22
61
115
159
174
158
113
57
0
0
0
0
5
22
67
137
201
236
236
202
141
76
31
10
4
2
1
1
1
1
1
1
1
1
1
2
4
11
37
93
159
207
220
196
137
67
0
0
0
0
3
13
43
102
171
221
239
225
183
121
64
27
10
5
3
2
1
1
1
1
1
1
2
4
9
25
65
128
192
229
232
199
132
61
0
0
0
0
2
6
24
66
131
193
230
238
218
173
116
65
31
15
7
4
3
2
2
2
2
3
6
12
27
58
110
171
218
238
226
180
109
46
0
0
0
0
1
3
11
36
86
149
204
233
236
215
174
123
79
48
28
16
10
9
9
9
10
14
25
42
70
113
165
210
235
234
203
144
77
29
0
0
0
0
1
2
5
16
46
98
159
207
233
236
219
186
147
111
79
55
42
39
38
39
41
51
73
103
138
178
213
234
235
212
163
99
44
14
0
0
0
0
1
1
2
6
19
51
102
158
203
229
236
227
208
182
152
126
111
106
106
106
109
122
146
176
202
224
236
232
210
167
110
55
20
6
0
0
0
0
1
1
1
2
7
21
50
96
147
191
220
233
234
227
213
197
187
184
184
184
186
195
210
225
234
236
226
200
159
107
58
24
7
2
0
0
0
0
1
1
1
1
2
6
18
43
82
126
168
198
217
227
232
232
229
228
228
228
229
231
232
230
222
207
181
140
94
52
23
8
2
1
0
0
0
0
0
1
1
1
1
2
5
14
32
61
96
130
158
181
202
214
218
218
218
218
218
215
205
187
166
142
110
73
40
18
7
2
1
1
0
0
0
0
0
0
1
1
1
1
2
4
9
20
38
59
82
107
133
151
157
159
159
158
158
152
137
113
89
68
47
26
12
5
2
1
1
1
0
0
0
0
0
0
0
1
1
1
1
2
3
5
10
18
28
43
61
74
79
80
80
80
79
75
64
47
32
21
13
7
3
2
1
1
1
1
0
0
0
0
0
0
0
0
0
0
0
0
0
0
0
0
0
0
0
0
0
0
0
0
0
0
0
0
0
0
0
0
0
0
0
0
0
0
0
0
0
0
0
0
0
0
0
0
0
0
0
0
0
0
0
0
0
0
0
0
0
0
0
0
0
0
0
0
0
0
0
0
0
0
0
0
0
0
