38
38
0
0
0
0
0
0
0
0
0
0
0
0
0
0
0
0
0
0
0
0
0
0
0
0
0
0
0
0
0
0
0
0
0
0
0
0
0
0
0
0
0
0
0
0
0
0
0
0
0
0
0
0
0
0
0
0
0
0
0
0
0
0
0
0
0
0
0
0
0
0
0
0
0
0
0
0
0
0
0
0
0
1
1
1
1
1
3
5
10
16
24
35
49
60
65
66
66
66
65
60
49
36
24
16
9
5
2
1
1
1
1
1
0
0
0
0
0
0
1
1
1
1
2
5
11
23
40
59
78
99
122
140
147
148
148
148
146
139
123
101
79
58
39
22
11
5
2
1
1
1
0
0
0
0
0
1
1
1
1
3
8
20
42
72
105
136
159
179
196
207
211
211
211
211
211
207
197
180
159
134
103
70
41
20
8
3
1
1
0
0
0
0
1
1
1
2
4
12
30
61
102
145
181
205
217
222
221
216
212
210
210
210
212
216
221
222
217
203
179
144
102
62
30
11
4
1
0
0
0
0
1
1
2
4
14
38
77
127
173
207
225
227
218
202
181
161
148
144
144
144
148
160
180
200
215
224
223
207
173
126
75
35
12
4
0
0
0
0
1
1
4
13
39
84
140
190
221
231
221
196
164
132
103
79
66
62
61
62
65
78
101
128
157
189
216
228
220
188
135
77
32
10
0
0
0
0
1
3
10
34
80
141
195
227
232
213
176
130
89
59
38
24
18
15
15
15
17
24
37
55
81
121
168
210
231
224
188
128
65
23
0
0
0
0
2
7
24
66
129
190
227
234
211
166
112
65
34
17
9
5
3
3
2
2
3
5
9
16
29
59
107
166
214
233
219
170
100
41
0
0
0
0
4
14
46
106
173
221
236
217
170
109
56
24
10
4
2
2
1
1
1
1
1
1
2
4
9
23
58
117
180
220
224
190
124
57
0
0
0
0
7
27
76
146
206
236
229
187
122
61
23
8
3
2
1
1
1
1
1
1
1
1
1
2
3
9
29
74
133
179
193
172
120
58
0
0
0
0
13
45
108
179
227
238
212
153
83
32
10
3
2
1
1
1
1
0
0
0
0
1
1
1
2
4
13
38
76
109
122
112
80
40
0
0
0
0
21
65
137
203
237
233
191
121
54
17
5
2
1
1
1
0
0
0
0
0
0
0
1
1
1
1
5
14
29
43
49
46
33
17
0
0
0
0
29
83
159
218
240
223
168
94
36
9
3
1
1
1
0
0
0
0
0
0
0
0
1
1
1
1
1
3
6
9
11
10
8
4
0
0
0
0
37
98
174
227
240
213
149
74
25
6
2
1
1
1
0
0
0
0
0
0
0
0
0
0
0
1
1
1
1
1
2
1
1
1
0
0
0
0
44
109
185
232
238
204
136
62
19
4
2
1
1
0
0
0
0
0
0
0
0
0
0
0
0
1
1
1
1
1
1
1
1
1
0
0
0
0
49
117
191
234
237
198
127
55
16
4
2
1
1
0
0
0
0
0
0
0
0
0
0
0
0
0
1
1
1
1
1
1
1
1
0
0
0
0
53
123
195
236
236
194
121
51
14
3
2
1
1
0
0
0
0
0
0
0
0
0
0
0
0
0
0
0
0
0
0
0
0
0
0
0
0
0
53
123
195
236
236
194
121
51
14
3
2
1
1
0
0
0
0
0
0
0
0
0
0
0
0
0
0
0
0
0
0
0
0
0
0
0
0
0
49
117
191
234
237
198
127
55
16
4
2
1
1
0
0
0
0
0
0
0
0
0
0
0
0
1
1
1
1
1
1
1
1
1
0
0
0
0
44
109
185
232
238
204
136
62
19
4
2
1
1
0
0
0
0
0
0
0
0
0
0
0
0
1
1
1
1
1
1
1
1
1
0
0
0
0
37
98
174
227
240
213
149
74
25
6
2
1
1
1
0
0
0
0
0
0
0
0
0
0
0
1
1
1
1
2
2
1
1
1
0
0
0
0
29
83
159
219
240
223
168
94
36
9
3
1
1
1
0
0
0
0
0
0
0
0
1
1
1
1
2
4
7
10
11
10
8
4
0
0
0
0
21
65
137
204
238
233
191
121
54
17
5
2
1
1
1
0
0
0
0
0
0
0
1
1
1
2
5
15
31
44
49
45
33
17
0
0
0
0
13
46
110
182
229
239
213
153
83
32
10
3
2
1
1
1
1
0
0
0
0
1
1
1
2
4
14
42
80
112
123
113
81
41
0
0
0
0
7
29
80
151
211
238
230
188
122
61
23
8
3
2
1
1
1
1
1
1
1
1
1
2
3
9
30
77
137
181
194
174
123
61
0
0
0
0
4
16
50
112
179
225
237
217
170
109
56
24
10
4
2
2
1
1
1
1
1
1
2
4
8
23
59
118
181
221
226
195
131
62
0
0
0
0
2
7
27
71
134
193
228
234
211
166
112
65
34
17
9
5
3
3
2
2
3
4
8
15
29
59
107
166
214
235
224
179
110
47
0
0
0
0
1
3
11
36
83
143
196
227
232
213
176
130
89
59
38
24
18
15
15
15
17
22
34
53
81
121
168
210
232
228
196
138
74
28
0
0
0
0
1
1
4
14
40
85
141
190
221
231
221
196
164
132
103
79
66
62
61
61
64
75
97
125
157
189
217
231
225
196
146
86
38
12
0
0
0
0
1
1
2
4
14
38
77
127
173
207
225
227
218
202
181
161
148
144
144
144
147
157
176
198
215
227
228
214
183
137
85
41
15
5
0
0
0
0
1
1
1
2
4
12
30
61
102
145
181
205
218
223
222
217
212
210
210
210
211
215
221
224
221
212
191
157
114
71
35
14
4
2
0
0
0
0
0
1
1
1
1
3
8
20
42
72
105
136
161
181
199
209
211
212
211
211
211
209
201
186
168
147
118
83
50
25
10
3
1
1
0
0
0
0
0
0
1
1
1
1
2
5
11
23
40
60
80
102
125
141
147
148
148
148
147
143
129
108
86
68
48
29
14
6
2
1
1
1
0
0
0
0
0
0
0
1
1
1
1
1
3
5
10
16
25
37
51
62
66
66
66
66
66
62
53
40
28
19
12
7
3
2
1
1
1
1
0
0
0
0
0
0
0
0
0
0
0
0
0
0
0
0
0
0
0
0
0
0
0
0
0
0
0
0
0
0
0
0
0
0
0
0
0
0
0
0
0
0
0
0
0
0
0
0
0
0
0
0
0
0
0
0
0
0
0
0
0
0
0
0
0
0
0
0
0
0
0
0
0
0
0
0
0
0
