38
48
0
0
0
0
0
0
0
0
0
0
0
0
0
0
0
0
0
0
0
0
0
0
0
0
0
0
0
0
0
0
0
0
0
0
0
0
0
0
0
0
0
0
0
0
0
0
0
0
0
0
0
0
0
0
0
0
0
0
0
0
0
0
0
0
0
0
0
0
0
0
0
0
0
0
0
0
0
0
0
0
0
1
1
1
1
2
3
7
15
25
39
57
81
99
107
109
109
109
107
99
81
59
39
25
14
7
3
2
1
1
1
1
0
0
0
0
0
0
1
1
1
1
2
4
11
25
48
73
98
124
152
173
181
183
183
183
181
172
153
126
98
71
45
24
11
4
2
1
1
1
0
0
0
0
0
1
1
1
1
2
5
15
35
68
106
143
171
193
213
225
230
230
230
230
229
225
213
194
170
140
103
66
35
15
5
2
1
1
0
0
0
0
1
1
1
1
2
6
17
43
83
130
174
205
223
232
237
237
235
234
234
234
235
237
237
233
223
203
171
129
83
43
17
6
2
1
0
0
0
0
1
1
1
2
5
17
45
91
144
191
222
237
239
233
220
205
196
193
192
193
196
205
220
233
238
235
221
190
144
91
45
17
5
2
0
0
0
0
1
1
2
4
15
43
91
149
198
229
240
235
219
196
167
140
124
119
118
119
124
139
165
193
215
232
238
228
198
148
89
40
13
4
0
0
0
0
1
1
3
11
35
82
144
199
231
240
230
203
168
131
96
68
53
48
47
48
52
67
94
126
161
196
225
238
229
196
139
76
30
9
0
0
0
0
1
2
7
24
66
129
190
229
240
229
196
149
102
65
40
23
14
12
12
12
14
22
38
60
93
139
187
224
238
225
183
118
55
18
0
0
0
0
2
4
14
46
104
171
220
239
231
198
146
90
48
24
12
6
4
3
3
3
4
6
11
21
41
81
137
193
229
237
212
155
84
31
0
0
0
0
2
7
26
74
142
204
236
236
207
154
93
45
18
8
4
2
2
1
1
1
2
2
3
6
15
40
89
154
209
236
227
182
110
46
0
0
0
0
3
13
44
105
175
224
239
221
172
107
51
19
7
3
2
1
1
1
1
1
1
1
2
3
6
18
54
116
183
226
231
197
130
59
0
0
0
0
5
22
66
136
201
236
234
198
134
68
25
8
3
2
1
1
1
1
0
1
1
1
1
2
3
9
32
84
152
202
218
194
135
66
0
0
0
0
9
34
90
164
220
240
224
172
100
41
13
4
2
1
1
1
1
0
0
0
0
1
1
1
2
5
19
55
109
155
173
158
113
57
0
0
0
0
14
49
115
187
232
240
210
146
73
25
7
2
1
1
1
0
0
0
0
0
0
0
1
1
1
2
9
29
61
91
104
96
70
35
0
0
0
0
20
65
137
205
239
235
193
122
54
16
4
2
1
1
1
0
0
0
0
0
0
0
1
1
1
1
4
11
23
36
42
39
28
14
0
0
0
0
26
78
155
216
241
227
175
100
39
10
3
1
1
1
0
0
0
0
0
0
0
0
0
1
1
1
1
3
6
9
10
9
7
4
0
0
0
0
33
90
168
224
241
218
158
83
29
7
2
1
1
1
0
0
0
0
0
0
0
0
0
0
0
1
1
1
1
2
2
2
1
1
0
0
0
0
38
101
178
229
240
210
145
70
22
5
2
1
1
0
0
0
0
0
0
0
0
0
0
0
0
0
1
1
1
1
1
1
1
1
0
0
0
0
44
109
185
232
239
204
136
62
18
4
2
1
1
0
0
0
0
0
0
0
0
0
0
0
0
0
1
1
1
1
1
1
1
1
0
0
0
0
48
115
190
234
237
200
129
57
16
4
2
1
1
0
0
0
0
0
0
0
0
0
0
0
0
0
0
1
1
1
1
1
1
1
0
0
0
0
52
121
194
235
236
196
123
52
14
3
2
1
1
0
0
0
0
0
0
0
0
0
0
0
0
0
0
0
0
0
0
0
0
0
0
0
0
0
54
125
197
236
235
193
119
49
13
3
2
1
1
0
0
0
0
0
0
0
0
0
0
0
0
0
0
0
0
0
0
0
0
0
0
0
0
0
54
125
197
236
235
193
119
49
13
3
2
1
1
0
0
0
0
0
0
0
0
0
0
0
0
0
0
0
0
0
0
0
0
0
0
0
0
0
52
121
194
235
236
196
123
52
14
3
2
1
1
0
0
0
0
0
0
0
0
0
0
0
0
0
0
0
0
0
0
0
0
0
0
0
0
0
48
115
190
234
237
200
129
57
16
4
2
1
1
0
0
0
0
0
0
0
0
0
0
0
0
1
1
1
1
1
1
1
1
1
0
0
0
0
44
109
185
232
239
204
136
62
18
4
2
1
1
0
0
0
0
0
0
0
0
0
0
0
0
1
1
1
1
1
1
1
1
1
0
0
0
0
38
101
178
229
240
210
145
70
22
5
2
1
1
0
0
0
0
0
0
0
0
0
0
0
0
1
1
1
1
1
1
1
1
1
0
0
0
0
33
91
168
224
241
218
158
83
29
7
2
1
1
1
0
0
0
0
0
0
0
0
0
0
0
1
1
1
2
2
2
2
1
1
0
0
0
0
26
78
154
216
241
227
175
100
39
10
3
1
1
1
0
0
0
0
0
0
0
0
1
1
1
1
1
3
6
9
10
9
7
4
0
0
0
0
20
64
137
205
239
235
193
122
54
16
4
2
1
1
1
0
0
0
0
0
0
0
1
1
1
1
4
13
26
37
42
39
28
14
0
0
0
0
14
50
117
189
234
240
210
146
73
25
7
2
1
1
1
0
0
0
0
0
0
0
1
1
1
3
11
33
66
93
104
96
69
35
0
0
0
0
9
36
94
169
223
242
224
172
100
41
13
4
2
1
1
1
1
0
0
0
0
1
1
1
2
5
21
60
114
158
174
159
114
57
0
0
0
0
6
24
71
142
206
238
235
198
134
68
25
8
3
2
1
1
1
1
0
1
1
1
1
2
3
10
33
87
155
204
219
197
138
68
0
0
0
0
4
14
48
112
181
228
240
221
172
107
51
19
7
3
2
1
1
1
1
1
1
1
2
3
6
18
54
117
184
226
233
203
137
65
0
0
0
0
3
8
29
79
148
208
237
236
207
154
93
45
18
8
4
2
2
1
1
1
2
2
3
6
15
40
89
154
209
236
231
191
121
53
0
0
0
0
2
4
16
49
108
174
222
240
232
198
146
90
48
24
12
6
4
3
3
3
3
5
10
20
41
81
137
193
230
239
218
165
94
38
0
0
0
0
1
2
7
26
68
130
190
229
240
229
196
149
102
65
40
23
14
12
12
12
14
20
35
59
92
139
187
224
239
230
192
128
63
22
0
0
0
0
1
1
3
11
35
83
144
199
231
240
230
203
168
131
96
68
53
48
47
48
51
63
89
123
159
196
225
239
233
204
150
86
35
11
0
0
0
0
1
1
2
4
15
43
91
149
198
229
240
235
219
196
167
140
124
119
118
119
122
135
161
190
215
233
240
233
207
159
100
47
16
5
0
0
0
0
1
1
1
2
5
18
46
91
144
191
222
237
239
233
220
206
196
193
192
192
195
203
218
231
239
240
229
201
157
103
53
21
6
2
0
0
0
0
1
1
1
1
2
6
17
43
83
130
174
205
224
234
238
237
235
234
234
234
235
237
238
236
229
214
187
145
96
52
22
7
2
1
0
0
0
0
0
1
1
1
1
2
5
15
35
68
107
143
172
195
215
226
230
230
230
230
230
227
218
201
181
156
122
81
44
19
7
2
1
1
0
0
0
0
0
0
1
1
1
1
2
4
11
25
48
74
100
128
156
174
182
183
183
183
182
177
160
135
108
84
58
33
15
6
2
1
1
1
0
0
0
0
0
0
0
1
1
1
1
2
3
7
15
26
40
60
84
101
108
109
109
109
108
103
88
66
45
31
19
9
4
2
1
1
1
1
0
0
0
0
0
0
0
0
0
0
0
0
0
0
0
0
0
0
0
0
0
0
0
0
0
0
0
0
0
0
0
0
0
0
0
0
0
0
0
0
0
0
0
0
0
0
0
0
0
0
0
0
0
0
0
0
0
0
0
0
0
0
0
0
0
0
0
0
0
0
0
0
0
0
0
0
0
0
