33
44
0
0
0
0
0
0
0
0
0
0
0
0
0
0
0
0
0
0
0
0
0
0
0
0
0
0
0
0
0
0
0
0
0
0
0
0
0
0
0
0
0
0
0
0
0
0
0
0
0
0
0
0
0
0
0
0
0
0
0
0
0
0
0
0
0
0
0
0
0
0
0
1
1
1
1
3
7
14
24
40
59
73
79
79
79
77
67
50
32
18
9
4
2
1
1
1
1
0
0
0
0
0
0
1
1
1
1
4
11
26
49
74
101
130
150
157
158
158
155
142
117
87
60
35
17
7
2
1
1
1
0
0
0
0
0
1
1
1
2
5
14
37
72
112
148
175
199
213
218
218
218
216
208
189
162
129
90
52
24
8
3
1
1
0
0
0
0
1
1
1
2
5
16
43
87
138
182
210
224
230
230
229
228
228
229
231
228
218
196
160
112
63
27
9
2
1
0
0
0
0
1
1
1
4
15
43
92
150
198
225
233
226
211
195
186
184
184
189
202
219
230
230
213
176
121
65
25
7
2
0
0
0
0
1
1
3
11
37
88
151
203
229
231
213
184
150
123
109
106
107
114
134
165
195
220
231
218
178
116
56
18
5
0
0
0
0
1
2
7
26
73
139
199
230
229
201
159
115
78
52
41
38
39
45
62
92
129
173
212
230
216
166
97
39
11
0
0
0
0
1
4
15
51
115
184
226
230
201
148
93
53
28
15
10
9
9
11
19
35
64
111
168
215
230
203
139
67
21
0
0
0
0
2
7
29
83
156
214
232
209
155
91
43
18
8
4
2
2
2
3
5
10
24
58
117
183
224
222
172
95
34
0
0
0
0
3
13
49
117
189
228
222
174
105
48
17
6
3
2
1
1
1
1
2
3
9
28
75
146
207
225
191
117
47
0
0
0
0
5
23
73
149
212
231
201
134
65
22
6
3
1
1
1
1
1
1
1
2
4
13
47
111
179
211
190
125
53
0
0
0
0
8
36
99
177
226
225
175
99
38
10
3
1
1
1
1
0
1
1
1
1
2
7
27
75
132
165
154
105
47
0
0
0
0
13
52
124
198
232
214
149
72
23
5
2
1
1
1
0
0
0
0
1
1
1
3
13
39
74
95
91
63
28
0
0
0
0
19
67
145
212
232
199
126
53
14
3
1
1
1
0
0
0
0
0
0
1
1
1
5
14
27
35
34
24
11
0
0
0
0
25
81
162
221
229
183
105
39
9
2
1
1
0
0
0
0
0
0
0
1
1
1
1
3
6
7
7
5
3
0
0
0
0
31
92
174
226
224
169
88
29
6
1
1
1
0
0
0
0
0
0
0
0
0
1
1
1
1
1
1
1
1
0
0
0
0
36
101
182
229
220
159
77
23
5
1
1
0
0
0
0
0
0
0
0
0
0
1
1
1
1
1
1
1
1
0
0
0
0
40
108
188
230
216
151
70
20
4
1
1
0
0
0
0
0
0
0
0
0
0
0
1
1
1
1
1
1
1
0
0
0
0
43
114
192
231
214
146
65
18
4
1
1
0
0
0
0
0
0
0
0
0
0
0
0
0
0
0
0
0
0
0
0
0
0
46
117
195
232
212
142
62
17
3
1
1
0
0
0
0
0
0
0
0
0
0
0
0
0
0
0
0
0
0
0
0
0
0
46
117
195
232
212
142
62
17
3
1
1
0
0
0
0
0
0
0
0
0
0
0
0
0
0
0
0
0
0
0
0
0
0
43
114
192
231
214
146
65
18
4
1
1
0
0
0
0
0
0
0
0
0
0
0
0
0
0
0
0
0
0
0
0
0
0
40
108
188
230
216
151
70
20
4
1
1
0
0
0
0
0
0
0
0
0
0
1
1
1
1
1
1
1
1
0
0
0
0
36
101
182
229
220
159
77
23
5
1
1
0
0
0
0
0
0
0
0
0
0
1
1
1
1
1
1
1
1
0
0
0
0
31
92
174
226
224
169
88
29
6
1
1
1
0
0
0
0
0
0
0
0
0
1
1
1
1
1
1
1
1
0
0
0
0
25
81
162
221
229
183
105
39
9
2
1
1
0
0
0
0
0
0
0
1
1
1
2
4
6
7
7
5
2
0
0
0
0
19
67
146
213
233
199
126
53
14
3
1
1
1
0
0
0
0
0
0
1
1
2
5
15
28
35
34
24
11
0
0
0
0
14
52
125
199
233
214
149
72
23
5
2
1
1
1
0
0
0
0
1
1
1
4
15
42
77
96
91
63
28
0
0
0
0
9
38
102
180
228
225
175
99
38
10
3
1
1
1
1
0
1
1
1
1
2
7
29
78
136
167
155
106
47
0
0
0
0
6
25
78
155
216
232
201
134
65
22
6
3
1
1
1
1
1
1
1
2
4
14
48
113
181
212
193
128
56
0
0
0
0
3
15
53
123
194
230
222
174
105
48
17
6
3
2
1
1
1
1
2
3
8
28
75
147
208
228
197
125
51
0
0
0
0
2
8
32
88
161
216
232
209
155
91
43
18
8
4
2
2
2
3
4
10
24
58
117
183
225
225
180
104
40
0
0
0
0
1
4
16
53
118
185
226
230
201
148
93
53
28
15
10
9
9
11
18
34
63
110
168
215
232
209
149
75
25
0
0
0
0
1
2
7
27
73
140
199
230
229
201
159
115
78
52
41
38
39
43
59
88
128
173
212
232
221
175
107
45
13
0
0
0
0
1
1
3
11
37
88
151
203
229
231
213
184
150
123
109
106
106
112
130
161
194
220
233
224
187
127
64
22
6
0
0
0
0
1
1
1
4
15
43
93
150
198
225
233
227
211
195
186
184
184
188
200
217
231
234
221
187
133
74
30
9
2
0
0
0
0
1
1
1
2
5
16
43
87
138
182
210
225
231
231
229
228
228
229
231
231
223
207
175
126
74
33
11
3
1
0
0
0
0
0
1
1
1
2
5
14
37
72
113
149
178
201
214
218
218
218
217
211
195
172
143
106
64
30
11
3
1
1
0
0
0
0
0
0
1
1
1
1
4
11
26
49
75
104
133
151
158
158
158
156
147
125
96
70
45
23
9
3
1
1
1
0
0
0
0
0
0
0
1
1
1
1
3
7
14
25
42
61
74
79
79
79
78
71
55
37
23
13
6
2
1
1
1
1
0
0
0
0
0
0
0
0
0
0
0
0
0
0
0
0
0
0
0
0
0
0
0
0
0
0
0
0
0
0
0
0
0
0
0
0
0
0
0
0
0
0
0
0
0
0
0
0
0
0
0
0
0
0
0
0
0
0
0
0
0
0
0
0
0
0
0
0
