28
37
0
0
0
0
0
0
0
0
0
0
0
0
0
0
0
0
0
0
0
0
0
0
0
0
0
0
0
0
0
0
0
0
0
0
0
0
0
0
0
0
0
0
0
0
0
0
0
0
0
0
0
0
0
0
0
0
0
0
0
1
1
1
2
7
21
43
70
99
127
144
149
149
145
131
104
73
45
23
9
3
1
1
0
0
0
0
1
1
1
3
10
30
66
110
149
180
202
213
215
215
213
204
184
153
114
70
34
12
3
1
0
0
0
0
1
1
3
11
34
79
135
183
213
223
222
217
214
214
216
221
223
214
187
142
86
39
12
3
0
0
0
0
1
2
8
32
81
144
196
223
222
202
176
155
146
146
153
171
197
217
222
201
152
88
35
9
0
0
0
0
1
5
23
70
138
198
224
213
177
133
95
70
61
60
67
88
124
165
204
222
202
144
73
24
0
0
0
0
3
13
50
117
187
223
212
165
107
61
33
19
14
14
18
29
53
93
149
203
222
188
116
47
0
0
0
0
6
28
84
162
216
219
172
105
50
20
8
4
2
2
3
7
16
40
91
162
214
212
152
72
0
0
0
0
12
48
121
195
224
193
123
56
19
6
2
1
1
1
1
2
4
15
50
118
189
213
170
90
0
0
0
0
21
73
154
215
216
158
80
27
7
2
1
1
1
1
1
1
2
6
27
79
147
181
156
88
0
0
0
0
34
99
181
224
200
125
51
13
3
1
1
1
0
0
1
1
1
3
13
42
86
112
100
59
0
0
0
0
47
123
200
224
180
98
33
7
2
1
1
0
0
0
0
1
1
1
4
15
32
43
39
23
0
0
0
0
59
141
211
219
161
77
22
4
2
1
1
0
0
0
0
1
1
1
1
3
6
9
8
5
0
0
0
0
69
154
216
213
145
63
16
3
1
1
1
0
0
0
0
0
0
1
1
1
1
1
1
1
0
0
0
0
77
163
220
207
134
54
13
3
1
1
0
0
0
0
0
0
0
1
1
1
1
1
1
1
0
0
0
0
83
169
221
204
127
49
11
2
1
1
0
0
0
0
0
0
0
0
1
1
1
1
1
1
0
0
0
0
87
173
222
201
123
46
10
2
1
1
0
0
0
0
0
0
0
0
0
0
0
0
0
0
0
0
0
0
87
173
222
201
123
46
10
2
1
1
0
0
0
0
0
0
0
0
0
0
0
0
0
0
0
0
0
0
83
169
221
204
127
49
11
2
1
1
0
0
0
0
0
0
0
1
1
1
1
1
1
1
0
0
0
0
77
163
220
207
134
54
13
3
1
1
0
0
0
0
0
0
0
1
1
1
1
1
1
1
0
0
0
0
69
154
216
213
145
63
16
3
1
1
1
0
0
0
0
0
0
1
1
1
1
1
1
1
0
0
0
0
59
141
211
219
161
77
22
4
2
1
1
0
0
0
0
1
1
1
1
4
7
9
8
5
0
0
0
0
47
123
201
224
181
98
33
7
2
1
1
0
0
0
0
1
1
1
5
17
33
44
39
23
0
0
0
0
34
101
184
225
200
125
51
13
3
1
1
1
0
0
1
1
1
3
14
45
89
114
101
59
0
0
0
0
22
77
159
218
217
158
80
27
7
2
1
1
1
1
1
1
2
6
28
82
150
183
158
91
0
0
0
0
13
52
126
199
225
193
123
56
19
6
2
1
1
1
1
2
4
15
51
119
191
215
176
96
0
0
0
0
6
30
89
166
218
219
172
105
50
20
8
4
2
2
3
6
15
39
91
162
215
217
160
79
0
0
0
0
3
14
52
119
188
223
212
165
107
61
33
19
14
14
17
27
51
92
149
203
225
195
125
53
0
0
0
0
1
5
24
70
138
198
224
213
177
133
95
70
61
60
66
85
121
164
204
225
208
153
81
28
0
0
0
0
1
2
8
32
81
144
196
223
222
202
176
155
146
145
151
168
195
218
226
209
162
97
40
11
0
0
0
0
1
1
3
11
34
79
135
183
213
224
222
217
214
214
216
221
225
219
198
154
97
46
15
3
0
0
0
0
1
1
1
3
10
30
66
110
150
182
204
213
215
215
214
207
190
163
128
83
41
15
4
1
0
0
0
0
0
1
1
1
2
8
21
43
71
102
130
145
149
149
147
135
111
82
54
29
12
4
1
1
0
0
0
0
0
1
1
1
1
2
4
10
20
36
52
61
64
64
62
55
41
25
14
7
3
1
1
1
0
0
0
0
0
0
0
0
0
0
0
0
0
0
0
0
0
0
0
0
0
0
0
0
0
0
0
0
0
0
0
0
0
0
0
0
0
0
0
0
0
0
0
0
0
0
0
0
0
0
0
0
0
0
0
0
0
0
