27
37
0
0
0
0
0
0
0
0
0
0
0
0
0
0
0
0
0
0
0
0
0
0
0
0
0
0
0
0
0
0
0
0
0
0
0
0
0
0
0
0
0
0
0
0
0
0
0
0
0
0
0
0
0
0
0
0
1
1
1
1
3
7
16
32
49
61
65
64
59
46
29
18
22
41
57
61
50
29
10
0
0
0
0
1
1
1
3
12
30
59
94
125
143
150
149
141
119
88
61
63
97
132
140
114
66
23
0
0
0
0
1
1
4
14
41
84
132
173
200
213
216
215
210
195
167
134
126
159
197
204
167
95
34
0
0
0
0
1
3
14
44
96
155
200
224
228
222
216
214
214
216
213
199
191
208
230
230
186
105
37
0
0
0
0
2
10
38
93
160
210
230
222
196
167
150
145
151
168
192
210
222
235
245
236
189
107
37
0
0
0
0
5
25
75
148
208
232
219
176
125
85
65
60
66
85
120
161
201
232
246
237
189
107
37
0
0
0
0
11
46
116
190
231
226
180
114
59
28
17
14
17
27
50
88
144
203
238
236
190
107
37
0
0
0
0
20
70
150
216
235
204
135
64
22
7
3
2
3
6
14
39
94
172
227
235
190
107
37
0
0
0
0
31
94
177
229
228
176
96
34
8
2
1
1
1
2
5
21
71
155
221
234
190
107
37
0
0
0
0
41
113
195
234
218
152
69
19
4
1
1
1
1
1
3
17
67
151
219
233
190
107
37
0
0
0
0
47
125
204
235
209
135
55
13
2
1
1
0
1
1
3
17
66
151
219
233
190
107
37
0
0
0
0
50
129
207
235
205
127
49
11
2
1
1
0
1
1
3
17
66
151
219
233
190
107
37
0
0
0
0
51
130
208
235
203
125
47
10
2
1
1
0
1
1
3
17
66
151
219
234
190
107
37
0
0
0
0
51
130
208
235
204
126
48
11
2
1
1
0
1
1
3
17
66
151
219
234
190
107
37
0
0
0
0
49
127
206
235
207
131
52
12
2
1
1
0
1
1
3
17
66
151
219
234
190
107
37
0
0
0
0
45
121
201
236
214
143
61
15
3
1
1
1
1
1
3
17
66
152
220
234
190
107
37
0
0
0
0
38
108
190
234
223
161
78
23
5
1
1
1
1
1
4
21
74
158
222
234
190
107
37
0
0
0
0
29
90
172
228
232
186
109
43
11
3
1
1
1
4
13
42
102
179
230
235
190
107
37
0
0
0
0
18
66
145
213
237
214
153
83
34
12
6
6
9
20
45
92
154
212
242
237
190
107
37
0
0
0
0
10
43
109
184
230
234
200
143
87
51
35
34
44
70
111
159
204
235
247
237
190
107
37
0
0
0
0
5
22
68
139
201
233
232
204
163
126
107
106
119
149
182
204
216
230
243
236
188
105
36
0
0
0
0
2
9
33
84
148
200
228
232
220
203
193
192
198
208
208
191
181
202
232
233
185
101
34
0
0
0
0
1
3
12
38
83
136
180
208
222
225
224
222
215
200
169
134
129
174
224
231
181
96
31
0
0
0
0
1
3
8
17
36
68
104
138
165
178
181
177
162
133
97
74
98
167
224
229
175
90
28
0
0
0
0
4
12
24
33
39
44
51
65
83
94
97
93
81
59
40
47
99
178
229
223
162
79
23
0
0
0
0
10
33
68
93
98
83
57
37
32
33
34
32
27
21
25
57
125
198
232
210
140
61
16
0
0
0
0
16
55
117
165
178
157
111
62
33
23
21
20
21
28
51
100
166
219
230
188
110
41
9
0
0
0
0
14
55
126
193
223
215
177
126
85
65
60
60
64
80
115
164
210
232
213
153
77
24
5
0
0
0
0
8
36
95
166
216
233
223
195
166
149
145
144
148
163
190
217
231
219
174
105
43
11
2
0
0
0
0
3
16
51
109
167
206
223
225
220
215
213
213
215
220
225
224
208
170
113
55
18
4
1
0
0
0
0
1
5
19
51
95
138
169
193
209
215
216
216
215
211
198
175
142
98
52
20
5
1
1
0
0
0
0
1
1
5
15
35
60
87
114
138
149
151
151
149
141
121
93
64
37
16
5
1
1
1
0
0
0
0
1
1
1
3
8
16
27
43
57
64
65
65
64
59
47
31
18
9
3
1
1
1
1
0
0
0
0
0
0
0
0
0
0
0
0
0
0
0
0
0
0
0
0
0
0
0
0
0
0
0
0
0
0
0
0
0
0
0
0
0
0
0
0
0
0
0
0
0
0
0
0
0
0
0
0
0
0
0
0
