31
43
0
0
0
0
0
0
0
0
0
0
0
0
0
0
0
0
0
0
0
0
0
0
0
0
0
0
0
0
0
0
0
0
0
0
0
0
0
0
0
0
0
0
0
0
0
0
0
0
0
0
0
0
0
0
0
0
0
0
0
0
0
0
0
0
1
1
1
1
2
4
9
19
35
54
69
77
79
79
75
63
45
28
18
24
44
65
76
74
60
36
15
0
0
0
0
1
1
1
2
6
15
33
60
91
122
144
155
158
157
152
136
109
78
55
58
92
130
150
146
118
71
29
0
0
0
0
1
1
2
6
19
46
84
126
164
193
210
217
218
218
214
203
181
150
119
112
143
185
208
203
163
98
40
0
0
0
0
1
2
6
20
51
99
150
192
219
232
234
232
229
229
228
227
222
207
184
173
189
218
235
226
181
109
44
0
0
0
0
2
5
17
49
101
159
205
230
237
228
212
196
187
185
188
197
210
220
220
217
225
238
244
231
185
110
44
0
0
0
0
3
12
40
93
155
206
233
236
219
187
151
124
111
108
112
127
153
182
207
225
239
247
248
233
185
110
45
0
0
0
0
7
26
73
140
200
233
238
216
174
123
81
54
43
40
44
56
80
114
153
193
226
245
248
233
186
110
45
0
0
0
0
13
45
108
178
226
241
225
180
119
65
32
16
11
10
11
17
29
52
87
138
194
232
246
233
186
110
45
0
0
0
0
22
67
139
204
238
236
201
138
73
29
11
5
3
3
3
4
9
18
41
91
160
217
242
232
186
110
45
0
0
0
0
33
90
164
221
241
224
173
101
42
13
4
2
1
1
1
2
3
7
22
67
141
208
240
232
186
110
45
0
0
0
0
45
110
184
231
240
210
146
73
25
6
2
1
1
1
1
1
2
5
18
60
135
205
239
232
186
110
45
0
0
0
0
53
124
197
237
236
197
127
55
16
4
2
1
1
1
1
1
2
4
17
59
134
204
239
232
186
110
45
0
0
0
0
59
132
204
239
233
188
114
46
12
3
1
1
1
0
1
1
2
4
17
59
134
204
239
232
186
110
45
0
0
0
0
61
135
206
239
231
183
108
42
10
2
1
1
1
0
1
1
2
4
16
59
134
204
239
232
186
110
45
0
0
0
0
61
136
207
240
231
182
106
41
10
2
1
1
0
0
1
1
2
4
16
59
134
204
239
232
186
110
45
0
0
0
0
61
136
207
240
231
182
107
41
10
2
1
1
1
0
1
1
2
4
16
59
134
204
239
232
186
110
45
0
0
0
0
61
135
206
240
232
184
109
42
10
3
1
1
1
0
1
1
2
4
17
59
134
205
239
232
186
110
45
0
0
0
0
58
131
203
239
234
190
116
47
12
3
1
1
1
0
1
1
2
4
17
59
134
204
239
232
186
110
45
0
0
0
0
54
124
197
237
237
199
128
55
15
4
2
1
1
0
1
1
2
4
17
60
135
205
239
232
186
110
45
0
0
0
0
46
113
187
233
240
210
145
71
23
6
2
1
1
1
1
1
2
5
20
66
141
208
240
232
186
111
45
0
0
0
0
36
96
172
225
242
223
169
97
39
11
3
1
1
1
1
1
4
11
35
88
160
218
242
233
186
111
45
0
0
0
0
25
75
149
211
240
235
198
134
69
27
9
3
2
2
3
6
14
34
73
132
192
233
246
233
186
111
45
0
0
0
0
16
53
120
189
232
242
224
178
117
64
31
16
11
11
15
26
48
84
132
184
225
245
249
233
186
111
45
0
0
0
0
9
33
86
155
211
239
239
217
175
125
82
56
46
45
54
76
111
151
190
220
239
248
249
233
186
110
45
0
0
0
0
4
17
51
110
173
219
239
239
221
190
155
129
117
117
127
151
181
205
215
218
226
239
246
232
184
108
43
0
0
0
0
2
7
25
64
120
176
216
236
240
231
216
203
196
196
201
211
220
214
193
179
194
224
241
230
181
104
41
0
0
0
0
1
3
10
29
66
115
164
200
221
232
235
234
233
231
228
221
205
174
139
128
163
212
239
228
176
100
38
0
0
0
0
1
2
5
12
29
58
96
134
165
190
205
210
211
208
198
177
146
109
82
94
150
210
239
227
173
96
35
0
0
0
0
2
5
9
13
18
29
46
69
94
119
137
144
144
141
129
106
77
52
49
85
155
216
240
223
166
89
32
0
0
0
0
6
16
30
41
45
45
41
38
42
54
65
69
70
67
59
44
30
24
43
98
171
225
239
213
150
75
25
0
0
0
0
13
37
72
99
110
105
85
55
32
23
23
24
24
23
20
16
15
26
62
125
193
233
235
197
127
58
17
0
0
0
0
19
57
115
162
183
179
151
106
60
31
19
16
15
14
14
17
28
54
102
164
216
238
225
174
101
40
11
0
0
0
0
18
59
126
188
222
226
206
165
115
74
51
43
41
41
43
51
73
111
158
205
233
235
205
143
72
25
6
0
0
0
0
12
43
102
170
218
238
235
214
179
144
120
110
108
108
110
121
144
178
210
233
237
217
169
103
45
13
3
0
0
0
0
6
23
64
124
182
220
236
236
224
207
193
186
185
185
187
193
208
224
235
235
216
176
118
61
22
6
2
0
0
0
0
3
10
31
72
125
172
204
221
229
231
230
229
229
229
229
231
232
230
221
202
166
117
65
28
8
2
1
0
0
0
0
1
3
11
31
64
103
138
165
188
206
215
218
218
218
218
216
207
190
166
137
99
58
26
9
3
1
1
0
0
0
0
1
1
3
9
23
43
66
89
115
139
154
158
158
158
158
154
141
117
91
66
41
20
8
3
1
1
1
0
0
0
0
1
1
1
2
6
12
21
32
49
66
76
79
80
80
80
77
67
50
34
21
12
5
2
1
1
1
1
0
0
0
0
0
0
0
0
0
0
0
0
0
0
0
0
0
0
0
0
0
0
0
0
0
0
0
0
0
0
0
0
0
0
0
0
0
0
0
0
0
0
0
0
0
0
0
0
0
0
0
0
0
0
0
0
0
0
0
0
0
0
0
0
