31
37
0
0
0
0
0
0
0
0
0
0
0
0
0
0
0
0
0
0
0
0
0
0
0
0
0
0
0
0
0
0
0
0
0
0
0
0
0
0
0
0
0
0
0
0
0
0
0
0
0
0
0
0
0
0
0
0
0
0
0
0
0
0
0
0
1
1
1
1
2
4
9
18
31
46
59
65
67
67
63
54
40
25
17
21
38
55
64
62
50
30
13
0
0
0
0
1
1
1
2
7
18
36
61
90
117
137
147
149
149
144
130
106
78
57
59
89
124
142
138
111
67
28
0
0
0
0
1
1
3
10
26
56
95
134
168
193
207
212
212
212
209
199
182
155
127
121
148
186
207
200
161
97
40
0
0
0
0
1
3
11
31
69
119
166
201
221
226
222
215
211
210
210
212
213
207
193
186
200
223
237
226
181
108
44
0
0
0
0
2
9
31
74
130
183
218
231
224
204
178
157
146
143
147
158
177
197
209
218
230
242
246
232
185
110
45
0
0
0
0
6
23
65
127
186
224
235
219
184
140
101
75
64
61
65
77
101
132
165
199
227
244
248
233
186
110
45
0
0
0
0
13
45
105
174
222
238
223
181
123
73
40
23
17
16
17
24
38
60
94
142
195
232
246
233
186
111
45
0
0
0
0
24
71
142
205
237
234
196
134
71
30
12
5
3
3
3
5
10
20
42
91
159
216
242
232
186
110
45
0
0
0
0
37
96
171
224
240
220
164
92
37
12
4
2
1
1
1
2
3
7
22
66
140
207
239
232
186
110
45
0
0
0
0
49
117
191
234
238
204
136
64
20
5
2
1
1
1
1
1
2
4
17
60
135
204
239
232
186
110
45
0
0
0
0
57
129
201
238
234
191
118
49
13
3
1
1
1
0
1
1
2
4
17
59
134
204
239
232
186
110
45
0
0
0
0
60
134
206
239
232
184
109
43
11
3
1
1
1
0
1
1
2
4
17
59
134
204
239
232
186
110
45
0
0
0
0
61
136
206
240
231
182
107
41
10
2
1
1
0
0
1
1
2
4
16
59
134
204
239
232
186
110
45
0
0
0
0
61
135
206
240
231
183
108
42
10
2
1
1
1
0
1
1
2
4
16
59
134
205
239
232
186
110
45
0
0
0
0
59
132
204
239
233
188
114
45
12
3
1
1
1
0
1
1
2
4
17
59
134
205
239
232
186
110
45
0
0
0
0
54
125
198
237
236
197
126
55
15
4
2
1
1
1
1
1
2
4
17
60
135
205
239
232
186
110
45
0
0
0
0
46
112
186
232
240
210
147
73
25
6
2
1
1
1
1
1
2
6
23
69
143
209
240
232
186
111
45
0
0
0
0
34
91
166
222
241
225
176
106
47
16
5
2
1
1
1
3
7
18
46
99
168
221
243
233
186
111
45
0
0
0
0
22
66
136
201
236
237
208
152
90
45
20
10
7
7
9
16
30
57
99
153
204
237
247
233
186
111
45
0
0
0
0
12
41
99
167
218
239
232
201
152
103
65
44
36
35
42
59
88
125
165
202
230
245
248
233
186
110
45
0
0
0
0
5
21
58
117
178
219
236
232
209
175
141
116
106
105
114
135
164
189
204
212
225
239
246
232
184
109
43
0
0
0
0
2
8
27
65
119
171
209
228
231
223
208
195
189
188
192
201
208
203
185
175
193
224
242
230
180
104
41
0
0
0
0
1
3
10
27
60
103
147
181
204
217
222
221
220
218
214
204
186
157
126
123
162
213
239
228
176
99
37
0
0
0
0
2
4
8
15
27
49
77
107
134
158
173
179
179
176
166
145
116
86
70
92
154
213
239
224
169
92
34
0
0
0
0
5
13
25
34
40
44
48
54
64
80
93
98
98
96
86
69
50
38
48
95
166
222
239
216
155
80
27
0
0
0
0
12
34
66
91
101
98
82
58
40
34
35
37
37
35
31
25
22
30
62
123
190
231
235
198
130
61
19
0
0
0
0
18
54
109
156
178
176
152
110
68
40
28
24
23
23
23
26
37
63
108
166
215
237
222
171
99
40
11
0
0
0
0
16
53
116
178
216
225
210
176
132
94
73
64
62
62
64
73
94
129
171
210
232
229
193
131
65
22
6
0
0
0
0
10
34
84
147
199
227
233
221
198
171
153
145
143
143
145
154
172
197
219
231
225
196
144
84
35
10
3
0
0
0
0
4
15
43
90
143
186
211
222
223
218
213
210
210
210
210
214
219
223
222
209
181
136
84
40
14
4
1
0
0
0
0
1
5
15
39
75
113
145
169
188
203
210
212
212
212
212
211
204
190
170
144
109
69
35
13
4
1
1
0
0
0
0
1
1
4
11
26
46
68
88
111
133
146
149
150
150
149
146
134
113
90
67
44
23
10
3
1
1
1
0
0
0
0
1
1
1
3
6
12
19
29
42
56
65
67
67
67
67
65
57
44
30
20
11
5
2
1
1
1
1
0
0
0
0
0
0
0
0
0
0
0
0
0
0
0
0
0
0
0
0
0
0
0
0
0
0
0
0
0
0
0
0
0
0
0
0
0
0
0
0
0
0
0
0
0
0
0
0
0
0
0
0
0
0
0
0
0
0
0
0
0
0
0
0
