31
48
0
0
0
0
0
0
0
0
0
0
0
0
0
0
0
0
0
0
0
0
0
0
0
0
0
0
0
0
0
0
0
0
0
0
0
0
0
0
0
0
0
0
0
0
0
0
0
0
0
0
0
0
0
0
0
0
0
0
0
0
0
0
0
0
0
1
1
1
1
2
3
7
15
26
36
41
42
42
39
32
21
11
8
12
24
35
40
39
32
19
8
0
0
0
0
1
1
1
1
2
5
13
27
49
74
94
104
107
107
102
86
63
39
26
32
59
88
102
99
80
48
20
0
0
0
0
1
1
1
2
7
18
41
73
109
143
167
178
181
180
175
158
129
94
67
69
106
149
172
168
135
82
34
0
0
0
0
1
1
2
6
21
50
92
138
177
206
222
228
229
229
226
215
195
163
129
120
151
194
218
212
171
103
42
0
0
0
0
1
2
5
19
51
100
154
197
225
237
240
237
235
234
234
234
229
214
190
176
192
220
237
228
183
110
45
0
0
0
0
1
4
15
45
96
156
205
232
240
234
220
205
197
195
198
206
219
227
225
219
225
237
244
231
185
110
45
0
0
0
0
3
10
34
83
147
202
233
240
227
200
167
140
126
123
128
142
169
197
219
232
241
247
248
232
185
110
45
0
0
0
0
5
21
62
127
190
230
240
226
191
143
98
68
55
52
56
70
99
136
175
210
235
248
249
233
186
111
45
0
0
0
0
10
37
94
165
219
241
233
198
141
84
44
23
15
14
16
24
42
71
112
162
209
239
248
233
186
111
45
0
0
0
0
16
55
124
193
234
241
216
161
93
42
17
7
4
4
4
7
14
28
58
111
176
225
244
233
186
111
45
0
0
0
0
25
75
149
212
241
233
191
123
58
20
7
3
2
2
2
3
5
10
29
76
149
212
241
232
186
111
45
0
0
0
0
36
95
171
225
242
221
165
92
36
10
3
2
1
1
1
1
3
5
19
62
137
206
239
232
186
110
45
0
0
0
0
46
113
187
233
240
209
143
69
22
6
2
1
1
1
1
1
2
4
17
60
134
204
239
232
186
110
45
0
0
0
0
54
125
198
237
236
197
126
54
15
4
2
1
1
0
1
1
2
4
17
59
134
204
239
232
186
110
45
0
0
0
0
59
132
203
239
233
188
115
46
12
3
1
1
1
0
1
1
2
4
17
59
134
204
239
232
186
110
45
0
0
0
0
60
135
206
239
231
184
109
42
10
2
1
1
1
0
1
1
2
4
16
59
134
204
239
232
186
110
45
0
0
0
0
61
136
207
240
231
182
107
41
10
2
1
1
0
0
1
1
2
4
16
59
134
204
239
232
186
110
45
0
0
0
0
61
136
207
240
231
182
106
41
10
2
1
1
0
0
1
1
2
4
16
59
134
204
239
232
186
110
45
0
0
0
0
61
136
206
240
231
182
107
41
10
2
1
1
1
0
1
1
2
4
16
59
134
205
239
232
186
110
45
0
0
0
0
60
134
205
239
232
185
110
43
11
2
1
1
1
0
1
1
2
4
17
59
134
205
239
232
186
110
45
0
0
0
0
58
130
202
239
235
191
118
48
12
3
1
1
1
0
1
1
2
4
17
59
134
204
239
232
186
110
45
0
0
0
0
53
124
197
237
238
200
129
56
16
4
2
1
1
0
1
1
2
4
17
59
135
205
239
232
186
110
45
0
0
0
0
47
113
188
233
241
210
144
69
22
5
2
1
1
1
1
1
2
5
19
64
139
207
240
232
186
111
45
0
0
0
0
38
99
174
227
242
222
166
92
35
10
3
1
1
1
1
1
3
9
30
81
154
215
242
233
186
111
45
0
0
0
0
28
80
155
216
242
233
191
124
59
20
6
2
1
1
1
3
8
24
59
118
183
229
246
233
186
111
45
0
0
0
0
19
61
131
199
237
242
217
163
97
45
18
7
4
4
6
13
29
60
109
167
216
242
248
233
186
111
45
0
0
0
0
11
42
102
174
224
243
236
202
149
93
51
29
21
21
27
45
76
119
168
211
238
249
249
233
186
111
45
0
0
0
0
6
25
70
137
199
235
244
232
200
156
111
81
68
68
79
106
144
182
211
229
239
246
248
233
185
110
44
0
0
0
0
3
12
40
94
159
211
238
244
234
211
181
156
145
145
155
177
203
219
218
212
219
235
244
232
183
108
43
0
0
0
0
2
5
19
54
108
167
211
235
243
239
229
219
214
214
218
224
227
214
186
169
186
220
240
229
180
103
40
0
0
0
0
1
3
8
25
59
109
159
198
222
235
240
240
239
238
234
225
206
171
133
122
158
210
238
228
176
99
37
0
0
0
0
1
2
5
11
26
56
96
136
169
195
211
216
217
214
204
182
149
109
80
90
148
209
239
227
173
96
35
0
0
0
0
2
4
6
9
14
25
45
72
101
129
148
156
156
153
140
114
83
55
48
82
153
215
240
224
168
90
32
0
0
0
0
4
11
20
27
30
31
32
35
46
63
77
83
83
80
70
53
34
25
40
92
166
223
240
217
156
80
27
0
0
0
0
10
28
53
73
80
76
61
40
26
25
29
31
32
30
26
19
14
20
50
113
184
230
237
204
137
64
20
0
0
0
0
17
51
99
137
153
147
119
77
39
19
13
12
12
11
11
11
16
34
77
143
205
237
231
186
114
48
13
0
0
0
0
21
64
129
185
210
207
179
130
77
41
23
18
17
17
17
23
39
71
122
181
225
240
219
163
89
33
8
0
0
0
0
17
58
125
191
229
237
221
183
134
90
64
54
52
52
54
65
90
131
177
217
238
234
197
132
64
21
5
0
0
0
0
11
39
97
165
217
240
240
223
193
159
135
125
123
123
125
136
160
192
221
238
238
214
162
94
39
11
3
0
0
0
0
5
21
60
121
181
221
239
240
231
215
202
196
195
195
196
203
216
231
240
237
217
174
114
56
19
5
1
0
0
0
0
2
9
30
73
128
177
210
227
235
237
236
235
234
234
235
236
238
236
227
208
171
119
65
26
8
2
1
0
0
0
0
1
3
11
33
70
113
151
179
201
218
227
229
229
229
229
227
219
203
180
149
108
63
28
9
3
1
1
0
0
0
0
1
1
4
11
28
53
81
108
136
162
177
181
181
181
181
177
163
138
109
80
50
25
9
3
1
1
1
0
0
0
0
1
1
1
3
8
17
29
46
67
90
103
107
107
107
107
104
91
69
47
30
16
7
3
1
1
1
1
0
0
0
0
0
0
0
0
0
0
0
0
0
0
0
0
0
0
0
0
0
0
0
0
0
0
0
0
0
0
0
0
0
0
0
0
0
0
0
0
0
0
0
0
0
0
0
0
0
0
0
0
0
0
0
0
0
0
0
0
0
0
0
0
