24
36
0
0
0
0
0
0
0
0
0
0
0
0
0
0
0
0
0
0
0
0
0
0
0
0
0
0
0
0
0
0
0
0
0
0
0
0
0
0
0
0
0
0
0
0
0
0
0
0
0
0
1
1
1
3
10
23
41
57
64
64
56
40
24
22
37
55
58
43
21
6
0
0
0
0
1
1
4
14
37
72
109
136
148
148
136
109
76
65
91
126
132
99
48
14
0
0
0
0
1
4
15
46
95
146
186
208
215
214
206
184
151
131
152
189
193
144
69
20
0
0
0
0
3
12
44
100
163
207
225
223
217
214
215
214
204
194
204
225
218
161
77
22
0
0
0
0
8
33
88
159
211
225
207
177
154
147
155
175
199
217
231
241
224
163
78
22
0
0
0
0
18
63
137
203
226
202
150
99
70
62
71
98
140
185
224
242
226
163
78
22
0
0
0
0
34
97
177
224
213
156
88
41
20
16
20
36
70
125
189
231
224
164
78
23
0
0
0
0
51
128
202
226
187
111
45
14
5
3
4
10
29
77
155
217
222
164
78
22
0
0
0
0
69
152
216
218
158
76
24
6
2
1
2
4
15
57
137
209
220
163
78
22
0
0
0
0
84
169
222
207
134
55
14
3
1
1
1
3
13
53
134
207
220
163
78
22
0
0
0
0
93
178
224
198
120
45
10
2
1
1
1
2
13
53
133
207
220
163
78
22
0
0
0
0
96
182
224
194
113
40
9
2
1
1
1
2
12
53
133
207
220
163
78
22
0
0
0
0
97
183
224
193
111
39
9
2
1
1
1
2
12
53
133
207
220
163
78
22
0
0
0
0
97
182
224
193
112
40
9
2
1
1
1
2
12
53
133
207
220
163
78
22
0
0
0
0
95
180
224
197
117
42
9
2
1
1
1
2
12
53
133
207
220
163
78
22
0
0
0
0
89
175
224
203
127
49
11
2
1
1
1
2
13
53
134
207
220
163
78
22
0
0
0
0
80
165
221
212
143
62
17
3
1
1
1
3
15
59
140
210
220
163
78
22
0
0
0
0
65
148
214
222
168
88
30
7
2
1
2
8
30
83
162
220
222
164
78
22
0
0
0
0
48
123
199
229
198
128
60
21
8
7
12
30
70
132
198
235
225
164
78
23
0
0
0
0
31
92
172
223
223
179
115
65
39
36
50
84
134
187
226
243
226
164
78
22
0
0
0
0
16
58
129
197
229
220
182
139
112
108
126
159
191
211
227
238
224
162
77
22
0
0
0
0
6
28
80
148
203
228
225
209
196
193
200
206
198
185
198
224
219
159
74
20
0
0
0
0
3
11
37
86
144
189
214
223
224
221
212
189
152
134
165
213
216
155
70
19
0
0
0
0
3
7
17
40
76
117
151
173
180
175
156
121
88
93
152
212
214
149
66
17
0
0
0
0
9
21
32
39
46
57
74
90
96
92
77
54
46
83
160
217
208
138
57
14
0
0
0
0
24
58
88
94
77
50
35
33
34
32
27
24
43
102
180
221
196
118
44
10
0
0
0
0
40
99
155
172
146
94
49
27
22
21
23
37
77
142
205
221
174
93
30
6
0
0
0
0
40
107
180
217
204
158
106
74
62
61
69
93
139
192
224
208
142
65
18
3
0
0
0
0
26
80
155
212
228
211
180
156
146
145
152
172
202
225
218
172
99
37
9
2
0
0
0
0
12
43
102
166
208
223
222
217
214
214
216
221
224
213
176
115
54
16
3
1
0
0
0
0
4
16
49
97
143
177
201
212
216
216
214
206
186
153
107
57
20
5
1
1
0
0
0
0
1
4
15
37
66
97
126
144
150
150
147
134
107
75
43
19
5
1
1
1
0
0
0
0
0
0
0
0
0
0
0
0
0
0
0
0
0
0
0
0
0
0
0
0
0
0
0
0
0
0
0
0
0
0
0
0
0
0
0
0
0
0
0
0
0
0
0
0
0
0
