21
24
0
0
0
0
0
0
0
0
0
0
0
0
0
0
0
0
0
0
0
0
0
0
0
0
0
0
0
0
0
0
0
0
0
0
0
0
0
0
0
0
0
0
0
0
55
73
74
58
30
9
1
0
0
0
1
9
30
58
74
73
55
0
0
0
0
117
163
170
142
85
30
5
0
0
0
5
30
85
142
170
163
117
0
0
0
0
136
206
231
210
142
58
12
0
0
0
12
58
142
210
231
206
136
0
0
0
0
105
190
240
236
175
81
19
1
0
1
19
81
175
236
240
190
105
0
0
0
0
66
151
222
240
197
109
35
5
0
5
35
109
197
240
222
151
66
0
0
0
0
35
109
197
240
221
147
59
12
0
12
59
147
221
240
197
109
35
0
0
0
0
19
81
175
236
236
175
81
19
2
19
81
175
236
236
175
81
19
0
0
0
0
12
59
147
221
240
197
109
35
10
35
109
197
240
221
147
59
12
0
0
0
0
5
35
109
197
240
221
147
59
23
59
147
221
240
197
109
35
5
0
0
0
0
1
19
81
175
236
236
175
82
38
82
175
236
236
175
81
19
1
0
0
0
0
0
12
59
147
221
240
197
114
70
114
197
240
221
147
59
12
0
0
0
0
0
0
5
34
105
190
236
221
162
125
162
221
236
190
105
34
5
0
0
0
0
0
0
1
15
66
151
221
236
205
179
205
236
221
151
66
15
1
0
0
0
0
0
0
0
5
35
109
197
240
237
225
237
240
197
109
35
5
0
0
0
0
0
0
0
0
1
19
81
175
236
251
249
251
236
175
81
19
1
0
0
0
0
0
0
0
0
0
12
59
147
221
251
255
251
221
147
59
12
0
0
0
0
0
0
0
0
0
0
5
35
109
197
244
255
244
197
109
35
5
0
0
0
0
0
0
0
0
0
0
1
19
81
175
237
254
237
175
81
19
1
0
0
0
0
0
0
0
0
0
0
0
12
58
142
210
232
210
142
58
12
0
0
0
0
0
0
0
0
0
0
0
0
5
30
85
142
165
142
85
30
5
0
0
0
0
0
0
0
0
0
0
0
0
0
0
0
0
0
0
0
0
0
0
0
0
0
0
0
0
0
0
0
0
0
0
0
0
0
0
0
0
0
0
0
0
0
0
0
0
