20
24
0
0
0
0
0
0
0
0
0
0
0
0
0
0
0
0
0
0
0
0
0
0
0
0
0
0
0
0
0
0
0
0
0
0
0
0
0
0
0
0
0
0
73
74
59
34
15
5
1
0
0
4
27
79
139
170
167
124
0
0
0
0
156
167
146
104
61
24
5
0
0
7
40
112
191
231
225
167
0
0
0
0
175
213
216
185
128
55
12
0
0
5
35
109
197
243
236
171
0
0
0
0
124
194
236
229
171
80
19
1
0
6
39
115
200
241
221
147
0
0
0
0
70
152
222
240
197
109
35
5
0
12
59
147
221
240
197
109
0
0
0
0
35
109
197
240
221
147
59
12
1
19
81
175
236
236
175
81
0
0
0
0
19
81
175
236
236
175
81
19
6
35
109
197
240
221
147
59
0
0
0
0
12
59
147
221
240
197
109
35
16
59
147
221
240
197
109
35
0
0
0
0
5
35
109
197
240
221
147
59
27
74
171
235
236
175
81
19
0
0
0
0
1
19
81
175
236
236
175
82
39
85
182
236
221
147
59
12
0
0
0
0
0
12
59
147
221
240
197
114
70
114
196
229
190
105
34
5
0
0
0
0
0
5
34
105
190
236
221
162
125
162
218
221
157
70
16
1
0
0
0
0
0
1
15
65
147
214
232
204
179
205
234
214
140
54
10
0
0
0
0
0
0
0
5
30
90
166
221
232
225
237
246
221
147
59
12
0
0
0
0
0
0
0
1
9
41
109
190
237
248
252
249
217
141
56
11
0
0
0
0
0
0
0
0
1
15
66
151
222
251
255
244
197
109
35
5
0
0
0
0
0
0
0
0
0
5
35
109
197
244
255
237
175
81
19
1
0
0
0
0
0
0
0
0
0
1
19
81
175
237
250
221
147
59
12
0
0
0
0
0
0
0
0
0
0
0
12
58
142
210
226
185
104
34
5
0
0
0
0
0
0
0
0
0
0
0
5
30
85
142
161
128
61
15
1
0
0
0
0
0
0
0
0
0
0
0
0
0
0
0
0
0
0
0
0
0
0
0
0
0
0
0
0
0
0
0
0
0
0
0
0
0
0
0
0
0
0
0
0
