20
24
0
0
0
0
0
0
0
0
0
0
0
0
0
0
0
0
0
0
0
0
0
0
0
0
0
0
0
0
0
0
0
0
0
0
0
0
0
0
0
0
0
0
15
15
12
5
1
0
0
0
0
4
27
79
139
170
167
124
0
0
0
0
70
73
59
34
15
5
1
0
0
7
40
112
191
231
225
167
0
0
0
0
142
163
146
104
61
24
5
0
0
5
35
109
197
243
236
171
0
0
0
0
151
206
216
186
131
61
15
1
0
6
39
115
200
241
221
147
0
0
0
0
109
190
236
233
186
104
34
5
0
12
59
147
221
240
197
109
0
0
0
0
66
151
222
246
221
147
59
12
0
15
74
171
236
240
182
85
0
0
0
0
35
109
197
243
237
176
85
26
5
17
78
178
240
240
178
78
0
0
0
0
19
80
171
230
240
200
128
66
24
21
78
178
240
240
178
78
0
0
0
0
12
55
128
190
227
227
190
128
55
28
78
178
239
236
171
74
0
0
0
0
5
24
66
128
200
240
230
171
81
39
85
182
236
221
147
59
0
0
0
0
1
5
26
85
176
237
243
197
114
70
114
196
229
190
105
34
0
0
0
0
0
0
12
59
147
221
246
222
162
125
162
218
221
157
70
16
0
0
0
0
0
0
5
34
104
186
233
236
204
179
205
234
214
140
54
10
0
0
0
0
0
0
1
15
61
132
191
227
232
225
237
246
221
147
59
12
0
0
0
0
0
0
0
5
24
65
124
194
237
248
252
249
217
141
56
11
0
0
0
0
0
0
0
1
5
22
70
152
222
251
255
244
197
109
35
5
0
0
0
0
0
0
0
0
0
5
35
109
197
244
255
237
175
81
19
1
0
0
0
0
0
0
0
0
0
1
19
80
171
230
246
220
147
59
12
0
0
0
0
0
0
0
0
0
0
0
12
55
128
185
211
182
104
34
5
0
0
0
0
0
0
0
0
0
0
0
5
24
61
104
137
121
61
15
1
0
0
0
0
0
0
0
0
0
0
0
0
0
0
0
0
0
0
0
0
0
0
0
0
0
0
0
0
0
0
0
0
0
0
0
0
0
0
0
0
0
0
0
