21
24
0
0
0
0
0
0
0
0
0
0
0
0
0
0
0
0
0
0
0
0
0
0
0
0
0
0
0
0
0
0
0
0
0
0
0
0
0
0
0
0
0
0
0
0
0
0
0
0
0
0
0
0
1
4
18
51
97
145
162
136
78
0
0
0
0
5
11
14
12
8
4
1
1
1
10
43
105
169
215
222
180
100
0
0
0
0
32
57
67
59
42
21
6
1
1
13
56
133
204
242
241
196
111
0
0
0
0
89
141
159
144
105
54
17
3
1
11
54
135
210
245
237
185
100
0
0
0
0
146
207
227
211
163
89
29
5
1
13
58
141
215
245
227
163
78
0
0
0
0
159
225
249
240
197
121
51
14
5
18
66
147
218
245
222
152
67
0
0
0
0
132
203
240
246
221
164
97
43
15
20
66
145
216
244
224
155
70
0
0
0
0
84
152
206
237
240
214
161
92
34
24
68
150
219
243
216
143
61
0
0
0
0
36
85
149
211
243
243
208
136
58
33
79
165
228
241
201
119
44
0
0
0
0
10
37
96
173
228
247
230
170
89
51
89
173
232
239
193
108
36
0
0
0
0
2
14
54
122
189
233
239
203
134
87
103
173
230
240
196
111
38
0
0
0
0
1
4
22
65
132
203
239
232
191
146
142
189
234
236
185
100
33
0
0
0
0
0
1
6
28
86
170
229
246
230
200
188
215
240
226
163
78
21
0
0
0
0
0
0
1
12
54
132
203
240
244
231
221
235
245
222
153
68
16
0
0
0
0
0
0
1
5
29
84
152
205
237
244
243
248
250
228
162
74
19
0
0
0
0
0
0
0
2
10
36
85
149
211
244
252
254
252
229
163
74
18
0
0
0
0
0
0
0
1
2
10
37
96
173
228
250
255
251
222
151
64
14
0
0
0
0
0
0
0
0
1
2
14
54
122
189
233
252
249
216
141
58
12
0
0
0
0
0
0
0
0
0
1
4
22
65
131
198
232
235
205
135
56
12
0
0
0
0
0
0
0
0
0
0
1
6
28
81
145
176
176
153
102
42
9
0
0
0
0
0
0
0
0
0
0
0
0
0
0
0
0
0
0
0
0
0
0
0
0
0
0
0
0
0
0
0
0
0
0
0
0
0
0
0
0
0
0
0
0
