20
24
0
0
0
0
0
0
0
0
0
0
0
0
0
0
0
0
0
0
0
0
0
0
0
0
0
0
0
0
0
0
0
0
0
0
0
0
0
0
0
0
0
0
124
160
142
85
30
5
0
0
0
0
1
9
30
55
56
34
0
0
0
0
167
221
210
142
58
12
0
0
0
1
9
37
89
137
140
100
0
0
0
0
171
235
235
171
74
15
0
0
0
5
30
89
161
210
209
160
0
0
0
0
147
221
236
182
85
20
1
0
1
15
65
147
214
238
213
152
0
0
0
0
109
197
233
197
109
35
5
0
5
34
105
190
236
225
167
94
0
0
0
0
81
175
232
220
147
59
12
0
12
59
147
221
240
198
113
42
0
0
0
0
59
147
220
232
175
81
19
2
19
81
175
236
236
175
81
19
0
0
0
0
35
109
197
233
197
109
35
10
35
109
197
240
221
147
59
12
0
0
0
0
19
81
175
232
220
147
59
23
59
147
221
240
197
109
35
5
0
0
0
0
12
59
147
220
232
175
82
38
82
175
236
236
175
81
19
1
0
0
0
0
5
35
109
197
233
197
114
70
114
197
240
221
147
59
12
0
0
0
0
0
1
19
81
175
232
221
162
125
162
221
236
190
105
34
5
0
0
0
0
0
0
13
63
154
224
237
205
179
204
232
214
147
65
15
1
0
0
0
0
0
0
10
54
140
215
244
237
225
232
221
166
90
30
5
0
0
0
0
0
0
0
12
59
147
221
250
252
248
237
190
109
41
9
1
0
0
0
0
0
0
0
11
56
141
217
250
255
251
222
151
66
15
1
0
0
0
0
0
0
0
0
5
35
109
197
244
255
244
197
109
35
5
0
0
0
0
0
0
0
0
0
1
19
81
175
237
254
237
175
81
19
1
0
0
0
0
0
0
0
0
0
0
12
58
142
210
232
210
142
58
12
0
0
0
0
0
0
0
0
0
0
0
5
30
85
142
165
142
85
30
5
0
0
0
0
0
0
0
0
0
0
0
0
0
0
0
0
0
0
0
0
0
0
0
0
0
0
0
0
0
0
0
0
0
0
0
0
0
0
0
0
0
0
0
0
0
0
0
