21
24
0
0
0
0
0
0
0
0
0
0
0
0
0
0
0
0
0
0
0
0
0
0
0
0
0
0
0
0
0
0
0
0
0
0
0
0
0
0
0
0
0
0
0
0
142
178
174
142
85
30
5
0
0
0
0
1
5
12
15
15
12
0
0
0
0
142
210
232
210
142
58
12
0
0
0
1
9
30
58
74
73
55
0
0
0
0
105
190
240
236
175
81
19
1
0
0
5
30
85
142
170
163
117
0
0
0
0
70
157
226
240
193
102
31
4
0
1
15
65
146
211
231
206
136
0
0
0
0
54
140
215
240
202
116
41
7
1
9
41
109
190
236
233
186
104
0
0
0
0
59
147
221
240
197
109
35
5
5
30
90
166
221
227
191
132
61
0
0
0
0
56
141
217
240
200
115
39
7
15
65
147
215
236
200
128
66
24
0
0
0
0
35
109
197
240
221
147
59
16
34
105
190
240
236
176
85
26
5
0
0
0
0
19
81
175
236
235
171
74
27
59
147
221
246
221
147
59
12
0
0
0
0
0
13
63
154
225
236
179
83
42
85
176
237
243
197
109
35
5
0
0
0
0
0
9
50
133
212
232
183
101
82
128
200
240
230
171
80
19
1
0
0
0
0
0
8
44
123
206
232
193
139
148
190
224
221
186
128
55
12
0
0
0
0
0
0
4
31
102
193
232
212
182
202
229
221
170
109
61
24
5
0
0
0
0
0
0
1
19
81
175
232
236
225
237
240
198
114
45
15
5
1
0
0
0
0
0
0
0
13
63
154
224
248
249
251
236
175
81
19
1
0
0
0
0
0
0
0
0
0
10
54
140
215
249
255
247
214
143
58
12
0
0
0
0
0
0
0
0
0
0
12
59
147
221
251
251
226
166
90
30
5
0
0
0
0
0
0
0
0
0
0
11
55
137
211
245
240
191
109
41
9
1
0
0
0
0
0
0
0
0
0
0
5
30
89
161
211
207
146
65
15
1
0
0
0
0
0
0
0
0
0
0
0
1
9
37
89
137
136
85
30
5
0
0
0
0
0
0
0
0
0
0
0
0
0
0
0
0
0
0
0
0
0
0
0
0
0
0
0
0
0
0
0
0
0
0
0
0
0
0
0
0
0
0
0
0
0
0
0
0
0
0
0
