21
25
0
0
0
0
0
0
0
0
0
0
0
0
0
0
0
0
0
0
0
0
0
0
0
0
0
0
0
0
0
0
0
0
0
0
0
0
0
0
0
0
0
0
0
0
100
142
140
98
52
18
4
1
0
0
0
0
0
0
0
0
0
0
0
0
0
137
200
212
175
113
48
11
1
0
0
1
4
8
9
5
1
0
0
0
0
0
135
209
240
222
163
80
22
3
0
1
4
18
41
49
34
19
13
0
0
0
0
123
199
241
239
190
104
34
5
0
1
11
48
102
126
106
81
59
0
0
0
0
121
197
239
241
197
112
38
7
1
6
28
85
160
200
192
167
125
0
0
0
0
114
193
239
240
193
107
35
6
6
24
66
133
202
237
232
201
145
0
0
0
0
95
180
235
242
198
115
40
9
18
60
125
189
233
245
223
172
109
0
0
0
0
83
171
231
245
211
133
52
19
41
103
177
228
248
238
192
119
57
0
0
0
0
84
172
233
247
216
141
62
41
83
152
213
244
244
215
152
74
24
0
0
0
0
76
163
228
245
213
138
71
77
140
201
236
241
218
169
103
41
9
0
0
0
0
59
142
216
244
217
148
93
117
186
234
245
224
170
105
50
16
3
0
0
0
0
49
130
210
244
226
170
127
156
215
247
242
198
121
53
17
4
1
0
0
0
0
54
137
214
246
233
194
170
195
234
247
225
165
82
25
4
1
0
0
0
0
0
55
138
215
246
239
219
214
231
244
231
186
118
49
12
1
1
0
0
0
0
0
47
126
206
245
248
242
243
248
239
198
128
63
21
4
1
0
0
0
0
0
0
41
117
200
244
254
253
252
244
215
153
77
25
5
1
0
0
0
0
0
0
0
41
116
200
244
255
254
244
216
166
101
40
9
1
0
0
0
0
0
0
0
0
34
105
191
241
254
250
223
166
99
47
15
3
1
0
0
0
0
0
0
0
0
22
80
163
223
248
241
197
119
50
15
4
1
0
0
0
0
0
0
0
0
0
11
48
113
175
216
215
163
81
24
4
1
0
0
0
0
0
0
0
0
0
0
4
18
52
98
143
150
109
48
12
1
1
0
0
0
0
0
0
0
0
0
0
0
0
0
0
0
0
0
0
0
0
0
0
0
0
0
0
0
0
0
0
0
0
0
0
0
0
0
0
0
0
0
0
0
0
0
0
0
0
0
0
