23
24
0
0
0
0
0
0
0
0
0
0
0
0
0
0
0
0
0
0
0
0
0
0
0
0
0
0
0
0
0
0
0
0
0
0
0
0
0
0
0
0
0
0
0
0
0
0
0
0
0
0
1
9
30
65
105
147
171
178
171
147
105
66
34
15
5
1
0
0
0
0
0
0
1
9
37
89
147
190
221
236
240
236
221
190
151
104
61
24
5
0
0
0
0
0
1
9
37
93
162
214
236
240
240
240
240
240
236
221
186
131
61
15
1
0
0
0
0
5
30
89
162
218
239
225
198
182
178
182
198
225
242
233
186
104
34
5
0
0
0
0
15
65
147
214
239
218
167
113
85
78
85
113
167
219
242
221
151
66
15
0
0
0
0
34
105
190
237
229
178
110
57
36
32
36
57
110
178
229
237
190
105
34
0
0
0
0
59
147
221
244
221
167
114
86
79
78
79
86
114
167
221
244
221
147
59
0
0
0
0
74
171
236
251
236
208
186
179
178
178
178
179
186
208
236
251
236
171
74
0
0
0
0
78
178
240
255
251
244
241
240
240
240
240
240
241
244
251
255
240
178
78
0
0
0
0
78
178
240
255
251
244
241
240
240
240
240
240
240
240
240
240
225
167
73
0
0
0
0
78
178
240
251
232
201
183
178
178
178
178
178
179
183
189
193
182
135
59
0
0
0
0
74
171
236
244
205
139
93
79
78
78
78
79
86
108
136
151
142
102
43
0
0
0
0
59
147
221
241
202
124
57
25
17
16
17
25
53
105
159
183
163
104
41
0
0
0
0
34
105
190
236
225
167
95
42
20
16
20
42
94
162
213
221
175
94
29
0
0
0
0
15
65
147
214
239
218
167
113
85
78
85
113
167
219
242
221
151
66
15
0
0
0
0
5
30
89
162
218
239
225
198
182
178
182
198
226
246
240
190
105
34
5
0
0
0
0
1
9
37
93
162
214
236
240
240
240
241
243
246
240
212
146
65
15
1
0
0
0
0
0
1
9
37
89
147
190
221
236
240
240
236
221
190
146
85
30
5
0
0
0
0
0
0
0
1
9
30
65
105
147
171
178
178
171
147
105
65
30
9
1
0
0
0
0
0
0
0
0
1
5
15
34
59
74
78
78
74
59
34
15
5
1
0
0
0
0
0
0
0
0
0
0
0
0
0
0
0
0
0
0
0
0
0
0
0
0
0
0
0
0
0
0
0
0
0
0
0
0
0
0
0
0
0
0
0
0
0
0
0
0
0
0
