23
24
0
0
0
0
0
0
0
0
0
0
0
0
0
0
0
0
0
0
0
0
0
0
0
0
0
0
0
0
0
0
0
0
0
0
0
0
0
0
0
0
0
0
0
0
0
0
0
0
0
0
1
5
15
34
59
74
85
102
116
99
66
34
15
5
1
0
0
0
0
0
0
0
1
9
30
65
105
147
171
182
193
202
186
151
104
61
24
5
0
0
0
0
0
0
1
9
37
89
147
190
221
236
240
239
236
229
217
185
132
65
22
5
1
0
0
0
0
5
30
89
161
215
240
246
243
237
221
200
200
221
226
190
123
65
24
5
0
0
0
0
12
58
143
214
246
246
226
198
175
147
115
119
167
214
224
190
132
61
15
0
0
0
0
19
81
175
236
246
219
167
113
82
64
50
60
110
177
226
230
186
104
34
0
0
0
0
35
109
197
241
230
178
110
57
39
46
65
84
114
167
221
244
221
147
59
0
0
0
0
59
147
221
244
221
167
114
86
85
109
147
172
186
208
236
251
236
171
74
0
0
0
0
74
171
236
251
236
208
186
179
182
197
221
236
241
244
251
255
240
178
78
0
0
0
0
78
178
240
255
251
244
241
240
240
240
240
240
240
240
240
240
225
167
73
0
0
0
0
78
178
240
255
251
244
241
240
236
221
197
182
179
183
189
193
182
135
59
0
0
0
0
78
178
240
251
232
201
183
178
171
147
109
85
86
108
136
151
142
102
43
0
0
0
0
74
171
236
244
205
139
93
79
74
59
36
29
53
105
159
183
163
104
41
0
0
0
0
59
147
221
241
202
124
57
25
17
16
20
42
94
162
214
225
182
98
30
0
0
0
0
34
104
186
229
221
166
95
42
24
35
66
109
167
219
247
240
182
85
20
0
0
0
0
15
61
131
186
217
211
166
113
91
109
151
191
226
247
254
236
171
74
15
0
0
0
0
5
24
61
108
166
211
217
197
185
197
222
241
250
250
241
211
142
58
12
0
0
0
0
1
5
15
41
94
161
211
229
236
239
240
240
236
221
190
146
85
30
5
0
0
0
0
0
0
1
9
37
89
147
190
217
217
197
182
171
147
105
65
30
9
1
0
0
0
0
0
0
0
1
9
30
65
105
141
141
109
85
74
59
34
15
5
1
0
0
0
0
0
0
0
0
0
0
0
0
0
0
0
0
0
0
0
0
0
0
0
0
0
0
0
0
0
0
0
0
0
0
0
0
0
0
0
0
0
0
0
0
0
0
0
0
0
