22
24
0
0
0
0
0
0
0
0
0
0
0
0
0
0
0
0
0
0
0
0
0
0
0
0
0
0
0
0
0
0
0
0
0
0
0
0
0
0
0
0
0
0
0
0
0
0
0
1
5
15
34
59
74
85
102
116
99
66
34
15
5
1
0
0
0
0
0
0
0
5
24
61
104
147
171
182
193
202
186
151
104
61
24
5
0
0
0
0
0
0
1
15
61
131
186
221
236
240
239
236
229
217
185
132
65
22
5
1
0
0
0
0
5
34
104
186
233
246
243
237
221
200
200
221
226
190
124
69
30
9
0
0
0
0
15
66
151
221
242
226
198
175
147
115
119
167
214
224
194
147
85
30
0
0
0
0
34
105
189
232
218
167
113
82
64
50
60
110
177
226
237
211
142
58
0
0
0
0
66
151
218
226
178
110
57
39
46
65
84
114
167
221
248
236
171
74
0
0
0
0
105
190
234
220
167
114
86
85
109
147
172
186
208
236
252
241
182
85
0
0
0
0
147
221
247
236
208
186
179
182
197
221
236
241
244
250
250
233
183
98
0
0
0
0
165
232
253
251
244
241
240
241
243
246
243
241
240
237
226
203
166
104
0
0
0
0
147
221
251
255
251
244
241
240
236
221
197
182
179
180
177
165
142
96
0
0
0
0
109
197
244
251
232
201
183
178
171
147
109
85
86
111
148
173
160
104
0
0
0
0
85
182
241
245
205
139
93
79
74
59
36
29
53
108
172
204
172
94
0
0
0
0
74
171
236
244
202
124
57
25
17
16
20
42
94
163
215
217
156
70
0
0
0
0
58
143
214
242
225
167
95
42
24
35
66
109
167
219
240
211
133
50
0
0
0
0
30
89
161
214
232
214
166
113
91
109
151
191
226
247
246
206
123
44
0
0
0
0
9
37
89
147
190
217
217
197
185
197
222
241
250
250
233
183
98
30
0
0
0
0
1
9
30
65
109
165
211
229
236
239
240
240
236
221
186
131
61
15
0
0
0
0
0
1
5
15
41
90
147
190
217
217
197
182
171
147
104
61
24
5
0
0
0
0
0
0
0
1
9
30
65
105
141
141
109
85
74
59
34
15
5
1
0
0
0
0
0
0
0
0
0
0
0
0
0
0
0
0
0
0
0
0
0
0
0
0
0
0
0
0
0
0
0
0
0
0
0
0
0
0
0
0
0
0
0
0
0
0
