24
25
0
0
0
0
0
0
0
0
0
0
0
0
0
0
0
0
0
0
0
0
0
0
0
0
0
0
0
0
0
0
0
0
0
0
0
0
0
0
0
0
0
0
0
0
0
0
0
0
0
0
0
0
1
4
9
18
35
59
73
74
72
69
54
32
17
10
4
1
1
0
0
0
0
0
0
0
4
18
46
74
107
147
170
172
167
160
137
102
73
49
24
7
1
0
0
0
0
0
0
1
12
50
112
162
194
221
235
236
233
229
214
189
162
122
65
21
3
1
0
0
0
0
1
7
32
93
172
223
242
246
243
242
244
249
247
240
225
185
113
43
9
1
0
0
0
0
7
29
78
147
213
244
243
224
198
190
204
226
239
247
246
220
154
73
21
4
0
0
0
0
26
76
143
203
237
238
208
160
113
99
124
164
198
226
244
237
191
116
49
13
0
0
0
0
55
129
199
238
244
214
153
90
51
45
66
109
159
207
239
247
225
166
87
28
0
0
0
0
76
162
226
250
239
192
120
73
68
78
94
128
178
222
246
253
243
199
119
45
0
0
0
0
77
168
231
251
237
193
140
124
149
172
182
199
225
245
252
250
238
203
135
60
0
0
0
0
79
171
234
252
246
224
201
201
221
236
241
243
246
243
238
226
205
177
129
68
0
0
0
0
85
177
237
254
253
248
244
244
246
243
241
236
222
200
188
179
166
147
112
59
0
0
0
0
81
168
231
253
255
253
247
239
221
197
182
172
151
128
133
157
179
176
135
68
0
0
0
0
60
140
214
249
253
242
217
186
150
109
85
75
71
85
133
187
221
216
164
83
0
0
0
0
40
113
194
241
250
228
179
121
76
42
23
19
36
88
166
224
246
231
173
88
0
0
0
0
27
84
162
222
245
230
182
120
74
47
28
24
53
121
198
241
244
211
144
67
0
0
0
0
14
49
112
186
234
243
219
181
146
120
96
90
117
175
227
246
225
167
93
35
0
0
0
0
5
21
68
147
216
247
247
234
218
204
189
184
198
226
246
239
193
113
45
12
0
0
0
0
1
8
38
104
180
226
241
246
247
246
242
241
243
246
238
210
148
69
18
2
0
0
0
0
1
2
17
58
118
163
189
213
232
241
241
240
236
220
188
144
86
33
6
1
0
0
0
0
0
1
5
21
48
74
100
135
169
187
185
180
171
147
103
63
31
10
2
0
0
0
0
0
0
0
1
4
10
18
30
54
80
94
89
81
74
59
34
15
5
2
1
0
0
0
0
0
0
0
0
0
0
0
0
0
0
0
0
0
0
0
0
0
0
0
0
0
0
0
0
0
0
0
0
0
0
0
0
0
0
0
0
0
0
0
0
0
0
0
0
0
0
0
