23
24
0
0
0
0
0
0
0
0
0
0
0
0
0
0
0
0
0
0
0
0
0
0
0
0
0
0
0
0
0
0
0
0
0
0
0
0
0
0
0
0
0
0
0
0
0
0
0
0
0
0
1
5
15
34
66
105
147
171
178
171
147
105
65
30
9
1
0
0
0
0
0
1
5
15
34
66
105
151
190
221
236
240
236
221
190
147
89
37
9
1
0
0
0
0
5
24
61
104
151
189
217
229
236
239
241
243
246
240
214
157
83
27
4
0
0
0
0
15
61
131
186
221
232
221
197
182
178
182
198
226
246
242
199
119
43
8
0
0
0
0
34
104
186
233
242
218
167
113
85
78
85
113
167
219
240
211
133
50
9
0
0
0
0
59
147
221
247
230
178
110
57
36
32
36
57
110
178
227
222
157
70
16
0
0
0
0
74
171
236
248
221
167
114
86
79
78
79
86
114
167
220
234
190
105
34
0
0
0
0
78
178
240
252
236
208
186
179
178
178
178
179
186
208
236
247
221
147
59
0
0
0
0
78
178
240
255
251
244
241
240
240
240
240
240
241
244
251
254
236
171
74
0
0
0
0
78
178
240
255
251
244
241
240
240
240
240
240
240
240
241
244
235
177
78
0
0
0
0
74
171
236
250
232
201
183
178
178
178
178
178
179
183
192
207
211
164
73
0
0
0
0
59
147
221
241
205
139
93
79
78
78
78
79
86
108
139
164
170
132
59
0
0
0
0
34
105
190
230
201
124
57
25
17
16
17
25
53
105
156
174
155
105
43
0
0
0
0
15
66
151
217
221
167
95
42
20
16
20
42
94
162
212
217
177
107
41
0
0
0
0
5
34
105
189
232
218
167
113
85
78
85
113
167
218
241
228
176
94
29
0
0
0
0
1
15
66
151
221
242
226
198
182
178
182
198
225
239
225
187
131
61
15
0
0
0
0
0
5
34
104
186
233
246
243
241
240
240
240
236
214
166
108
61
24
5
0
0
0
0
0
1
15
61
131
186
221
236
240
240
236
221
190
147
90
41
15
5
1
0
0
0
0
0
0
5
24
61
104
147
171
178
178
171
147
105
65
30
9
1
0
0
0
0
0
0
0
0
1
5
15
34
59
74
78
78
74
59
34
15
5
1
0
0
0
0
0
0
0
0
0
0
0
0
0
0
0
0
0
0
0
0
0
0
0
0
0
0
0
0
0
0
0
0
0
0
0
0
0
0
0
0
0
0
0
0
0
0
0
0
0
0
0
