23
24
0
0
0
0
0
0
0
0
0
0
0
0
0
0
0
0
0
0
0
0
0
0
0
0
0
0
0
0
0
0
0
0
0
0
0
0
0
0
0
0
0
0
0
0
0
0
0
0
0
0
1
5
15
34
59
81
109
141
141
109
81
58
30
9
1
0
0
0
0
0
0
0
1
9
30
65
105
147
175
197
217
217
197
175
143
89
37
9
1
0
0
0
0
0
0
5
30
85
146
190
220
232
234
240
245
243
237
214
162
93
37
9
1
0
0
0
0
1
15
65
146
212
240
242
225
201
200
221
237
243
242
218
162
89
30
5
0
0
0
0
9
41
109
191
240
246
219
167
119
115
147
175
198
225
239
214
147
65
15
0
0
0
0
30
90
166
226
247
230
178
110
60
50
64
82
113
167
218
232
189
105
34
0
0
0
0
58
143
214
247
248
221
167
114
84
65
46
39
57
110
178
226
217
147
59
0
0
0
0
74
171
236
255
252
236
208
186
172
147
109
85
86
114
167
220
229
171
74
0
0
0
0
78
178
240
255
255
251
244
241
236
221
197
182
179
186
208
236
236
178
78
0
0
0
0
78
178
240
255
251
244
241
240
240
240
240
240
240
241
244
251
239
178
78
0
0
0
0
78
178
239
247
226
198
182
178
182
197
221
236
240
240
241
244
235
177
78
0
0
0
0
78
178
236
229
177
117
85
78
85
109
147
172
183
188
192
201
207
163
73
0
0
0
0
74
171
229
216
148
71
29
17
20
35
60
83
108
132
140
142
151
122
56
0
0
0
0
58
143
211
221
172
99
43
20
16
17
25
53
105
153
159
135
109
71
28
0
0
0
0
30
89
161
211
211
166
113
85
74
63
60
98
162
211
213
171
107
46
12
0
0
0
0
9
37
94
166
217
221
198
182
171
154
143
173
219
245
235
180
95
29
4
0
0
0
0
1
9
41
109
190
236
243
241
236
225
216
229
246
246
215
147
65
15
1
0
0
0
0
0
1
15
65
146
211
236
241
243
246
243
241
236
214
161
89
30
5
0
0
0
0
0
0
0
5
30
85
142
171
182
197
217
217
197
175
143
89
37
9
1
0
0
0
0
0
0
0
1
9
30
58
74
85
109
141
141
109
81
58
30
9
1
0
0
0
0
0
0
0
0
0
0
0
0
0
0
0
0
0
0
0
0
0
0
0
0
0
0
0
0
0
0
0
0
0
0
0
0
0
0
0
0
0
0
0
0
0
0
0
0
0
0
