23
25
0
0
0
0
0
0
0
0
0
0
0
0
0
0
0
0
0
0
0
0
0
0
0
0
0
0
0
0
0
0
0
0
0
0
0
0
0
0
0
0
0
0
0
0
0
0
0
0
0
0
1
4
12
26
49
69
77
78
78
74
59
33
14
5
1
1
0
0
0
0
0
0
1
5
20
49
85
128
162
176
178
178
171
146
101
60
30
13
4
1
0
0
0
0
1
6
23
61
116
164
203
229
238
240
240
236
219
184
141
96
55
21
4
0
0
0
0
5
23
65
124
184
222
240
243
241
240
240
241
241
233
214
177
121
56
15
0
0
0
0
13
54
123
188
231
244
233
207
187
179
179
188
210
236
245
229
179
99
34
0
0
0
0
28
87
169
227
249
241
203
145
99
81
81
100
148
207
244
247
214
141
61
0
0
0
0
56
128
203
244
252
237
193
123
63
37
34
50
96
167
224
246
230
171
86
0
0
0
0
91
171
229
252
254
246
218
167
113
85
76
71
81
130
196
238
240
198
118
0
0
0
0
107
193
242
255
255
253
245
224
197
182
172
150
126
141
192
236
246
217
145
0
0
0
0
113
199
245
255
253
247
242
240
240
240
236
221
201
201
223
245
249
221
150
0
0
0
0
125
207
247
252
237
212
193
198
221
236
240
240
240
243
248
253
247
211
134
0
0
0
0
141
217
249
244
208
150
108
112
147
171
182
197
221
237
244
250
244
202
121
0
0
0
0
136
212
246
239
192
116
56
42
60
74
85
112
156
188
208
224
220
179
107
0
0
0
0
107
189
238
242
207
140
70
27
15
16
25
55
105
144
166
177
167
128
74
0
0
0
0
74
158
222
246
235
192
126
59
25
20
33
68
127
171
178
160
124
76
37
0
0
0
0
49
121
194
238
249
231
184
122
88
84
99
132
184
219
218
184
127
63
20
0
0
0
0
24
72
142
207
241
246
229
200
183
182
190
206
230
238
220
178
116
51
13
0
0
0
0
7
30
81
148
200
228
238
240
240
240
242
244
240
216
171
119
67
25
6
0
0
0
0
1
8
31
75
122
162
193
221
235
238
236
232
211
163
102
53
22
7
1
0
0
0
0
0
1
7
22
45
73
107
147
171
175
172
165
139
91
43
15
4
1
0
0
0
0
0
0
0
1
3
8
17
35
59
74
76
74
71
56
31
11
3
1
1
0
0
0
0
0
0
0
0
0
0
0
0
0
0
0
0
0
0
0
0
0
0
0
0
0
0
0
0
0
0
0
0
0
0
0
0
0
0
0
0
0
0
0
0
0
0
0
0
0
