23
27
0
0
0
0
0
0
0
0
0
0
0
0
0
0
0
0
0
0
0
0
0
0
0
0
0
0
0
0
0
0
0
0
0
0
0
0
0
0
0
0
0
0
0
0
0
0
0
0
39
59
60
43
19
5
1
1
1
0
1
1
1
5
17
40
60
67
59
0
0
0
0
86
131
136
100
48
14
3
1
1
0
1
1
2
12
43
95
136
148
126
0
0
0
0
121
185
199
156
82
27
5
1
1
1
1
1
5
23
75
148
200
206
165
0
0
0
0
127
202
226
191
115
44
10
2
1
1
1
2
9
39
106
184
228
218
160
0
0
0
0
114
193
231
213
145
66
18
3
1
1
1
3
16
59
136
208
234
205
133
0
0
0
0
90
170
225
226
174
92
31
6
2
1
2
6
27
84
165
224
229
181
102
0
0
0
0
62
139
209
232
198
122
48
12
2
2
3
11
44
114
192
232
216
150
71
0
0
0
0
39
107
187
230
217
151
71
21
4
2
5
21
69
146
213
233
195
118
46
0
0
0
0
23
78
159
220
228
179
98
34
8
4
9
36
99
178
228
225
169
87
28
0
0
0
0
13
52
126
201
231
202
127
52
14
6
16
55
130
204
234
208
137
59
16
0
0
0
0
7
32
94
176
226
218
156
76
24
10
26
79
159
220
231
184
104
37
8
0
0
0
0
3
18
66
145
213
228
185
107
41
18
40
105
185
230
218
155
74
21
4
0
0
0
0
2
10
42
112
190
229
209
141
65
32
60
134
206
231
197
121
48
11
2
0
0
0
0
1
5
24
79
160
220
224
172
94
54
86
162
220
223
169
88
29
5
1
0
0
0
0
1
2
13
52
127
202
229
196
125
83
116
187
227
207
137
60
16
3
1
0
0
0
0
1
1
7
33
96
176
225
213
157
119
149
207
225
184
105
38
8
2
1
0
0
0
0
1
1
3
18
66
144
210
223
191
164
185
220
214
153
74
22
4
1
1
0
0
0
0
1
1
2
10
42
111
189
227
222
209
219
228
196
121
48
12
2
1
1
0
0
0
0
1
1
1
5
26
82
163
221
239
239
239
224
170
90
30
6
2
1
1
0
0
0
0
1
1
1
3
15
57
132
204
240
248
241
208
138
62
17
3
1
1
1
0
0
0
0
0
1
1
2
8
35
98
176
227
242
230
182
105
39
9
2
1
1
1
0
0
0
0
0
1
1
1
4
19
66
137
194
214
198
145
74
23
5
2
1
1
0
0
0
0
0
0
1
1
1
2
9
36
86
131
148
134
92
42
12
2
1
1
1
0
0
0
0
0
0
0
0
0
0
0
0
0
0
0
0
0
0
0
0
0
0
0
0
0
0
0
0
0
0
0
0
0
0
0
0
0
0
0
0
0
0
0
0
0
0
0
0
0
