28
31
0
0
0
0
0
0
0
0
0
0
0
0
0
0
0
0
0
0
0
0
0
0
0
0
0
0
0
0
0
0
0
0
0
0
0
0
0
0
0
0
0
0
0
0
0
0
0
0
0
0
0
0
0
0
0
0
0
0
50
73
80
68
43
18
5
1
1
1
1
0
1
1
1
2
6
20
45
70
83
84
72
47
0
0
0
0
94
139
153
133
88
40
12
3
1
1
1
0
1
1
1
3
13
43
92
137
159
158
132
84
0
0
0
0
126
185
208
188
133
67
22
5
2
1
1
1
1
1
2
6
24
71
138
192
215
206
164
99
0
0
0
0
133
201
231
218
166
94
36
9
2
1
1
1
1
1
3
11
39
99
171
221
236
214
158
86
0
0
0
0
124
195
234
232
191
121
53
15
4
1
1
1
1
2
4
18
58
126
195
234
236
200
134
64
0
0
0
0
106
179
228
238
211
148
74
25
6
2
1
1
1
2
7
28
80
153
214
240
228
179
107
44
0
0
0
0
82
154
214
239
225
173
99
39
11
3
1
1
2
4
13
44
105
179
228
239
213
152
79
28
0
0
0
0
57
124
193
233
235
196
127
58
18
4
2
2
2
6
22
64
133
201
237
233
190
120
54
16
0
0
0
0
37
95
168
223
239
215
154
80
28
7
3
2
3
10
36
91
162
219
240
221
164
91
34
9
0
0
0
0
23
69
141
206
238
228
179
105
43
12
4
3
5
18
56
121
190
233
238
204
137
66
21
5
0
0
0
0
14
48
112
184
230
236
200
132
62
20
6
4
8
29
79
151
212
240
229
180
107
44
12
3
0
0
0
0
7
30
83
156
216
238
217
158
85
31
9
6
13
43
104
176
227
240
214
151
78
27
6
2
0
0
0
0
4
17
58
127
197
235
229
183
111
48
16
9
21
62
130
198
236
234
193
122
54
16
3
1
0
0
0
0
2
10
39
99
173
225
236
205
141
71
27
14
32
84
156
215
239
223
168
94
36
9
2
1
0
0
0
0
2
6
24
72
143
208
237
223
171
100
43
23
47
108
180
228
237
204
137
67
22
5
1
1
0
0
0
0
1
3
13
47
111
183
229
234
196
129
64
38
67
134
200
234
227
178
105
44
12
3
1
1
0
0
0
0
1
2
7
29
81
155
215
237
215
157
89
59
92
160
217
236
211
150
77
27
6
2
1
1
0
0
0
0
1
1
4
17
57
126
196
233
227
180
116
86
119
183
228
231
191
121
54
16
3
1
1
1
0
0
0
0
1
1
2
10
38
97
170
222
232
200
146
119
149
202
232
219
164
91
35
9
2
1
1
1
0
0
0
0
1
1
2
5
23
69
140
204
232
217
181
161
182
219
231
200
134
65
21
5
2
1
1
1
0
0
0
0
1
1
1
3
13
46
110
182
226
232
215
204
215
232
224
176
105
43
12
3
1
1
1
1
0
0
0
0
1
1
1
2
7
30
83
156
215
238
238
235
238
237
210
150
78
28
7
2
1
1
1
0
0
0
0
0
1
1
1
1
4
19
60
129
196
235
247
248
246
232
189
121
55
17
4
1
1
1
1
0
0
0
0
0
0
1
1
1
3
11
40
99
171
223
244
249
243
218
162
91
36
9
2
1
1
1
0
0
0
0
0
0
0
1
1
1
2
6
24
71
140
202
234
242
233
198
134
65
22
5
2
1
1
1
0
0
0
0
0
0
0
1
1
1
1
3
14
47
106
168
207
218
206
165
102
44
13
3
1
1
1
0
0
0
0
0
0
0
0
0
1
1
1
2
7
27
68
117
150
161
149
114
65
25
7
2
1
1
1
0
0
0
0
0
0
0
0
0
0
0
0
0
0
0
0
0
0
0
0
0
0
0
0
0
0
0
0
0
0
0
0
0
0
0
0
0
0
0
0
0
0
0
0
0
0
0
0
0
0
0
0
0
0
0
0
0
0
0
0
0
