27
27
0
0
0
0
0
0
0
0
0
0
0
0
0
0
0
0
0
0
0
0
0
0
0
0
0
0
0
0
0
0
0
0
0
0
0
0
0
0
0
0
0
0
0
0
0
0
0
0
0
0
0
0
0
0
0
0
41
61
66
56
36
15
5
1
1
1
1
0
1
1
1
2
5
17
38
58
69
70
59
0
0
0
0
88
129
143
125
84
39
12
3
1
1
1
0
1
1
1
3
13
42
87
128
148
146
122
0
0
0
0
122
182
205
187
134
69
24
6
2
1
1
1
1
1
2
7
27
74
139
190
211
200
157
0
0
0
0
129
197
230
221
173
102
41
11
3
1
1
1
1
1
3
13
45
107
177
224
234
208
149
0
0
0
0
115
187
230
235
200
134
64
21
5
2
1
1
1
2
6
23
69
140
204
236
231
189
120
0
0
0
0
89
161
217
238
220
165
92
35
9
3
1
1
1
3
11
40
98
171
223
239
216
159
87
0
0
0
0
60
127
194
233
233
193
124
56
17
4
2
1
2
6
21
63
131
198
235
233
192
124
57
0
0
0
0
37
93
165
220
238
215
156
83
31
8
3
2
4
11
39
94
165
220
239
218
161
89
34
0
0
0
0
21
64
132
199
235
230
184
113
49
15
5
3
6
21
63
130
196
234
234
196
128
60
19
0
0
0
0
11
39
98
170
223
237
208
145
74
26
8
5
11
36
92
163
219
239
221
165
93
37
10
0
0
0
0
6
22
66
136
202
235
225
175
104
44
14
8
19
56
122
191
233
236
199
131
62
20
5
0
0
0
0
3
11
41
102
174
225
235
202
138
70
26
14
31
82
153
213
238
223
169
97
38
10
2
0
0
0
0
2
6
24
70
139
204
235
223
173
103
46
26
50
111
181
227
234
200
134
65
21
5
1
0
0
0
0
1
3
12
43
102
174
224
234
201
137
72
45
75
142
205
234
221
169
97
39
11
2
1
0
0
0
0
1
2
6
24
70
140
205
235
221
168
103
73
105
171
222
233
200
135
66
22
5
1
1
0
0
0
0
1
1
3
12
44
105
177
225
230
193
138
110
140
196
230
222
172
100
41
11
3
1
1
0
0
0
0
1
1
2
6
25
72
143
205
231
215
177
157
179
216
230
201
137
68
23
6
2
1
1
0
0
0
0
1
1
1
3
13
46
107
179
224
231
215
205
216
231
221
173
102
42
12
3
1
1
1
0
0
0
0
1
1
1
2
7
27
76
148
208
236
239
237
239
234
203
141
72
25
6
2
1
1
1
0
0
0
0
1
1
1
1
4
15
50
114
183
228
245
247
244
224
175
106
46
13
3
1
1
1
1
0
0
0
0
0
1
1
1
2
8
30
80
149
207
236
242
234
202
142
73
26
7
2
1
1
1
0
0
0
0
0
0
1
1
1
1
4
15
50
109
169
205
215
203
165
104
46
14
4
1
1
1
1
0
0
0
0
0
0
0
1
1
1
2
7
26
65
110
141
150
140
107
62
25
7
2
1
1
1
0
0
0
0
0
0
0
0
0
0
0
0
0
0
0
0
0
0
0
0
0
0
0
0
0
0
0
0
0
0
0
0
0
0
0
0
0
0
0
0
0
0
0
0
0
0
0
0
0
0
0
0
0
0
0
0
0
0
