28
35
0
0
0
0
0
0
0
0
0
0
0
0
0
0
0
0
0
0
0
0
0
0
0
0
0
0
0
0
0
0
0
0
0
0
0
0
0
0
0
0
0
0
0
0
0
0
0
0
0
0
0
0
0
0
0
0
0
0
64
94
103
87
55
23
7
2
1
1
1
0
1
1
1
2
8
26
58
90
107
108
92
61
0
0
0
0
105
154
171
149
99
45
14
3
1
1
1
0
1
1
1
4
15
49
103
153
177
175
147
93
0
0
0
0
130
192
216
195
138
69
23
6
2
1
1
1
1
1
2
6
25
73
143
199
222
213
170
102
0
0
0
0
135
203
233
219
166
93
35
9
2
1
1
1
1
1
3
10
38
98
171
223
237
216
161
88
0
0
0
0
127
198
235
231
188
116
49
14
3
1
1
1
1
2
4
16
54
122
192
233
237
204
138
66
0
0
0
0
113
186
231
238
206
140
67
21
5
2
1
1
1
2
6
25
73
146
210
239
231
186
114
48
0
0
0
0
92
166
222
240
221
164
88
32
8
2
1
1
1
3
10
36
94
169
224
241
221
164
90
33
0
0
0
0
69
141
205
238
231
185
112
47
13
3
1
1
2
4
16
52
118
190
233
238
203
137
66
21
0
0
0
0
48
113
185
231
238
204
136
65
20
5
2
2
2
7
25
72
144
208
239
230
182
109
45
13
0
0
0
0
32
88
163
220
240
219
160
85
31
8
3
2
4
11
39
97
170
224
241
219
158
84
30
7
0
0
0
0
21
66
139
205
238
230
181
108
45
13
4
3
5
19
58
125
194
235
238
203
134
63
19
4
0
0
0
0
13
47
113
185
231
236
200
131
62
19
5
4
8
28
79
151
213
241
230
181
108
44
12
3
0
0
0
0
8
31
86
160
219
239
216
155
81
29
8
5
12
40
101
174
226
241
217
155
82
29
7
2
0
0
0
0
5
20
63
135
203
237
227
177
104
43
13
8
18
56
123
193
235
237
200
129
59
18
4
1
0
0
0
0
3
12
45
110
183
230
235
198
129
61
21
11
27
75
146
210
239
229
178
104
41
11
2
1
0
0
0
0
2
7
30
85
159
218
238
216
157
85
33
18
38
95
168
223
239
215
153
80
28
6
2
1
0
0
0
0
1
4
19
62
131
200
235
229
182
112
50
28
53
118
188
232
234
195
125
57
17
4
1
1
0
0
0
0
1
2
11
41
103
176
227
236
203
137
70
43
73
141
205
236
224
171
97
38
10
2
1
1
0
0
0
0
1
2
6
27
77
151
214
238
218
160
92
62
95
164
219
236
209
146
72
24
5
1
1
1
0
0
0
0
1
1
4
17
57
126
196
234
228
180
116
85
119
184
229
232
191
120
53
15
3
1
1
1
0
0
0
0
1
1
2
10
40
100
174
224
232
198
142
114
145
201
233
221
168
94
36
9
2
1
1
1
0
0
0
0
1
1
2
6
26
74
147
209
233
214
172
150
174
215
232
205
141
70
23
5
2
1
1
1
0
0
0
0
1
1
1
3
16
53
120
190
229
228
205
191
205
228
227
185
114
49
14
3
1
1
1
1
0
0
0
0
1
1
1
2
9
36
95
169
222
238
231
225
231
237
218
163
90
33
8
2
1
1
1
0
0
0
0
0
1
1
1
2
6
24
73
146
209
240
245
244
245
237
203
139
68
22
5
2
1
1
1
0
0
0
0
0
0
1
1
1
4
16
54
121
191
234
248
250
247
229
182
112
48
14
3
1
1
1
0
0
0
0
0
0
0
1
1
1
2
10
37
95
167
221
244
249
243
216
158
86
32
8
2
1
1
1
0
0
0
0
0
0
0
1
1
1
2
6
23
70
140
202
236
244
234
198
133
64
21
5
2
1
1
1
0
0
0
0
0
0
0
1
1
1
1
3
14
48
110
174
215
226
213
171
105
45
13
3
2
1
1
0
0
0
0
0
0
0
0
0
1
1
1
2
8
30
76
130
168
179
166
128
73
29
8
2
1
1
1
0
0
0
0
0
0
0
0
0
1
1
1
1
4
15
42
75
100
108
99
73
40
15
4
1
1
1
1
0
0
0
0
0
0
0
0
0
0
0
0
0
0
0
0
0
0
0
0
0
0
0
0
0
0
0
0
0
0
0
0
0
0
0
0
0
0
0
0
0
0
0
0
0
0
0
0
0
0
0
0
0
0
0
0
0
0
0
0
0
