24
31
0
0
0
0
0
0
0
0
0
0
0
0
0
0
0
0
0
0
0
0
0
0
0
0
0
0
0
0
0
0
0
0
0
0
0
0
0
0
0
0
0
0
0
0
0
0
0
0
0
0
48
72
73
52
24
7
2
1
1
0
1
1
1
6
22
49
74
82
72
46
0
0
0
0
91
137
142
105
51
16
3
1
1
0
1
1
3
13
46
99
143
156
133
82
0
0
0
0
122
184
196
153
81
27
6
1
1
1
1
1
5
23
73
145
198
206
168
98
0
0
0
0
130
200
221
184
108
41
10
2
1
1
1
2
8
36
99
176
223
219
165
88
0
0
0
0
122
197
229
203
133
58
16
3
1
1
1
3
14
52
124
197
231
211
145
68
0
0
0
0
106
184
228
217
157
78
24
5
1
1
1
5
21
70
148
213
231
195
120
49
0
0
0
0
84
163
220
226
179
100
36
8
2
1
2
8
32
92
171
224
225
173
95
34
0
0
0
0
61
136
205
230
198
124
52
13
3
2
3
13
47
116
192
230
212
147
70
21
0
0
0
0
42
110
187
228
213
148
70
21
5
2
5
21
67
143
210
231
196
120
49
13
0
0
0
0
28
86
165
221
224
171
92
32
8
4
9
33
92
170
223
226
175
95
33
7
0
0
0
0
18
63
140
208
228
191
115
46
12
5
14
48
118
193
231
214
150
72
22
4
0
0
0
0
11
44
113
190
228
207
139
63
19
8
21
66
142
210
231
197
123
51
13
3
0
0
0
0
6
29
87
168
221
219
162
84
29
13
30
86
164
221
226
176
96
34
7
2
0
0
0
0
4
19
65
143
209
226
185
109
45
21
43
108
185
228
215
152
73
22
4
1
0
0
0
0
2
11
46
115
191
227
205
138
65
33
60
131
202
229
198
125
52
13
3
1
0
0
0
0
1
6
29
87
166
220
219
164
89
51
81
155
215
223
175
96
34
8
2
1
0
0
0
0
1
3
18
64
140
208
226
186
114
74
105
176
223
212
149
72
22
4
1
1
0
0
0
0
1
2
11
45
114
191
226
202
139
100
131
195
225
197
124
51
13
3
1
1
0
0
0
0
1
1
6
30
89
168
219
214
166
132
159
209
221
175
97
35
8
2
1
1
0
0
0
0
1
1
4
19
65
141
206
222
194
170
189
219
210
149
72
22
5
1
1
1
0
0
0
0
1
1
2
11
45
114
189
226
221
209
218
226
195
123
51
13
3
1
1
1
0
0
0
0
1
1
1
6
31
90
169
223
238
236
237
225
176
98
35
8
2
1
1
0
0
0
0
0
1
1
1
4
20
68
145
211
241
247
242
214
151
74
23
5
1
1
1
0
0
0
0
0
0
1
1
2
12
48
118
192
235
246
237
197
124
53
14
3
1
1
1
0
0
0
0
0
0
1
1
2
7
32
91
167
221
238
224
174
98
36
9
2
1
1
1
0
0
0
0
0
0
1
1
1
4
20
64
134
191
212
196
143
72
23
5
2
1
1
0
0
0
0
0
0
0
1
1
1
2
11
39
90
137
155
141
97
45
13
3
1
1
1
0
0
0
0
0
0
0
0
0
0
0
0
0
0
0
0
0
0
0
0
0
0
0
0
0
0
0
0
0
0
0
0
0
0
0
0
0
0
0
0
0
0
0
0
0
0
0
0
0
0
0
0
