21
26
0
0
0
0
0
0
0
0
0
0
0
0
0
0
0
0
0
0
0
0
0
0
0
0
0
0
0
0
0
0
0
0
0
0
0
0
0
0
0
0
0
0
0
0
66
116
129
94
42
11
2
1
1
1
2
8
33
82
128
141
111
0
0
0
0
93
165
188
145
71
21
4
1
1
1
3
15
57
129
188
195
145
0
0
0
0
97
179
215
179
99
34
7
2
1
2
5
25
81
162
216
206
138
0
0
0
0
86
170
219
200
126
50
12
3
2
2
9
38
106
186
223
193
114
0
0
0
0
67
148
212
213
151
70
20
4
2
3
14
55
132
204
220
170
87
0
0
0
0
47
120
196
220
175
93
31
7
3
5
23
76
158
216
209
142
62
0
0
0
0
30
91
174
219
195
119
46
11
4
9
37
103
183
222
192
113
41
0
0
0
0
18
67
149
212
210
144
64
18
6
15
56
132
204
220
169
86
26
0
0
0
0
10
46
120
196
217
168
86
28
10
24
77
159
217
209
141
61
16
0
0
0
0
6
29
92
175
218
189
111
42
16
36
101
182
221
191
112
41
8
0
0
0
0
3
18
67
149
211
206
139
62
27
52
126
199
218
168
85
26
4
0
0
0
0
2
10
46
120
195
216
167
88
45
73
150
211
206
139
60
15
2
0
0
0
0
1
5
29
90
172
216
190
116
69
98
173
216
187
109
40
8
1
0
0
0
0
1
3
17
64
145
208
205
144
98
127
192
213
164
82
25
4
1
0
0
0
0
1
2
10
44
116
191
211
170
132
156
205
202
137
59
15
3
1
0
0
0
0
1
1
5
28
88
168
211
197
172
188
212
184
108
39
9
2
1
0
0
0
0
1
1
3
17
63
142
206
220
213
218
213
161
81
25
5
1
1
0
0
0
0
1
1
2
10
44
116
193
231
238
234
205
135
58
15
3
1
1
0
0
0
0
1
1
1
6
29
90
171
227
245
234
186
107
39
9
2
1
1
0
0
0
0
1
1
1
3
18
65
143
210
237
220
160
80
25
5
2
1
1
0
0
0
0
0
1
1
2
10
42
108
176
207
188
126
55
15
3
1
1
1
0
0
0
0
0
1
1
1
5
23
66
117
142
127
80
32
8
2
1
1
0
0
0
0
0
0
0
0
0
0
0
0
0
0
0
0
0
0
0
0
0
0
0
0
0
0
0
0
0
0
0
0
0
0
0
0
0
0
0
0
0
0
0
0
0
