17
35
0
0
0
0
0
0
0
0
0
0
0
0
0
0
0
0
0
0
0
0
0
0
0
0
0
0
0
0
0
0
0
0
0
0
0
0
1
1
2
9
28
61
99
130
146
150
146
123
77
0
0
0
0
1
2
8
29
73
129
176
204
215
216
209
177
110
0
0
0
0
1
4
19
61
129
191
225
232
225
216
206
174
108
0
0
0
0
2
7
34
96
174
225
235
212
177
152
139
116
72
0
0
0
0
3
11
48
122
200
236
221
167
106
70
57
47
29
0
0
0
0
4
15
58
137
211
235
203
129
59
24
16
12
7
0
0
0
0
7
22
67
145
215
233
193
113
46
17
11
7
3
0
0
0
0
24
46
89
159
220
234
196
124
68
45
36
23
9
0
0
0
0
62
103
143
191
232
241
215
168
130
113
95
61
25
0
0
0
0
106
167
204
228
246
250
239
219
203
191
163
104
43
0
0
0
0
122
191
227
243
251
253
248
239
231
221
189
121
49
0
0
0
0
99
157
195
223
244
249
236
213
193
180
152
97
40
0
0
0
0
49
85
127
182
229
239
210
155
112
91
75
48
19
0
0
0
0
15
34
79
154
218
233
191
115
54
29
21
13
6
0
0
0
0
4
18
64
145
215
231
186
102
36
9
4
2
1
0
0
0
0
3
16
63
145
215
231
186
102
34
7
2
1
1
0
0
0
0
3
16
63
145
215
231
186
102
34
7
2
1
1
0
0
0
0
3
16
63
145
215
231
186
102
34
7
2
1
1
0
0
0
0
3
16
63
145
215
231
186
102
34
7
2
1
1
0
0
0
0
3
16
63
145
215
231
186
102
34
7
2
1
1
0
0
0
0
3
16
63
145
215
231
186
102
34
7
2
1
1
0
0
0
0
3
16
63
145
215
231
186
102
34
7
2
1
1
0
0
0
0
3
16
63
145
215
231
186
102
34
7
2
1
1
0
0
0
0
3
16
63
145
215
231
186
102
34
7
2
1
1
0
0
0
0
3
16
63
145
215
231
186
102
34
7
2
1
1
0
0
0
0
3
16
63
145
215
231
186
102
34
7
2
1
1
0
0
0
0
3
16
63
145
215
231
186
102
34
7
2
1
1
0
0
0
0
3
16
63
144
214
230
185
102
34
7
2
1
1
0
0
0
0
3
16
62
142
210
226
182
100
34
7
2
1
1
0
0
0
0
3
15
56
127
187
201
162
90
31
6
2
1
1
0
0
0
0
2
10
39
88
129
138
112
62
21
4
1
1
1
0
0
0
0
0
0
0
0
0
0
0
0
0
0
0
0
0
0
0
0
0
0
0
0
0
0
0
0
0
0
0
0
0
0
0
0
