19
42
0
0
0
0
0
0
0
0
0
0
0
0
0
0
0
0
0
0
0
0
0
0
0
0
0
0
0
0
0
0
0
0
0
0
0
0
0
0
0
0
1
1
1
2
4
11
24
43
62
74
79
79
76
66
44
0
0
0
0
1
1
2
5
14
35
67
103
133
151
157
158
152
131
88
0
0
0
0
1
1
4
13
39
82
132
174
201
215
218
217
210
181
121
0
0
0
0
1
3
9
31
77
138
191
223
236
236
232
228
220
189
127
0
0
0
0
2
4
17
54
118
184
226
240
233
215
197
186
177
152
101
0
0
0
0
2
6
26
77
150
212
240
235
206
163
128
111
103
87
58
0
0
0
0
3
9
35
94
169
225
241
221
169
107
62
44
38
32
22
0
0
0
0
4
12
42
106
180
230
239
206
139
70
28
14
11
9
6
0
0
0
0
6
16
48
112
185
232
236
196
124
57
21
10
8
6
3
0
0
0
0
15
29
61
121
190
233
235
195
125
64
33
24
20
13
6
0
0
0
0
43
68
99
148
203
237
238
206
150
102
78
69
58
37
17
0
0
0
0
87
129
160
192
224
245
245
226
193
165
150
140
118
76
34
0
0
0
0
125
182
213
230
244
252
252
245
232
221
214
203
171
111
49
0
0
0
0
137
200
231
243
250
254
254
251
245
240
236
225
188
122
54
0
0
0
0
117
172
204
224
240
251
251
242
226
212
203
192
160
104
46
0
0
0
0
70
106
139
177
218
243
243
220
180
144
125
115
95
62
27
0
0
0
0
27
46
79
135
197
235
236
200
137
81
53
44
36
23
10
0
0
0
0
7
18
51
116
188
232
233
191
117
53
20
10
8
5
2
0
0
0
0
3
12
46
112
186
232
233
189
114
47
13
4
2
1
1
0
0
0
0
3
12
46
112
186
232
233
190
114
47
13
3
2
1
1
0
0
0
0
3
12
46
112
186
232
233
190
114
47
13
3
2
1
1
0
0
0
0
3
12
45
112
186
232
233
189
114
47
13
3
2
1
1
0
0
0
0
3
12
45
112
186
232
233
189
114
47
13
3
2
1
1
0
0
0
0
3
12
45
112
186
232
233
189
114
47
13
3
2
1
1
0
0
0
0
3
12
45
112
186
232
233
189
114
47
13
3
2
1
1
0
0
0
0
3
12
45
112
186
232
233
189
114
47
13
3
2
1
1
0
0
0
0
3
12
45
112
186
232
233
189
114
47
13
3
2
1
1
0
0
0
0
3
12
45
112
186
232
233
189
114
47
13
3
2
1
1
0
0
0
0
3
12
45
112
186
232
233
189
114
47
13
3
2
1
1
0
0
0
0
3
12
45
112
186
232
233
189
114
47
13
3
2
1
1
0
0
0
0
3
12
45
112
186
232
233
189
114
47
13
3
2
1
1
0
0
0
0
3
12
45
112
186
232
233
190
114
47
13
3
2
1
1
0
0
0
0
3
12
46
112
186
232
233
190
114
47
13
3
2
1
1
0
0
0
0
3
12
45
112
186
232
233
189
114
47
13
3
2
1
1
0
0
0
0
3
12
45
112
186
231
232
189
114
47
13
3
2
1
1
0
0
0
0
3
12
45
110
182
226
227
185
112
46
13
3
2
1
1
0
0
0
0
3
11
41
100
164
202
203
166
101
42
11
3
1
1
1
0
0
0
0
2
8
30
72
118
146
146
120
73
31
8
2
1
1
1
0
0
0
0
0
0
0
0
0
0
0
0
0
0
0
0
0
0
0
0
0
0
0
0
0
0
0
0
0
0
0
0
0
0
0
0
0
0
0
0
