19
36
0
0
0
0
0
0
0
0
0
0
0
0
0
0
0
0
0
0
0
0
0
0
0
0
0
0
0
0
0
0
0
0
0
0
0
0
0
0
0
0
1
1
1
2
4
10
22
38
53
63
67
67
65
56
37
0
0
0
0
1
1
2
5
16
37
68
100
127
143
149
149
144
124
83
0
0
0
0
1
1
5
17
46
90
138
176
200
211
213
212
204
175
117
0
0
0
0
1
3
11
39
90
152
200
225
231
225
216
210
201
172
115
0
0
0
0
2
5
22
66
134
197
232
236
217
186
159
145
137
117
78
0
0
0
0
3
8
33
89
163
221
240
224
179
123
82
65
58
50
33
0
0
0
0
4
12
41
104
179
229
239
208
144
76
35
20
17
14
9
0
0
0
0
9
19
51
114
186
232
236
197
127
61
26
15
12
8
4
0
0
0
0
27
45
77
133
195
235
236
200
137
81
53
43
36
23
11
0
0
0
0
68
102
134
173
215
242
242
218
175
138
119
110
92
60
27
0
0
0
0
113
166
197
219
238
250
250
239
220
204
195
184
155
101
45
0
0
0
0
130
190
221
236
247
253
253
248
238
230
224
213
178
116
51
0
0
0
0
106
156
187
212
235
249
249
237
215
195
184
173
144
93
42
0
0
0
0
54
84
117
162
210
240
241
213
164
121
99
89
74
48
21
0
0
0
0
17
32
65
126
193
234
235
195
128
67
37
27
22
14
6
0
0
0
0
5
14
48
114
187
232
233
190
115
49
16
6
4
3
1
0
0
0
0
3
12
46
112
186
232
233
189
114
47
13
4
2
1
1
0
0
0
0
3
12
46
112
186
232
233
190
114
47
13
3
2
1
1
0
0
0
0
3
12
45
112
186
232
233
189
114
47
13
3
2
1
1
0
0
0
0
3
12
45
112
186
232
233
189
114
47
13
3
2
1
1
0
0
0
0
3
12
45
112
186
232
233
189
114
47
13
3
2
1
1
0
0
0
0
3
12
45
112
186
232
233
189
114
47
13
3
2
1
1
0
0
0
0
3
12
45
112
186
232
233
189
114
47
13
3
2
1
1
0
0
0
0
3
12
45
112
186
232
233
189
114
47
13
3
2
1
1
0
0
0
0
3
12
45
112
186
232
233
189
114
47
13
3
2
1
1
0
0
0
0
3
12
45
112
186
232
233
189
114
47
13
3
2
1
1
0
0
0
0
3
12
45
112
186
232
233
190
114
47
13
3
2
1
1
0
0
0
0
3
12
45
112
186
232
233
189
114
47
13
3
2
1
1
0
0
0
0
3
12
45
112
186
231
232
189
114
47
13
3
2
1
1
0
0
0
0
3
12
45
110
182
226
227
185
112
46
13
3
2
1
1
0
0
0
0
3
11
41
99
162
200
201
164
100
42
11
3
1
1
1
0
0
0
0
2
8
28
68
112
138
138
113
69
29
8
2
1
1
1
0
0
0
0
0
0
0
0
0
0
0
0
0
0
0
0
0
0
0
0
0
0
0
0
0
0
0
0
0
0
0
0
0
0
0
0
0
0
0
0
