19
47
0
0
0
0
0
0
0
0
0
0
0
0
0
0
0
0
0
0
0
0
0
0
0
0
0
0
0
0
0
0
0
0
0
0
0
0
0
0
0
0
1
1
1
2
6
15
33
59
85
101
107
107
103
89
59
0
0
0
0
1
1
2
5
18
43
81
122
155
174
181
181
175
150
101
0
0
0
0
1
1
4
14
42
89
143
186
214
226
229
229
221
190
127
0
0
0
0
1
2
8
31
78
141
196
228
240
241
238
234
226
194
130
0
0
0
0
2
4
16
52
116
183
227
242
237
222
206
196
187
160
107
0
0
0
0
2
6
24
73
146
210
240
239
214
176
143
125
117
99
66
0
0
0
0
2
8
32
90
166
223
242
226
179
120
75
55
48
41
27
0
0
0
0
3
11
40
102
177
229
240
211
148
79
34
18
14
12
8
0
0
0
0
5
13
45
110
184
232
237
200
129
59
20
9
6
5
3
0
0
0
0
7
17
50
114
187
232
235
193
121
54
20
11
9
6
3
0
0
0
0
17
32
63
123
190
233
234
194
126
66
36
28
23
15
7
0
0
0
0
46
72
103
151
204
238
239
207
153
106
83
74
62
40
18
0
0
0
0
88
131
162
193
225
245
246
227
195
167
153
143
120
78
35
0
0
0
0
125
183
214
230
244
252
252
245
232
221
214
203
171
111
50
0
0
0
0
141
205
236
246
251
254
254
252
248
244
240
229
193
126
56
0
0
0
0
131
191
222
237
247
253
253
248
238
230
224
213
179
117
52
0
0
0
0
94
140
171
201
229
247
247
231
202
177
163
153
128
83
37
0
0
0
0
46
72
105
153
206
239
239
208
155
108
84
74
62
40
18
0
0
0
0
15
28
61
123
191
233
235
194
125
63
32
23
18
12
6
0
0
0
0
4
14
47
113
186
232
233
190
115
49
15
6
4
3
1
0
0
0
0
3
12
45
112
186
232
233
190
114
47
13
4
2
1
1
0
0
0
0
3
12
46
112
186
232
233
190
114
47
13
4
2
1
1
0
0
0
0
3
12
46
112
186
232
233
190
114
47
13
3
2
1
1
0
0
0
0
3
12
45
112
186
232
233
189
114
47
13
3
2
1
1
0
0
0
0
3
12
45
112
186
232
233
189
114
47
13
3
2
1
1
0
0
0
0
3
12
45
112
186
232
233
189
114
47
13
3
2
1
1
0
0
0
0
3
12
45
112
186
232
233
189
114
47
13
3
2
1
1
0
0
0
0
3
12
45
112
186
232
233
189
114
47
13
3
2
1
1
0
0
0
0
3
12
45
112
186
232
233
189
114
47
13
3
2
1
1
0
0
0
0
3
12
45
112
186
232
233
189
114
47
13
3
2
1
1
0
0
0
0
3
12
45
112
186
232
233
189
114
47
13
3
2
1
1
0
0
0
0
3
12
45
112
186
232
233
189
114
47
13
3
2
1
1
0
0
0
0
3
12
45
112
186
232
233
189
114
47
13
3
2
1
1
0
0
0
0
3
12
45
112
186
232
233
189
114
47
13
3
2
1
1
0
0
0
0
3
12
45
112
186
232
233
189
114
47
13
3
2
1
1
0
0
0
0
3
12
45
112
186
232
233
190
114
47
13
3
2
1
1
0
0
0
0
3
12
46
112
186
232
233
190
114
47
13
3
2
1
1
0
0
0
0
3
12
45
112
186
231
233
189
114
47
13
3
2
1
1
0
0
0
0
3
12
45
112
185
230
232
188
114
47
13
3
2
1
1
0
0
0
0
3
12
46
112
184
228
229
187
113
47
13
3
2
1
1
0
0
0
0
3
12
43
105
171
212
213
174
106
44
12
3
1
1
1
0
0
0
0
3
9
34
83
135
167
168
138
84
35
10
2
1
1
1
0
0
0
0
2
6
20
49
80
99
100
82
50
21
6
2
1
1
1
0
0
0
0
0
0
0
0
0
0
0
0
0
0
0
0
0
0
0
0
0
0
0
0
0
0
0
0
0
0
0
0
0
0
0
0
0
0
0
0
