17
41
0
0
0
0
0
0
0
0
0
0
0
0
0
0
0
0
0
0
0
0
0
0
0
0
0
0
0
0
0
0
0
0
0
0
0
0
1
1
3
9
28
62
102
135
153
157
152
128
81
0
0
0
0
1
2
7
26
66
121
171
202
215
217
210
177
112
0
0
0
0
1
4
16
52
114
178
219
234
234
230
220
185
117
0
0
0
0
2
7
28
83
157
215
236
229
208
191
178
149
93
0
0
0
0
2
10
41
109
186
231
231
196
151
119
104
86
54
0
0
0
0
3
14
53
127
202
234
215
156
91
53
40
32
20
0
0
0
0
4
17
61
138
209
232
199
126
56
21
12
9
5
0
0
0
0
6
21
66
144
212
230
190
112
45
15
8
5
3
0
0
0
0
15
34
78
151
214
229
189
115
55
29
20
13
6
0
0
0
0
40
70
112
171
222
234
201
142
95
73
59
38
16
0
0
0
0
80
128
167
206
236
243
224
189
160
144
121
78
33
0
0
0
0
115
179
216
236
248
251
244
230
219
207
176
113
48
0
0
0
0
126
196
232
246
252
254
251
245
239
228
194
125
53
0
0
0
0
108
169
207
231
246
250
241
223
209
196
165
106
45
0
0
0
0
65
107
148
195
232
240
217
173
138
119
99
63
27
0
0
0
0
26
50
94
161
219
232
195
128
73
48
37
24
10
0
0
0
0
7
23
69
146
213
228
185
107
43
15
9
5
2
0
0
0
0
4
18
65
144
212
228
184
103
37
9
3
1
1
0
0
0
0
4
18
65
144
212
228
184
103
37
9
2
1
1
0
0
0
0
4
18
65
144
212
228
184
103
37
9
2
1
1
0
0
0
0
4
18
65
144
212
228
184
103
37
8
2
1
1
0
0
0
0
4
18
65
144
212
228
184
103
37
8
2
1
1
0
0
0
0
4
18
65
144
212
228
184
103
37
8
2
1
1
0
0
0
0
4
18
65
144
212
228
184
103
37
8
2
1
1
0
0
0
0
4
18
65
144
212
228
184
103
37
8
2
1
1
0
0
0
0
4
18
65
144
212
228
184
103
37
8
2
1
1
0
0
0
0
4
18
65
144
212
228
184
103
37
8
2
1
1
0
0
0
0
4
18
65
144
212
228
184
103
37
8
2
1
1
0
0
0
0
4
18
65
144
212
228
184
103
37
8
2
1
1
0
0
0
0
4
18
65
144
212
228
184
103
37
8
2
1
1
0
0
0
0
4
18
65
144
212
228
184
103
37
9
2
1
1
0
0
0
0
4
18
65
144
212
228
184
103
37
9
2
1
1
0
0
0
0
4
18
65
144
212
227
183
103
37
9
2
1
1
0
0
0
0
4
18
65
143
211
226
183
102
37
9
2
1
1
0
0
0
0
4
18
64
141
206
221
179
101
36
8
2
1
1
0
0
0
0
4
17
58
127
185
198
161
91
33
8
2
1
1
0
0
0
0
3
12
42
92
133
143
116
66
24
6
1
1
1
0
0
0
0
0
0
0
0
0
0
0
0
0
0
0
0
0
0
0
0
0
0
0
0
0
0
0
0
0
0
0
0
0
0
0
0
