14
35
0
0
0
0
0
0
0
0
0
0
0
0
0
0
0
0
0
0
0
0
0
0
0
0
0
0
0
0
0
0
1
3
13
38
77
116
141
149
141
109
0
0
0
0
2
10
36
88
147
191
211
214
201
156
0
0
0
0
4
22
71
143
202
227
226
217
199
154
0
0
0
0
8
37
104
183
225
220
186
156
135
103
0
0
0
0
12
51
128
203
225
188
124
77
57
42
0
0
0
0
15
60
142
211
217
159
80
32
16
11
0
0
0
0
21
68
149
213
211
146
67
23
11
6
0
0
0
0
43
90
162
217
213
154
86
49
34
20
0
0
0
0
93
141
193
230
227
187
142
115
90
52
0
0
0
0
150
199
229
245
244
227
208
190
153
89
0
0
0
0
171
221
243
251
250
243
233
219
178
103
0
0
0
0
141
190
224
243
242
222
199
179
144
83
0
0
0
0
77
125
184
226
223
177
125
94
71
41
0
0
0
0
31
79
157
215
211
146
73
34
21
12
0
0
0
0
17
65
148
212
207
137
57
15
4
2
0
0
0
0
16
64
148
212
207
136
56
13
3
1
0
0
0
0
16
64
148
212
207
137
56
13
3
1
0
0
0
0
16
64
148
212
207
136
56
13
3
1
0
0
0
0
16
64
148
212
207
136
56
13
3
1
0
0
0
0
16
64
148
212
207
136
56
13
3
1
0
0
0
0
16
64
148
212
207
136
56
13
3
1
0
0
0
0
16
64
148
212
207
136
56
13
3
1
0
0
0
0
16
64
148
212
207
136
56
13
3
1
0
0
0
0
16
64
148
212
207
136
56
13
3
1
0
0
0
0
16
64
148
212
207
136
56
13
3
1
0
0
0
0
16
64
148
212
207
137
56
13
3
1
0
0
0
0
16
64
148
212
207
136
56
13
3
1
0
0
0
0
16
64
148
212
207
136
55
13
2
1
0
0
0
0
16
64
146
208
203
134
55
13
2
1
0
0
0
0
15
57
130
186
181
120
49
12
2
1
0
0
0
0
10
40
90
128
125
83
34
8
2
1
0
0
0
0
0
0
0
0
0
0
0
0
0
0
0
0
0
0
0
0
0
0
0
0
0
0
0
0
0
0
