15
30
0
0
0
0
0
0
0
0
0
0
0
0
0
0
0
0
0
0
0
0
0
0
0
0
0
0
0
0
0
0
0
0
0
1
9
37
89
143
171
178
167
124
55
0
0
0
0
0
5
30
89
161
214
236
240
225
167
73
0
0
0
0
0
12
58
143
214
246
250
244
226
167
73
0
0
0
0
0
15
74
171
235
246
226
198
170
124
55
0
0
0
0
0
16
78
178
235
226
170
114
80
55
24
0
0
0
0
12
30
89
183
230
202
125
61
34
23
10
0
0
0
0
55
85
132
201
234
205
139
93
74
55
24
0
0
0
0
124
171
201
232
246
232
201
183
167
124
55
0
0
0
0
167
226
244
251
254
251
244
241
225
167
73
0
0
0
0
167
226
244
251
254
251
244
241
225
167
73
0
0
0
0
124
171
201
232
246
232
201
183
167
124
55
0
0
0
0
55
85
132
201
233
201
132
89
73
55
24
0
0
0
0
12
30
89
183
226
183
89
31
15
12
5
0
0
0
0
0
16
78
178
224
178
78
16
0
0
0
0
0
0
0
0
16
78
178
224
178
78
16
0
0
0
0
0
0
0
0
16
78
178
224
178
78
16
0
0
0
0
0
0
0
0
16
78
178
224
178
78
16
0
0
0
0
0
0
0
0
16
78
178
224
178
78
16
0
0
0
0
0
0
0
0
16
78
178
224
178
78
16
0
0
0
0
0
0
0
0
16
78
178
224
178
78
16
0
0
0
0
0
0
0
0
16
78
178
224
178
78
16
0
0
0
0
0
0
0
0
16
78
178
224
178
78
16
0
0
0
0
0
0
0
0
16
78
178
224
178
78
16
0
0
0
0
0
0
0
0
16
78
178
224
178
78
16
0
0
0
0
0
0
0
0
15
73
167
210
167
73
15
0
0
0
0
0
0
0
0
12
55
124
156
124
55
12
0
0
0
0
0
0
0
0
0
0
0
0
0
0
0
0
0
0
0
0
0
0
0
0
0
0
0
0
0
0
0
0
0
0
0
