14
31
0
0
0
0
0
0
0
0
0
0
0
0
0
0
0
0
0
0
0
0
0
0
0
0
0
0
0
0
0
0
0
1
9
30
58
81
109
136
117
55
0
0
0
0
1
9
37
89
143
175
197
206
163
73
0
0
0
0
5
30
89
161
214
237
243
231
170
74
0
0
0
0
12
58
143
214
246
250
241
211
142
58
0
0
0
0
15
74
171
235
246
226
191
146
85
30
0
0
0
0
16
78
178
235
226
170
111
69
37
13
0
0
0
0
30
89
183
230
202
125
64
46
44
28
0
0
0
0
81
131
201
234
205
139
100
103
112
79
0
0
0
0
153
197
232
246
232
201
186
193
191
139
0
0
0
0
183
233
251
254
251
244
241
239
221
160
0
0
0
0
170
227
244
251
254
251
241
222
185
128
0
0
0
0
124
171
201
232
246
232
195
152
104
61
0
0
0
0
55
85
132
201
233
201
128
71
34
15
0
0
0
0
12
30
89
183
226
183
88
27
5
1
0
0
0
0
0
16
78
178
224
178
78
16
0
0
0
0
0
0
0
16
78
178
224
178
78
16
0
0
0
0
0
0
0
16
78
178
224
178
78
16
0
0
0
0
0
0
0
16
78
178
224
178
78
16
0
0
0
0
0
0
0
15
74
171
221
181
85
20
1
0
0
0
0
0
0
12
59
147
210
192
109
35
5
0
0
0
0
0
0
5
35
109
192
210
147
59
12
0
0
0
0
0
0
1
20
85
181
221
171
74
15
0
0
0
0
0
0
0
16
78
178
224
178
78
16
0
0
0
0
0
0
0
16
78
178
224
178
78
16
0
0
0
0
0
0
0
16
78
178
224
178
78
16
0
0
0
0
0
0
0
15
73
167
210
167
73
15
0
0
0
0
0
0
0
12
55
124
156
124
55
12
0
0
0
0
0
0
0
0
0
0
0
0
0
0
0
0
0
0
0
0
0
0
0
0
0
0
0
0
0
0
0
