14
30
0
0
0
0
0
0
0
0
0
0
0
0
0
0
0
0
0
0
0
0
0
0
0
0
0
0
0
0
0
0
1
9
37
89
143
171
168
128
61
15
0
0
0
0
5
30
89
161
214
236
229
185
104
34
0
0
0
0
12
58
143
214
246
250
240
207
136
55
0
0
0
0
15
74
171
235
246
226
197
167
117
51
0
0
0
0
16
78
178
235
226
170
114
80
55
24
0
0
0
0
16
78
178
229
202
125
61
34
23
10
0
0
0
0
30
89
183
230
205
139
93
75
58
30
0
0
0
0
81
131
201
240
232
201
183
171
142
85
0
0
0
0
153
197
232
250
251
244
241
236
210
142
0
0
0
0
183
233
251
255
255
251
244
240
221
160
0
0
0
0
170
227
244
251
250
232
201
183
167
124
0
0
0
0
124
171
201
232
240
201
132
89
73
55
0
0
0
0
55
84
128
195
227
185
96
35
16
12
0
0
0
0
12
26
71
152
211
192
109
35
5
0
0
0
0
0
0
5
35
109
192
210
147
59
12
0
0
0
0
0
0
1
20
85
181
221
171
74
15
0
0
0
0
0
0
0
16
78
178
224
178
78
16
0
0
0
0
0
0
0
16
78
178
225
182
85
20
1
0
0
0
0
0
0
15
74
171
225
196
109
35
5
0
0
0
0
0
0
12
59
147
216
216
147
59
12
0
0
0
0
0
0
5
35
109
196
225
171
74
15
0
0
0
0
0
0
1
20
85
182
225
178
78
16
0
0
0
0
0
0
0
16
78
178
224
178
78
16
0
0
0
0
0
0
0
15
74
171
221
181
85
20
0
0
0
0
0
0
0
12
59
146
205
182
99
30
0
0
0
0
0
0
0
5
34
100
162
156
97
36
0
0
0
0
0
0
0
0
0
0
0
0
0
0
0
0
0
0
0
0
0
0
0
0
0
0
0
0
0
0
