16
30
0
0
0
0
0
0
0
0
0
0
0
0
0
0
0
0
0
0
0
0
0
0
0
0
0
0
0
0
0
0
0
0
0
0
1
8
34
85
141
171
178
172
142
82
29
5
0
0
0
0
4
25
77
150
210
235
237
221
179
112
45
10
0
0
0
0
13
53
126
199
240
249
239
214
164
102
43
10
0
0
0
0
27
88
170
228
244
229
194
151
98
53
20
5
0
0
0
0
41
114
196
240
238
196
131
75
38
20
8
3
0
0
0
0
42
115
196
239
235
188
114
57
37
35
21
6
0
0
0
0
32
98
180
233
242
214
159
114
99
88
49
14
0
0
0
0
45
111
186
235
250
242
219
197
180
145
77
23
0
0
0
0
93
162
218
246
254
254
249
242
224
175
97
33
0
0
0
0
138
207
243
254
255
255
254
245
217
163
95
38
0
0
0
0
140
210
241
250
254
254
246
218
165
103
53
21
0
0
0
0
118
181
209
229
246
252
235
186
111
47
16
5
0
0
0
0
80
122
146
186
229
248
234
181
101
35
6
1
0
0
0
0
35
54
79
138
205
242
242
203
128
51
11
1
0
0
0
0
7
14
35
95
176
232
247
220
149
64
14
1
0
0
0
0
1
2
18
72
158
224
247
226
159
72
18
2
0
0
0
0
0
1
14
63
145
214
243
231
176
94
31
5
0
0
0
0
0
1
11
49
122
193
236
240
203
128
51
11
0
0
0
0
0
1
5
30
90
170
228
246
220
149
64
15
0
0
0
0
0
1
2
17
68
152
221
246
226
160
73
19
0
0
0
0
0
0
1
11
51
128
203
240
231
176
95
33
0
0
0
0
0
0
1
5
31
94
176
231
240
203
129
52
0
0
0
0
0
0
1
2
18
72
159
226
246
222
154
70
0
0
0
0
0
0
0
1
14
64
149
220
247
232
173
89
0
0
0
0
0
0
0
1
11
50
124
194
228
224
178
99
0
0
0
0
0
0
0
1
5
27
75
130
164
167
134
73
0
0
0
0
0
0
0
0
0
0
0
0
0
0
0
0
0
0
0
0
0
0
0
0
0
0
0
0
0
0
0
0
0
0
