15
30
0
0
0
0
0
0
0
0
0
0
0
0
0
0
0
0
0
0
0
0
0
0
0
0
0
0
0
0
0
0
0
0
0
0
1
9
37
89
143
165
147
104
61
0
0
0
0
0
0
5
30
89
161
214
232
221
185
128
0
0
0
0
0
0
12
58
143
214
247
254
251
229
168
0
0
0
0
0
0
15
74
171
235
250
244
241
225
167
0
0
0
0
0
0
16
78
178
235
232
201
183
167
124
0
0
0
0
5
12
30
89
183
230
205
139
93
74
55
0
0
0
0
30
58
85
132
201
234
202
125
60
30
16
0
0
0
0
85
142
176
201
232
246
226
170
109
61
24
0
0
0
0
142
210
237
244
251
254
247
226
186
128
55
0
0
0
0
160
222
243
251
254
251
244
241
225
167
73
0
0
0
0
124
171
201
232
246
232
205
201
206
163
73
0
0
0
0
55
85
132
201
233
201
139
120
136
117
55
0
0
0
0
12
30
89
183
226
183
93
50
55
51
24
0
0
0
0
0
16
78
178
224
178
79
21
11
11
5
0
0
0
0
0
16
78
178
224
178
78
16
0
0
0
0
0
0
0
0
16
78
178
224
178
78
16
0
0
0
0
0
0
0
0
16
78
178
224
178
78
16
0
0
0
0
0
0
0
1
20
85
182
225
178
78
16
0
0
0
0
0
0
0
5
35
109
196
225
171
74
15
0
0
0
0
0
0
0
12
59
147
216
216
147
59
12
0
0
0
0
0
0
0
15
74
171
225
196
109
35
5
0
0
0
0
0
0
0
16
78
178
225
182
85
20
1
0
0
0
0
0
0
0
16
78
178
224
178
78
16
0
0
0
0
0
0
0
0
16
78
178
224
178
78
16
0
0
0
0
0
0
0
0
15
73
167
210
167
73
15
0
0
0
0
0
0
0
0
12
55
124
156
124
55
12
0
0
0
0
0
0
0
0
0
0
0
0
0
0
0
0
0
0
0
0
0
0
0
0
0
0
0
0
0
0
0
0
0
0
0
0
