16
30
0
0
0
0
0
0
0
0
0
0
0
0
0
0
0
0
0
0
0
0
0
0
0
0
0
0
0
0
0
0
0
0
0
0
0
0
0
1
9
37
89
137
141
109
80
55
0
0
0
0
0
0
0
5
30
89
161
211
217
197
170
124
0
0
0
0
0
0
0
12
58
143
214
246
250
244
226
167
0
0
0
0
0
0
1
19
81
174
232
243
241
240
225
167
0
0
0
0
5
11
15
40
110
192
221
201
183
178
167
124
0
0
0
0
24
51
65
89
156
212
201
142
100
83
74
55
0
0
0
0
55
117
146
159
201
230
205
140
85
50
30
16
0
0
0
0
73
163
211
220
236
246
232
195
152
104
61
24
0
0
0
0
73
167
226
244
251
254
251
241
222
185
128
55
0
0
0
0
55
128
190
232
250
251
245
244
245
225
161
70
0
0
0
0
24
66
128
201
240
232
205
201
217
206
142
58
0
0
0
0
5
27
88
183
229
201
139
120
141
136
85
30
0
0
0
0
0
16
78
178
225
183
93
50
56
55
30
9
0
0
0
0
0
16
78
178
224
178
79
21
11
11
5
1
0
0
0
0
1
20
85
182
225
178
78
16
0
0
0
0
0
0
0
0
5
35
109
196
225
171
74
15
0
0
0
0
0
0
0
0
12
59
147
216
216
147
59
12
0
0
0
0
0
0
0
0
15
74
171
225
196
109
35
5
0
0
0
0
0
0
0
0
16
78
178
225
182
85
20
1
0
0
0
0
0
0
0
0
16
78
178
224
178
78
16
0
0
0
0
0
0
0
0
0
20
85
181
221
171
74
15
0
0
0
0
0
0
0
0
0
35
109
192
210
147
59
12
0
0
0
0
0
0
0
0
0
59
147
210
192
109
35
5
0
0
0
0
0
0
0
0
0
74
171
221
181
85
20
1
0
0
0
0
0
0
0
0
0
73
167
210
167
73
15
0
0
0
0
0
0
0
0
0
0
55
124
156
124
55
12
0
0
0
0
0
0
0
0
0
0
0
0
0
0
0
0
0
0
0
0
0
0
0
0
0
0
0
0
0
0
0
0
0
0
0
0
0
0
0
0
