19
29
0
0
0
0
0
0
0
0
0
0
0
0
0
0
0
0
0
0
0
0
0
0
0
0
0
0
0
0
0
0
0
0
0
0
0
0
0
0
0
0
0
0
0
0
2
12
48
105
150
169
175
171
146
100
54
0
0
0
0
0
0
1
1
7
32
90
165
216
234
238
235
218
175
112
0
0
0
0
0
0
1
5
23
68
136
205
242
249
245
244
241
212
145
0
0
0
0
1
3
8
19
51
115
182
229
244
229
205
201
214
200
141
0
0
0
0
3
14
35
57
90
154
214
243
236
191
136
120
139
140
102
0
0
0
0
8
36
85
125
149
191
232
248
230
171
96
59
60
60
44
0
0
0
0
18
66
138
191
211
229
246
252
234
186
121
69
35
17
9
0
0
0
0
31
92
168
220
241
249
254
254
246
224
185
126
55
13
1
0
0
0
0
29
81
143
193
231
250
255
255
254
248
224
163
74
18
2
0
0
0
0
14
39
78
134
200
241
253
252
248
242
223
167
79
20
2
0
0
0
0
3
13
44
109
189
237
247
236
215
196
179
141
71
19
2
0
0
0
0
1
11
51
129
205
241
237
203
152
112
99
88
49
14
2
0
0
0
0
1
15
64
149
220
246
229
172
96
45
32
34
21
6
1
0
0
0
0
3
19
73
160
226
246
221
152
68
18
5
7
4
2
1
0
0
0
0
7
33
95
176
231
240
203
128
51
11
1
0
0
0
0
0
0
0
0
12
52
129
203
240
231
176
94
31
5
1
0
0
0
0
0
0
0
0
18
70
154
222
246
226
159
72
18
2
1
0
0
0
0
0
0
0
0
31
94
176
232
247
220
149
64
14
1
0
0
0
0
0
0
0
0
0
51
128
203
242
242
203
128
51
11
1
0
0
0
0
0
0
0
0
0
64
149
220
247
232
176
94
31
5
1
0
0
0
0
0
0
0
0
0
72
159
226
248
226
159
72
18
2
1
0
0
0
0
0
0
0
0
0
94
176
232
247
220
149
64
14
1
0
0
0
0
0
0
0
0
0
0
119
194
238
241
203
128
51
11
1
0
0
0
0
0
0
0
0
0
0
106
171
214
215
167
90
30
5
1
0
0
0
0
0
0
0
0
0
0
54
100
143
151
113
54
15
2
1
0
0
0
0
0
0
0
0
0
0
0
0
0
0
0
0
0
0
0
0
0
0
0
0
0
0
0
0
0
0
0
0
0
0
0
0
0
0
0
0
0
0
0
0
0
0
