23
29
0
0
0
0
0
0
0
0
0
0
0
0
0
0
0
0
0
0
0
0
0
0
0
0
0
0
0
0
0
0
0
0
0
0
0
0
0
0
0
0
0
0
0
0
0
0
0
0
1
2
5
13
26
43
59
67
69
69
68
64
52
35
21
11
4
2
1
0
0
0
0
3
9
25
51
82
114
139
152
155
155
154
148
129
102
72
43
19
6
2
0
0
0
0
9
31
72
121
163
191
209
216
217
217
216
214
203
182
151
107
59
22
6
0
0
0
0
27
74
137
190
219
226
221
212
208
207
209
216
225
227
214
177
117
56
17
0
0
0
0
56
125
192
227
227
202
170
145
135
133
138
154
185
217
233
219
170
97
36
0
0
0
0
86
166
222
229
195
139
92
64
53
52
56
73
113
165
207
219
190
122
51
0
0
0
0
108
190
232
218
157
85
38
19
14
12
14
23
51
98
145
168
155
107
48
0
0
0
0
117
198
234
215
149
75
30
15
9
6
5
7
17
41
69
85
81
58
27
0
0
0
0
112
194
235
226
177
115
70
48
33
22
15
12
10
13
21
26
25
18
9
0
0
0
0
94
175
228
239
218
181
147
121
97
74
59
47
31
20
14
9
6
4
2
0
0
0
0
64
135
197
231
239
230
216
200
180
159
142
122
95
70
49
28
12
4
1
0
0
0
0
31
78
136
185
217
231
236
237
231
223
215
201
180
155
125
87
49
21
6
0
0
0
0
10
29
64
107
147
175
198
216
225
231
236
237
231
222
203
167
116
63
24
0
0
0
0
2
7
18
38
62
86
115
142
160
178
199
214
225
235
238
224
185
122
57
0
0
0
0
2
3
5
9
14
24
41
58
72
91
118
142
165
195
225
240
224
171
93
0
0
0
0
12
18
18
14
7
5
8
13
18
29
44
60
83
126
182
227
236
197
118
0
0
0
0
43
65
68
52
27
9
3
2
3
6
11
17
31
70
139
207
234
205
126
0
0
0
0
90
137
148
119
68
26
8
3
2
3
4
6
17
55
127
202
232
203
124
0
0
0
0
117
185
208
182
123
64
29
15
12
11
13
19
38
83
153
214
231
191
111
0
0
0
0
109
186
227
222
181
128
85
60
52
51
54
65
96
144
197
229
220
165
86
0
0
0
0
77
150
208
231
223
196
165
143
134
133
135
147
174
205
227
224
187
120
53
0
0
0
0
41
96
157
201
222
225
219
211
208
207
208
213
220
224
214
182
128
67
24
0
0
0
0
15
43
88
133
168
192
209
215
216
216
216
213
202
182
152
110
64
26
8
0
0
0
0
4
13
32
59
86
115
139
152
155
155
154
147
129
102
73
44
21
7
2
0
0
0
0
1
3
7
16
27
43
59
67
69
69
68
64
52
35
21
11
4
2
1
0
0
0
0
0
0
0
0
0
0
0
0
0
0
0
0
0
0
0
0
0
0
0
0
0
0
0
0
0
0
0
0
0
0
0
0
0
0
0
0
0
0
0
0
0
0
0
0
