28
33
0
0
0
0
0
0
0
0
0
0
0
0
0
0
0
0
0
0
0
0
0
0
0
0
0
0
0
0
0
0
0
0
0
0
0
0
0
0
0
0
0
0
0
0
0
0
0
0
0
0
0
0
0
0
0
0
0
0
1
1
2
5
12
24
40
59
77
85
87
87
88
87
81
68
49
33
20
10
4
2
1
1
0
0
0
0
1
3
8
21
43
71
101
129
153
164
167
167
167
166
159
141
116
89
61
35
15
5
2
1
0
0
0
0
2
8
25
58
100
142
175
198
214
220
221
222
222
221
218
207
188
163
129
86
44
17
5
1
0
0
0
0
6
22
59
113
166
204
225
232
231
226
223
222
222
224
229
232
230
219
193
149
92
42
14
3
0
0
0
0
15
47
105
168
214
234
234
219
198
179
170
168
169
174
188
210
230
238
230
200
144
78
30
8
0
0
0
0
28
78
148
207
235
232
206
168
131
104
93
90
91
97
116
151
192
224
237
225
181
113
49
14
0
0
0
0
42
105
179
227
237
211
160
104
64
41
33
31
31
35
51
85
135
183
213
216
187
127
61
19
0
0
0
0
53
123
196
235
232
189
121
60
26
13
9
8
8
9
16
37
76
122
155
165
148
105
53
17
0
0
0
0
58
130
202
237
230
184
114
53
22
12
8
6
4
4
6
14
32
59
80
88
80
58
30
10
0
0
0
0
56
127
200
238
236
201
143
86
51
34
25
16
11
8
7
7
11
20
28
30
28
20
11
4
0
0
0
0
48
115
188
233
243
227
191
147
113
92
73
53
39
32
24
16
10
9
9
8
7
5
3
1
0
0
0
0
35
90
162
216
241
243
230
207
185
168
147
123
104
91
75
53
36
25
16
8
4
2
1
1
0
0
0
0
19
58
118
177
217
238
244
240
233
225
212
195
181
169
150
123
99
77
53
30
14
5
2
1
0
0
0
0
8
27
65
115
163
200
224
235
240
243
242
237
232
226
215
197
178
154
121
82
47
21
7
2
0
0
0
0
2
9
25
53
91
131
162
185
204
221
230
234
239
243
242
237
231
218
193
155
106
59
24
7
0
0
0
0
1
2
6
16
34
57
80
103
131
158
174
186
202
218
229
235
241
243
235
213
170
112
55
19
0
0
0
0
1
2
2
4
8
15
24
38
58
79
93
107
130
155
174
191
211
232
243
240
215
161
92
36
0
0
0
0
2
4
6
6
6
5
5
9
16
25
31
41
59
79
97
118
151
192
227
243
234
192
121
52
0
0
0
0
9
19
26
28
23
15
7
3
4
5
7
10
18
27
36
52
86
140
196
234
239
206
136
63
0
0
0
0
27
55
77
83
70
45
20
7
3
2
2
3
5
7
10
19
45
100
170
223
239
210
141
65
0
0
0
0
50
102
145
158
139
95
47
17
6
3
2
2
3
4
6
12
36
92
165
221
237
207
137
63
0
0
0
0
64
132
190
212
196
148
89
43
19
10
7
7
7
9
13
26
59
117
184
229
235
198
126
55
0
0
0
0
59
129
197
231
228
195
144
93
57
38
32
31
31
33
43
68
110
164
213
237
227
179
105
43
0
0
0
0
43
104
174
222
237
227
198
160
124
101
92
90
90
94
107
136
174
211
234
234
204
144
76
27
0
0
0
0
25
69
132
189
224
236
232
215
194
177
170
168
168
171
182
201
222
234
232
208
160
98
44
14
0
0
0
0
11
35
80
135
182
212
226
231
229
225
223
222
222
223
226
229
229
219
196
156
103
52
19
5
0
0
0
0
4
13
36
74
116
151
178
199
214
220
221
221
222
221
217
207
188
164
131
89
49
20
6
2
0
0
0
0
1
4
12
28
52
78
103
130
152
164
167
167
167
166
159
141
116
89
62
36
17
6
2
1
0
0
0
0
1
1
3
8
16
27
41
59
77
85
87
87
88
87
81
68
49
33
20
10
4
2
1
1
0
0
0
0
0
0
0
0
0
0
0
0
0
0
0
0
0
0
0
0
0
0
0
0
0
0
0
0
0
0
0
0
0
0
0
0
0
0
0
0
0
0
0
0
0
0
0
0
0
0
0
0
0
0
0
0
0
0
