27
29
0
0
0
0
0
0
0
0
0
0
0
0
0
0
0
0
0
0
0
0
0
0
0
0
0
0
0
0
0
0
0
0
0
0
0
0
0
0
0
0
0
0
0
0
0
0
0
0
0
0
0
0
0
0
0
0
1
1
2
5
11
21
33
49
62
69
71
71
71
70
66
55
41
28
17
9
4
1
1
0
0
0
0
1
3
9
22
43
69
95
121
141
151
153
154
154
153
147
131
108
85
60
36
16
6
2
0
0
0
0
3
11
30
64
106
144
174
195
208
212
213
213
213
213
210
202
186
164
133
92
51
21
6
0
0
0
0
9
30
72
127
176
208
222
224
217
209
205
204
204
207
213
221
225
220
200
160
106
53
19
0
0
0
0
21
61
124
184
221
231
219
194
166
145
135
133
133
139
155
182
210
229
231
209
159
93
39
0
0
0
0
37
94
167
219
235
218
177
128
89
66
57
54
55
59
76
109
154
195
218
215
181
119
55
0
0
0
0
50
118
192
233
233
195
132
72
37
21
16
14
14
16
25
48
87
131
162
169
150
105
52
0
0
0
0
56
128
200
237
232
189
122
62
29
17
12
8
6
6
8
17
36
62
83
89
81
59
30
0
0
0
0
53
123
196
236
238
208
156
103
68
51
39
28
20
16
13
11
13
21
27
30
27
20
10
0
0
0
0
42
103
176
225
241
233
206
172
144
124
105
84
68
58
48
34
24
18
14
10
7
5
3
0
0
0
0
25
70
134
190
224
237
236
225
212
200
185
166
150
138
120
97
76
59
41
24
11
5
2
0
0
0
0
11
35
77
127
171
203
222
230
233
235
231
223
217
210
198
179
160
138
109
75
44
21
7
0
0
0
0
3
11
29
58
94
130
158
178
197
213
221
225
230
235
234
229
222
210
187
152
107
62
27
0
0
0
0
1
3
7
17
33
53
72
92
117
141
156
168
184
202
213
222
230
236
233
214
176
121
63
0
0
0
0
2
3
4
6
9
14
19
29
44
60
70
83
103
126
144
161
187
215
235
239
220
172
102
0
0
0
0
7
14
20
21
18
12
7
6
10
15
19
25
37
51
64
82
115
162
209
237
236
199
129
0
0
0
0
24
48
68
73
62
41
19
7
3
3
3
5
9
14
19
30
58
112
178
226
239
208
139
0
0
0
0
48
98
139
151
134
94
49
20
7
4
3
3
4
5
8
16
43
98
169
223
237
206
136
0
0
0
0
61
127
186
210
197
155
100
54
29
17
14
13
13
15
21
37
71
127
189
230
233
194
121
0
0
0
0
53
119
186
225
229
205
163
118
83
63
55
54
54
57
68
94
133
180
218
234
217
165
94
0
0
0
0
33
84
150
202
228
230
214
188
161
142
134
133
133
136
147
170
198
221
230
217
178
119
59
0
0
0
0
15
45
94
148
190
214
223
222
215
208
204
204
204
205
210
217
222
218
202
167
117
65
27
0
0
0
0
5
17
42
80
120
153
177
194
207
212
213
213
213
212
210
201
185
164
134
96
56
26
9
0
0
0
0
1
4
13
29
52
74
97
121
141
151
153
154
154
153
147
131
108
85
60
37
18
7
2
0
0
0
0
1
1
3
7
14
23
34
49
62
69
71
71
71
70
66
55
41
28
17
9
4
2
1
0
0
0
0
0
0
0
0
0
0
0
0
0
0
0
0
0
0
0
0
0
0
0
0
0
0
0
0
0
0
0
0
0
0
0
0
0
0
0
0
0
0
0
0
0
0
0
0
0
0
0
0
0
0
0
0
