28
36
0
0
0
0
0
0
0
0
0
0
0
0
0
0
0
0
0
0
0
0
0
0
0
0
0
0
0
0
0
0
0
0
0
0
0
0
0
0
0
0
0
0
0
0
0
0
0
0
0
0
0
0
0
0
0
0
0
0
1
1
3
7
17
32
54
78
101
111
114
114
114
113
106
89
65
44
26
13
5
2
1
1
0
0
0
0
1
3
9
24
51
84
117
148
173
184
187
187
187
186
179
160
133
104
72
41
17
6
2
1
0
0
0
0
2
8
26
60
107
151
185
209
224
230
231
231
231
231
227
217
199
174
137
91
46
17
5
1
0
0
0
0
6
21
57
112
168
208
229
237
237
233
230
229
230
231
235
238
235
224
197
150
91
40
13
3
0
0
0
0
13
43
98
163
212
236
239
228
210
193
184
182
183
187
200
220
236
241
231
197
139
73
26
7
0
0
0
0
24
70
139
202
234
237
219
186
151
123
111
108
108
115
135
170
207
233
240
224
177
107
45
12
0
0
0
0
37
97
171
224
239
221
178
126
82
56
45
42
43
49
67
106
158
204
230
229
195
130
61
18
0
0
0
0
49
117
191
233
234
197
135
74
36
19
13
11
11
14
25
54
102
155
192
201
179
126
62
20
0
0
0
0
56
128
201
237
230
182
110
48
17
8
6
5
4
5
9
23
54
94
126
136
124
89
46
15
0
0
0
0
58
131
203
238
231
185
115
54
23
12
9
6
5
4
5
9
22
42
58
64
59
43
23
8
0
0
0
0
56
127
200
238
238
205
149
91
54
36
26
17
11
8
7
6
8
13
19
21
19
14
8
3
0
0
0
0
48
115
189
234
244
229
194
150
115
92
72
51
36
28
21
13
8
7
6
6
5
4
2
1
0
0
0
0
36
94
167
221
244
245
230
207
184
164
142
115
95
81
65
44
27
18
11
6
3
2
1
1
0
0
0
0
22
65
129
190
228
245
247
241
232
222
206
186
170
156
135
106
80
59
38
19
8
3
1
1
0
0
0
0
10
35
81
137
187
221
240
246
247
246
241
232
225
217
202
179
156
130
95
58
29
11
3
1
0
0
0
0
4
13
37
76
123
167
199
218
231
240
244
245
245
244
239
230
217
198
166
123
76
36
13
4
0
0
0
0
1
4
12
29
59
94
126
152
178
202
216
224
233
241
245
246
244
238
221
187
137
80
35
11
0
0
0
0
1
1
3
8
18
34
52
74
104
133
152
166
186
206
220
230
239
246
245
229
191
130
66
23
0
0
0
0
1
1
2
2
4
7
13
23
41
60
73
88
113
141
162
181
205
229
244
244
223
171
99
40
0
0
0
0
2
3
4
5
4
3
3
5
11
17
22
31
49
70
88
110
146
190
226
244
237
196
124
54
0
0
0
0
7
14
20
22
18
11
5
3
3
4
5
8
15
24
33
50
85
140
197
234
240
207
137
63
0
0
0
0
22
45
64
68
57
36
16
5
2
2
2
3
5
7
10
19
46
100
170
223
239
210
141
66
0
0
0
0
45
92
129
139
120
79
37
12
4
2
2
2
3
4
5
11
33
87
160
219
238
209
140
65
0
0
0
0
63
128
182
200
180
128
69
28
10
4
3
3
3
4
7
15
43
101
172
224
237
204
133
60
0
0
0
0
66
138
202
229
218
173
113
60
29
16
11
11
11
13
19
38
77
137
197
234
233
192
118
50
0
0
0
0
55
124
194
232
236
211
166
115
75
52
44
42
42
46
58
88
133
183
223
239
222
170
96
37
0
0
0
0
38
96
167
218
239
235
213
179
144
120
109
107
108
112
126
156
192
222
238
232
197
135
68
23
0
0
0
0
22
63
126
186
224
239
238
225
206
190
183
182
182
185
195
212
230
239
233
206
155
91
39
12
0
0
0
0
10
33
78
135
185
216
231
236
235
232
230
229
229
230
233
235
234
224
199
157
101
50
18
5
0
0
0
0
4
13
37
78
123
162
189
209
224
230
231
231
231
230
227
217
199
174
139
95
51
21
6
2
0
0
0
0
1
4
13
33
61
91
120
148
172
184
187
187
187
186
179
160
133
104
73
42
19
7
2
1
0
0
0
0
1
2
4
10
21
36
55
79
100
111
114
114
114
113
106
89
65
44
27
13
5
2
1
1
0
0
0
0
0
0
0
0
0
0
0
0
0
0
0
0
0
0
0
0
0
0
0
0
0
0
0
0
0
0
0
0
0
0
0
0
0
0
0
0
0
0
0
0
0
0
0
0
0
0
0
0
0
0
0
0
0
0
