24
33
0
0
0
0
0
0
0
0
0
0
0
0
0
0
0
0
0
0
0
0
0
0
0
0
0
0
0
0
0
0
0
0
0
0
0
0
0
0
0
0
0
0
0
0
0
0
0
0
0
0
1
1
3
7
17
34
54
74
85
87
87
87
81
66
45
27
14
6
2
1
0
0
0
0
1
3
9
26
54
88
122
149
163
166
167
166
158
138
109
77
46
20
7
2
0
0
0
0
2
9
29
68
116
160
192
211
220
221
222
221
217
205
182
148
103
54
20
5
0
0
0
0
6
22
63
124
180
215
229
230
226
223
222
224
228
231
227
207
165
105
47
14
0
0
0
0
12
45
107
175
220
233
222
199
180
170
169
173
187
210
230
234
210
154
83
30
0
0
0
0
23
72
147
209
232
216
177
135
105
93
91
96
116
155
199
228
227
187
115
47
0
0
0
0
34
96
175
225
224
181
119
69
42
33
31
35
51
90
146
194
213
190
127
57
0
0
0
0
42
112
191
230
213
150
77
31
14
9
8
9
17
42
87
135
159
148
104
49
0
0
0
0
46
118
196
231
210
144
71
27
12
7
5
4
6
17
39
67
84
80
57
28
0
0
0
0
44
116
194
233
221
168
102
56
34
22
14
9
7
8
14
23
29
28
20
10
0
0
0
0
38
104
184
231
235
205
159
117
90
67
47
34
25
16
10
9
8
7
5
3
0
0
0
0
28
83
160
218
240
235
213
187
164
139
113
94
76
53
34
21
11
5
2
1
0
0
0
0
16
54
119
183
224
241
241
233
223
206
188
172
151
122
94
66
39
18
6
2
0
0
0
0
7
27
68
124
177
213
231
239
242
240
234
227
215
195
171
139
97
55
24
7
0
0
0
0
2
9
28
62
106
148
179
203
221
231
236
241
242
237
227
206
169
116
62
23
0
0
0
0
1
2
8
21
43
71
98
130
158
178
194
213
227
235
241
239
220
177
113
52
0
0
0
0
1
1
2
5
11
21
35
57
80
97
119
147
171
193
216
236
240
216
159
84
0
0
0
0
2
4
6
6
5
5
8
16
25
34
50
73
95
122
162
206
235
232
188
110
0
0
0
0
7
17
25
26
20
10
5
4
5
8
14
24
36
57
101
163
217
234
200
124
0
0
0
0
21
49
74
78
60
31
11
4
2
2
4
7
11
23
61
130
200
230
203
128
0
0
0
0
40
93
140
150
120
68
26
8
3
2
3
4
6
16
53
123
197
229
201
125
0
0
0
0
50
120
184
205
176
114
56
22
10
7
7
8
13
31
75
145
209
229
193
115
0
0
0
0
47
118
191
226
213
165
106
62
39
32
31
33
44
73
124
184
225
224
175
96
0
0
0
0
34
95
171
221
232
210
169
128
102
92
90
93
107
140
182
219
231
206
144
70
0
0
0
0
20
64
132
194
228
233
218
195
177
170
168
171
181
202
223
232
215
168
101
42
0
0
0
0
9
34
83
144
192
220
229
229
225
223
222
223
226
229
225
208
170
113
56
19
0
0
0
0
3
13
39
83
129
166
193
211
219
221
221
221
217
204
182
149
105
59
24
7
0
0
0
0
1
4
13
34
62
92
123
149
163
166
167
166
158
138
109
78
47
22
7
2
0
0
0
0
1
1
4
10
20
35
55
74
85
87
87
86
81
66
45
27
14
6
2
1
0
0
0
0
0
0
0
0
0
0
0
0
0
0
0
0
0
0
0
0
0
0
0
0
0
0
0
0
0
0
0
0
0
0
0
0
0
0
0
0
0
0
0
0
0
0
0
0
0
0
