21
29
0
0
0
0
0
0
0
0
0
0
0
0
0
0
0
0
0
0
0
0
0
0
0
0
0
0
0
0
0
0
0
0
0
0
0
0
0
0
0
0
0
0
0
0
1
2
6
16
32
50
64
68
69
67
59
44
26
13
5
2
1
0
0
0
0
2
9
26
56
92
126
147
154
155
152
140
115
82
48
21
6
2
0
0
0
0
8
29
72
125
170
199
213
216
216
215
209
191
160
113
60
21
5
0
0
0
0
21
66
133
190
220
223
216
209
208
211
219
225
216
178
115
50
14
0
0
0
0
43
110
183
222
217
187
155
138
135
142
166
201
226
216
163
86
28
0
0
0
0
66
146
210
219
177
118
76
57
53
61
89
140
192
212
180
107
40
0
0
0
0
83
168
219
203
135
66
28
16
14
17
35
77
129
161
147
94
37
0
0
0
0
90
175
222
199
126
57
22
11
7
6
12
31
60
81
77
51
20
0
0
0
0
86
172
224
214
157
95
57
37
23
15
11
12
19
25
24
16
7
0
0
0
0
72
154
218
232
206
165
130
102
76
57
41
26
16
10
6
3
1
0
0
0
0
49
119
189
228
235
223
205
184
160
138
112
83
56
32
14
4
1
0
0
0
0
24
69
132
187
220
233
236
232
223
211
193
167
134
92
50
19
5
0
0
0
0
8
27
65
112
155
186
209
223
230
235
234
226
207
170
114
57
19
0
0
0
0
2
7
20
42
70
100
132
157
179
201
218
230
235
222
178
108
44
0
0
0
0
2
3
5
10
18
33
52
71
93
122
150
181
215
233
215
152
72
0
0
0
0
9
16
18
13
7
7
12
18
30
48
70
107
164
216
225
175
91
0
0
0
0
33
58
65
48
22
7
3
4
7
12
23
54
119
192
222
182
98
0
0
0
0
70
123
140
109
57
20
6
3
3
5
12
40
106
185
219
180
96
0
0
0
0
92
166
198
170
106
50
22
14
12
15
28
65
132
200
218
169
85
0
0
0
0
84
165
216
211
164
109
71
55
53
58
79
123
180
219
209
145
66
0
0
0
0
59
133
199
225
213
181
152
137
134
139
158
190
219
220
178
106
41
0
0
0
0
32
85
151
200
222
222
214
209
208
210
216
222
215
183
124
60
19
0
0
0
0
12
40
86
136
175
200
213
216
217
215
209
191
160
115
64
24
6
0
0
0
0
3
13
33
63
95
126
147
154
155
152
140
115
82
49
22
7
2
0
0
0
0
1
3
8
18
33
51
64
68
69
67
59
44
26
13
5
2
1
0
0
0
0
0
0
0
0
0
0
0
0
0
0
0
0
0
0
0
0
0
0
0
0
0
0
0
0
0
0
0
0
0
0
0
0
0
0
0
0
0
0
0
0
