27
36
0
0
0
0
0
0
0
0
0
0
0
0
0
0
0
0
0
0
0
0
0
0
0
0
0
0
0
0
0
0
0
0
0
0
0
0
0
0
0
0
0
0
0
0
0
0
0
0
0
0
0
0
0
0
0
0
56
64
65
65
65
65
65
65
65
65
65
65
65
65
65
65
65
65
65
65
64
57
39
0
0
0
0
129
147
151
151
151
151
151
151
151
150
150
150
150
151
151
151
151
151
151
151
148
131
90
0
0
0
0
185
211
216
216
216
216
216
216
217
219
219
219
219
217
216
216
216
216
216
216
211
187
128
0
0
0
0
182
208
212
213
213
213
213
216
224
236
244
245
237
225
216
213
213
213
213
212
208
184
126
0
0
0
0
122
139
142
143
143
143
144
152
176
215
242
244
220
181
154
144
143
143
143
142
139
123
84
0
0
0
0
49
56
57
57
58
58
60
73
117
186
234
236
194
126
78
61
58
58
58
57
56
50
34
0
0
0
0
11
13
13
13
13
14
16
34
88
172
230
233
181
98
39
18
14
14
13
13
13
11
8
0
0
0
0
2
2
2
2
2
3
6
25
82
169
229
233
179
92
30
7
3
2
2
2
2
2
1
0
0
0
0
1
1
1
1
1
2
5
24
82
169
229
233
179
92
29
6
2
1
1
1
1
1
1
0
0
0
0
0
0
0
0
1
1
4
24
81
169
229
233
179
92
29
6
2
1
0
0
0
0
0
0
0
0
0
0
0
0
0
1
1
4
24
81
169
229
233
179
92
29
6
2
1
0
0
0
0
0
0
0
0
0
0
0
0
0
1
1
4
24
81
169
229
233
179
92
29
6
2
1
0
0
0
0
0
0
0
0
0
0
0
0
0
1
1
4
24
81
169
229
233
179
92
29
6
2
1
0
0
0
0
0
0
0
0
0
0
0
0
0
1
1
4
24
81
169
229
233
179
92
29
6
2
1
0
0
0
0
0
0
0
0
0
0
0
0
0
1
1
4
24
81
169
229
233
179
92
29
6
2
1
0
0
0
0
0
0
0
0
0
0
0
0
0
1
1
4
24
81
169
229
233
179
92
29
6
2
1
0
0
0
0
0
0
0
0
0
0
0
0
0
1
1
4
24
81
169
229
233
179
92
29
6
2
1
0
0
0
0
0
0
0
0
0
0
0
0
0
1
1
4
24
81
169
229
233
179
92
29
6
2
1
0
0
0
0
0
0
0
0
0
0
0
0
0
1
1
4
24
81
169
229
233
179
92
29
6
2
1
0
0
0
0
0
0
0
0
0
0
0
0
0
1
1
4
24
81
169
229
233
179
92
29
6
2
1
0
0
0
0
0
0
0
0
0
0
0
0
0
1
1
4
24
81
169
229
233
179
92
29
6
2
1
0
0
0
0
0
0
0
0
0
0
0
0
0
1
1
4
24
81
169
229
233
179
92
29
6
2
1
0
0
0
0
0
0
0
0
0
0
0
0
0
1
1
4
24
81
169
229
233
179
92
29
6
2
1
0
0
0
0
0
0
0
0
0
0
0
0
0
1
1
4
24
81
169
229
233
179
92
29
6
2
1
0
0
0
0
0
0
0
0
0
0
0
0
0
1
1
4
24
81
169
229
233
179
92
29
6
2
1
0
0
0
0
0
0
0
0
0
0
0
0
0
1
1
4
24
81
169
229
233
178
92
29
6
2
1
0
0
0
0
0
0
0
0
0
0
0
0
0
1
1
4
24
81
169
229
233
178
92
29
6
2
1
0
0
0
0
0
0
0
0
0
0
0
0
0
1
1
4
24
81
169
229
232
178
92
29
6
2
1
0
0
0
0
0
0
0
0
0
0
0
0
0
1
1
4
24
81
169
228
232
178
91
29
6
2
1
0
0
0
0
0
0
0
0
0
0
0
0
0
1
1
4
23
80
166
224
227
175
90
29
6
2
1
0
0
0
0
0
0
0
0
0
0
0
0
0
1
1
4
21
73
149
200
203
157
82
26
5
2
1
0
0
0
0
0
0
0
0
0
0
0
0
0
1
1
3
15
50
102
137
139
108
56
18
4
1
1
0
0
0
0
0
0
0
0
0
0
0
0
0
0
0
0
0
0
0
0
0
0
0
0
0
0
0
0
0
0
0
0
0
0
0
0
0
0
0
0
0
0
0
0
0
0
0
0
0
0
0
0
0
0
0
0
0
0
0
0
0
