32
43
0
0
0
0
0
0
0
0
0
0
0
0
0
0
0
0
0
0
0
0
0
0
0
0
0
0
0
0
0
0
0
0
0
0
0
0
0
0
0
0
0
0
0
0
0
0
0
0
0
0
0
0
0
0
0
0
0
0
0
0
0
0
0
0
0
0
16
22
25
25
25
25
25
25
25
25
25
25
25
25
25
25
25
25
25
25
25
25
25
25
25
25
22
16
0
0
0
0
50
69
78
79
80
80
80
80
80
80
80
80
80
80
80
80
80
80
80
80
80
80
80
80
80
78
71
52
0
0
0
0
100
138
154
158
158
159
158
158
158
158
158
158
158
158
158
158
158
158
158
158
158
158
159
158
158
155
140
103
0
0
0
0
138
190
213
217
218
218
218
218
218
218
219
219
220
220
220
220
219
219
218
218
218
218
218
218
218
214
193
142
0
0
0
0
144
199
223
227
228
228
228
228
228
229
231
237
242
245
245
243
238
232
229
228
228
228
228
228
228
223
202
148
0
0
0
0
115
160
179
183
184
184
184
184
184
187
196
214
235
248
248
238
218
198
188
185
184
184
184
184
183
180
162
119
0
0
0
0
66
92
103
106
106
106
106
107
107
112
131
171
216
243
245
221
178
136
114
108
107
106
106
106
106
104
93
68
0
0
0
0
24
34
38
39
39
39
39
39
40
47
75
133
200
239
242
207
143
82
50
41
39
39
39
39
39
38
34
25
0
0
0
0
6
8
9
9
9
9
9
10
11
19
51
118
193
238
240
201
129
60
23
12
10
9
9
9
9
9
8
6
0
0
0
0
2
2
2
2
2
2
2
3
5
13
46
115
192
238
240
201
127
55
17
6
3
3
2
2
2
2
2
2
0
0
0
0
1
1
1
1
1
1
1
2
3
12
46
115
192
238
240
200
126
55
16
5
2
1
1
1
1
1
1
1
0
0
0
0
1
1
1
1
1
1
1
1
3
12
45
115
192
238
240
200
126
54
15
4
2
1
1
1
1
1
1
1
0
0
0
0
0
0
0
0
0
0
1
1
3
12
45
115
192
238
240
200
126
54
15
4
2
1
0
0
0
0
0
0
0
0
0
0
0
0
0
0
0
0
1
1
3
12
45
115
192
238
240
200
126
54
15
4
2
1
0
0
0
0
0
0
0
0
0
0
0
0
0
0
0
0
1
1
3
12
45
115
192
238
240
200
126
54
15
4
2
1
0
0
0
0
0
0
0
0
0
0
0
0
0
0
0
0
1
1
3
12
45
115
192
238
240
200
126
54
15
4
2
1
0
0
0
0
0
0
0
0
0
0
0
0
0
0
0
0
1
1
3
12
45
115
192
238
240
200
126
54
15
4
2
1
0
0
0
0
0
0
0
0
0
0
0
0
0
0
0
0
1
1
3
12
45
115
192
238
240
200
126
54
15
4
2
1
0
0
0
0
0
0
0
0
0
0
0
0
0
0
0
0
1
1
3
12
45
115
192
238
240
200
126
54
15
4
2
1
0
0
0
0
0
0
0
0
0
0
0
0
0
0
0
0
1
1
3
12
45
115
192
238
240
200
126
54
15
4
2
1
0
0
0
0
0
0
0
0
0
0
0
0
0
0
0
0
1
1
3
12
45
115
192
238
240
200
126
54
15
4
2
1
0
0
0
0
0
0
0
0
0
0
0
0
0
0
0
0
1
1
3
12
45
115
192
238
240
200
126
54
15
4
2
1
0
0
0
0
0
0
0
0
0
0
0
0
0
0
0
0
1
1
3
12
45
115
192
238
240
200
126
54
15
4
2
1
0
0
0
0
0
0
0
0
0
0
0
0
0
0
0
0
1
1
3
12
45
115
192
238
240
200
126
54
15
4
2
1
0
0
0
0
0
0
0
0
0
0
0
0
0
0
0
0
1
1
3
12
45
115
192
238
240
200
126
54
15
4
2
1
0
0
0
0
0
0
0
0
0
0
0
0
0
0
0
0
1
1
3
12
45
115
192
238
240
200
126
54
15
4
2
1
0
0
0
0
0
0
0
0
0
0
0
0
0
0
0
0
1
1
3
12
45
115
192
238
240
200
126
54
15
4
2
1
0
0
0
0
0
0
0
0
0
0
0
0
0
0
0
0
1
1
3
12
45
115
192
238
240
200
126
54
15
4
2
1
0
0
0
0
0
0
0
0
0
0
0
0
0
0
0
0
1
1
3
12
45
115
192
238
240
200
126
54
15
4
2
1
0
0
0
0
0
0
0
0
0
0
0
0
0
0
0
0
1
1
3
12
45
115
192
238
240
200
126
54
15
4
2
1
0
0
0
0
0
0
0
0
0
0
0
0
0
0
0
0
1
1
3
12
45
115
192
238
240
200
126
54
15
4
2
1
0
0
0
0
0
0
0
0
0
0
0
0
0
0
0
0
1
1
3
12
45
115
192
238
240
200
126
54
15
4
2
1
0
0
0
0
0
0
0
0
0
0
0
0
0
0
0
0
1
1
3
12
45
115
192
238
240
200
126
54
15
4
2
1
0
0
0
0
0
0
0
0
0
0
0
0
0
0
0
0
1
1
3
12
45
114
192
237
240
200
126
54
15
4
2
1
0
0
0
0
0
0
0
0
0
0
0
0
0
0
0
0
1
1
3
12
45
114
191
237
239
200
126
54
15
4
2
1
1
0
0
0
0
0
0
0
0
0
0
0
0
0
0
0
1
1
3
12
45
114
191
236
238
199
125
54
15
4
2
1
1
0
0
0
0
0
0
0
0
0
0
0
0
0
0
0
1
1
3
12
45
113
188
231
233
195
124
54
15
4
2
1
1
0
0
0
0
0
0
0
0
0
0
0
0
0
0
0
1
1
3
11
41
102
169
207
209
176
112
49
14
4
2
1
1
0
0
0
0
0
0
0
0
0
0
0
0
0
0
0
1
1
2
8
30
74
122
149
151
127
81
36
10
3
1
1
1
0
0
0
0
0
0
0
0
0
0
0
0
0
0
0
0
0
0
0
0
0
0
0
0
0
0
0
0
0
0
0
0
0
0
0
0
0
0
0
0
0
0
0
0
0
0
0
0
0
0
0
0
0
0
0
0
0
0
0
0
0
0
0
0
0
0
0
0
0
0
0
