32
36
0
0
0
0
0
0
0
0
0
0
0
0
0
0
0
0
0
0
0
0
0
0
0
0
0
0
0
0
0
0
0
0
0
0
0
0
0
0
0
0
0
0
0
0
0
0
0
0
0
0
0
0
0
0
0
0
0
0
0
0
0
0
0
0
0
0
43
59
66
67
67
67
67
67
67
67
67
67
67
67
67
67
67
67
67
67
67
67
67
67
67
66
60
44
0
0
0
0
94
130
146
149
150
150
149
149
149
149
149
149
149
149
149
149
149
149
149
149
149
149
150
150
149
146
132
97
0
0
0
0
133
185
207
211
212
212
212
212
212
212
213
215
216
217
217
216
215
213
212
212
212
212
212
212
212
207
187
137
0
0
0
0
131
181
204
208
209
209
209
209
209
211
216
226
237
244
244
239
228
217
211
210
209
209
209
209
208
204
184
135
0
0
0
0
88
123
138
141
142
142
142
142
143
146
161
191
225
245
247
229
196
164
148
143
142
142
142
142
141
138
125
91
0
0
0
0
37
52
58
59
59
60
60
60
61
67
92
145
205
241
243
212
154
99
70
62
60
60
60
59
59
58
52
39
0
0
0
0
10
13
14
15
15
15
15
16
17
25
56
121
194
238
241
203
132
65
28
18
16
15
15
15
15
14
13
10
0
0
0
0
2
2
2
2
2
2
3
3
5
13
47
115
192
238
240
201
127
56
17
6
4
3
2
2
2
2
2
2
0
0
0
0
1
1
1
1
1
1
1
2
3
12
46
115
192
238
240
200
126
55
16
4
2
1
1
1
1
1
1
1
0
0
0
0
0
0
0
0
0
1
1
1
3
12
45
115
192
238
240
200
126
54
15
4
2
1
1
0
0
0
0
0
0
0
0
0
0
0
0
0
0
0
1
1
3
12
45
115
192
238
240
200
126
54
15
4
2
1
0
0
0
0
0
0
0
0
0
0
0
0
0
0
0
0
1
1
3
12
45
115
192
238
240
200
126
54
15
4
2
1
0
0
0
0
0
0
0
0
0
0
0
0
0
0
0
0
1
1
3
12
45
115
192
238
240
200
126
54
15
4
2
1
0
0
0
0
0
0
0
0
0
0
0
0
0
0
0
0
1
1
3
12
45
115
192
238
240
200
126
54
15
4
2
1
0
0
0
0
0
0
0
0
0
0
0
0
0
0
0
0
1
1
3
12
45
115
192
238
240
200
126
54
15
4
2
1
0
0
0
0
0
0
0
0
0
0
0
0
0
0
0
0
1
1
3
12
45
115
192
238
240
200
126
54
15
4
2
1
0
0
0
0
0
0
0
0
0
0
0
0
0
0
0
0
1
1
3
12
45
115
192
238
240
200
126
54
15
4
2
1
0
0
0
0
0
0
0
0
0
0
0
0
0
0
0
0
1
1
3
12
45
115
192
238
240
200
126
54
15
4
2
1
0
0
0
0
0
0
0
0
0
0
0
0
0
0
0
0
1
1
3
12
45
115
192
238
240
200
126
54
15
4
2
1
0
0
0
0
0
0
0
0
0
0
0
0
0
0
0
0
1
1
3
12
45
115
192
238
240
200
126
54
15
4
2
1
0
0
0
0
0
0
0
0
0
0
0
0
0
0
0
0
1
1
3
12
45
115
192
238
240
200
126
54
15
4
2
1
0
0
0
0
0
0
0
0
0
0
0
0
0
0
0
0
1
1
3
12
45
115
192
238
240
200
126
54
15
4
2
1
0
0
0
0
0
0
0
0
0
0
0
0
0
0
0
0
1
1
3
12
45
115
192
238
240
200
126
54
15
4
2
1
0
0
0
0
0
0
0
0
0
0
0
0
0
0
0
0
1
1
3
12
45
115
192
238
240
200
126
54
15
4
2
1
0
0
0
0
0
0
0
0
0
0
0
0
0
0
0
0
1
1
3
12
45
115
192
238
240
200
126
54
15
4
2
1
0
0
0
0
0
0
0
0
0
0
0
0
0
0
0
0
1
1
3
12
45
115
192
238
240
200
126
54
15
4
2
1
0
0
0
0
0
0
0
0
0
0
0
0
0
0
0
0
1
1
3
12
45
114
192
238
240
200
126
54
15
4
2
1
0
0
0
0
0
0
0
0
0
0
0
0
0
0
0
0
1
1
3
12
45
114
192
237
240
200
126
54
15
4
2
1
0
0
0
0
0
0
0
0
0
0
0
0
0
0
0
0
1
1
3
12
45
114
191
236
239
199
126
54
15
4
2
1
1
0
0
0
0
0
0
0
0
0
0
0
0
0
0
0
1
1
3
12
45
112
187
231
233
195
123
54
15
4
2
1
1
0
0
0
0
0
0
0
0
0
0
0
0
0
0
0
1
1
3
11
41
101
167
205
207
174
110
48
14
4
2
1
1
0
0
0
0
0
0
0
0
0
0
0
0
0
0
0
1
1
2
8
28
70
115
141
142
120
76
34
10
3
1
1
1
0
0
0
0
0
0
0
0
0
0
0
0
0
0
0
0
0
0
0
0
0
0
0
0
0
0
0
0
0
0
0
0
0
0
0
0
0
0
0
0
0
0
0
0
0
0
0
0
0
0
0
0
0
0
0
0
0
0
0
0
0
0
0
0
0
0
0
0
0
0
0
