32
48
0
0
0
0
0
0
0
0
0
0
0
0
0
0
0
0
0
0
0
0
0
0
0
0
0
0
0
0
0
0
0
0
0
0
0
0
0
0
0
0
0
0
0
0
0
0
0
0
0
0
0
0
0
0
0
0
0
0
0
0
0
0
0
0
0
0
27
37
41
42
42
42
42
42
42
42
42
42
42
42
42
42
42
42
42
42
42
42
42
42
42
42
38
28
0
0
0
0
68
94
105
107
107
107
107
107
107
107
107
107
107
107
107
107
107
107
107
107
107
107
107
107
107
105
95
70
0
0
0
0
114
158
177
181
181
181
181
181
181
181
181
181
181
181
181
181
181
181
181
181
181
181
181
181
181
178
160
118
0
0
0
0
145
200
224
229
229
229
229
229
229
229
229
230
230
230
230
230
230
230
229
229
229
229
229
229
229
224
203
149
0
0
0
0
148
204
228
233
234
234
234
234
234
235
237
241
245
248
248
246
242
237
235
234
234
234
234
234
233
229
207
152
0
0
0
0
122
169
189
193
194
194
194
194
194
196
204
220
238
249
249
240
223
206
197
194
194
194
194
194
193
189
171
125
0
0
0
0
76
105
118
121
121
121
121
122
122
126
143
179
220
245
246
225
185
148
128
122
122
121
121
121
121
118
106
78
0
0
0
0
31
43
49
50
50
50
50
50
51
58
84
139
202
240
242
209
149
91
60
52
51
50
50
50
50
49
44
32
0
0
0
0
8
11
12
13
13
13
13
14
15
23
54
119
194
238
241
202
130
62
26
16
14
13
13
13
13
12
11
8
0
0
0
0
2
3
3
3
3
3
3
4
5
14
47
115
192
238
240
201
127
56
17
6
4
4
3
3
3
3
3
2
0
0
0
0
1
1
2
2
2
2
2
2
4
13
46
115
192
238
240
201
127
55
16
5
3
2
2
2
2
2
1
1
0
0
0
0
1
1
1
1
1
1
1
1
3
12
46
115
192
238
240
200
126
55
16
4
2
1
1
1
1
1
1
1
0
0
0
0
0
0
0
0
0
0
1
1
3
12
45
115
192
238
240
200
126
54
15
4
2
1
0
0
0
0
0
0
0
0
0
0
0
0
0
0
0
0
1
1
3
12
45
115
192
238
240
200
126
54
15
4
2
1
0
0
0
0
0
0
0
0
0
0
0
0
0
0
0
0
1
1
3
12
45
115
192
238
240
200
126
54
15
4
2
1
0
0
0
0
0
0
0
0
0
0
0
0
0
0
0
0
1
1
3
12
45
115
192
238
240
200
126
54
15
4
2
1
0
0
0
0
0
0
0
0
0
0
0
0
0
0
0
0
1
1
3
12
45
115
192
238
240
200
126
54
15
4
2
1
0
0
0
0
0
0
0
0
0
0
0
0
0
0
0
0
1
1
3
12
45
115
192
238
240
200
126
54
15
4
2
1
0
0
0
0
0
0
0
0
0
0
0
0
0
0
0
0
1
1
3
12
45
115
192
238
240
200
126
54
15
4
2
1
0
0
0
0
0
0
0
0
0
0
0
0
0
0
0
0
1
1
3
12
45
115
192
238
240
200
126
54
15
4
2
1
0
0
0
0
0
0
0
0
0
0
0
0
0
0
0
0
1
1
3
12
45
115
192
238
240
200
126
54
15
4
2
1
0
0
0
0
0
0
0
0
0
0
0
0
0
0
0
0
1
1
3
12
45
115
192
238
240
200
126
54
15
4
2
1
0
0
0
0
0
0
0
0
0
0
0
0
0
0
0
0
1
1
3
12
45
115
192
238
240
200
126
54
15
4
2
1
0
0
0
0
0
0
0
0
0
0
0
0
0
0
0
0
1
1
3
12
45
115
192
238
240
200
126
54
15
4
2
1
0
0
0
0
0
0
0
0
0
0
0
0
0
0
0
0
1
1
3
12
45
115
192
238
240
200
126
54
15
4
2
1
0
0
0
0
0
0
0
0
0
0
0
0
0
0
0
0
1
1
3
12
45
115
192
238
240
200
126
54
15
4
2
1
0
0
0
0
0
0
0
0
0
0
0
0
0
0
0
0
1
1
3
12
45
115
192
238
240
200
126
54
15
4
2
1
0
0
0
0
0
0
0
0
0
0
0
0
0
0
0
0
1
1
3
12
45
115
192
238
240
200
126
54
15
4
2
1
0
0
0
0
0
0
0
0
0
0
0
0
0
0
0
0
1
1
3
12
45
115
192
238
240
200
126
54
15
4
2
1
0
0
0
0
0
0
0
0
0
0
0
0
0
0
0
0
1
1
3
12
45
115
192
238
240
200
126
54
15
4
2
1
0
0
0
0
0
0
0
0
0
0
0
0
0
0
0
0
1
1
3
12
45
115
192
238
240
200
126
54
15
4
2
1
0
0
0
0
0
0
0
0
0
0
0
0
0
0
0
0
1
1
3
12
45
115
192
238
240
200
126
54
15
4
2
1
0
0
0
0
0
0
0
0
0
0
0
0
0
0
0
0
1
1
3
12
45
115
192
238
240
200
126
54
15
4
2
1
0
0
0
0
0
0
0
0
0
0
0
0
0
0
0
0
1
1
3
12
45
115
192
238
240
200
126
54
15
4
2
1
0
0
0
0
0
0
0
0
0
0
0
0
0
0
0
0
1
1
3
12
45
115
192
238
240
200
126
54
15
4
2
1
0
0
0
0
0
0
0
0
0
0
0
0
0
0
0
0
1
1
3
12
45
115
192
238
240
200
126
54
15
4
2
1
0
0
0
0
0
0
0
0
0
0
0
0
0
0
0
0
1
1
3
12
45
115
192
238
240
200
126
54
15
4
2
1
0
0
0
0
0
0
0
0
0
0
0
0
0
0
0
0
1
1
3
12
45
114
192
237
240
200
126
54
15
4
2
1
0
0
0
0
0
0
0
0
0
0
0
0
0
0
0
0
1
1
3
12
45
114
191
237
239
200
126
54
15
4
2
1
1
0
0
0
0
0
0
0
0
0
0
0
0
0
0
0
1
1
3
12
45
114
191
236
238
199
125
54
15
4
2
1
1
0
0
0
0
0
0
0
0
0
0
0
0
0
0
0
1
1
3
12
46
114
189
233
235
197
125
54
15
4
2
1
1
0
0
0
0
0
0
0
0
0
0
0
0
0
0
0
1
1
3
11
43
107
177
217
219
184
118
51
15
4
2
1
1
0
0
0
0
0
0
0
0
0
0
0
0
0
0
0
1
1
2
9
34
85
140
171
173
146
93
41
12
3
1
1
1
0
0
0
0
0
0
0
0
0
0
0
0
0
0
0
1
1
2
6
20
50
83
102
103
86
55
24
7
2
1
1
1
0
0
0
0
0
0
0
0
0
0
0
0
0
0
0
0
0
0
0
0
0
0
0
0
0
0
0
0
0
0
0
0
0
0
0
0
0
0
0
0
0
0
0
0
0
0
0
0
0
0
0
0
0
0
0
0
0
0
0
0
0
0
0
0
0
0
0
0
0
0
0
