28
43
0
0
0
0
0
0
0
0
0
0
0
0
0
0
0
0
0
0
0
0
0
0
0
0
0
0
0
0
0
0
0
0
0
0
0
0
0
0
0
0
0
0
0
0
0
0
0
0
0
0
0
0
0
0
0
0
0
0
15
21
24
25
25
25
25
25
25
25
25
25
25
25
25
25
25
25
25
25
25
25
22
15
0
0
0
0
46
68
77
79
80
80
80
80
80
80
80
80
80
80
80
80
80
80
80
80
79
78
69
47
0
0
0
0
91
135
154
158
158
158
158
158
158
158
158
158
158
158
158
158
158
158
158
158
158
155
137
94
0
0
0
0
126
186
212
218
218
218
218
218
218
219
219
220
220
219
219
218
218
218
218
218
218
213
188
130
0
0
0
0
131
194
222
228
228
228
228
228
230
234
241
245
245
241
235
230
229
228
228
228
228
223
197
136
0
0
0
0
105
156
179
183
184
184
184
185
190
206
229
245
246
231
208
192
185
184
184
184
183
179
158
109
0
0
0
0
61
90
103
106
106
106
107
108
119
152
202
237
239
207
158
123
109
107
106
106
106
103
91
62
0
0
0
0
22
33
38
39
39
39
39
42
58
106
179
230
232
187
115
63
43
40
39
39
39
38
33
23
0
0
0
0
5
8
9
9
9
9
10
13
32
87
169
227
230
178
97
37
14
10
9
9
9
9
8
5
0
0
0
0
2
2
2
2
2
2
3
7
27
84
168
226
230
177
94
32
8
3
2
2
2
2
2
2
0
0
0
0
1
1
1
1
1
1
2
6
26
83
168
226
230
177
93
32
7
2
1
1
1
1
1
1
0
0
0
0
1
1
1
1
1
1
1
5
26
83
168
226
230
177
93
31
7
2
1
1
1
1
1
1
0
0
0
0
0
0
0
0
0
1
1
5
26
83
168
226
230
177
93
31
7
2
1
0
0
0
0
0
0
0
0
0
0
0
0
0
0
1
1
5
26
83
168
226
230
177
93
31
7
2
1
0
0
0
0
0
0
0
0
0
0
0
0
0
0
1
1
5
26
83
168
226
230
177
93
31
7
2
1
0
0
0
0
0
0
0
0
0
0
0
0
0
0
1
1
5
26
83
168
226
230
177
93
31
7
2
1
0
0
0
0
0
0
0
0
0
0
0
0
0
0
1
1
5
26
83
168
226
230
177
93
31
7
2
1
0
0
0
0
0
0
0
0
0
0
0
0
0
0
1
1
5
26
83
168
226
230
177
93
31
7
2
1
0
0
0
0
0
0
0
0
0
0
0
0
0
0
1
1
5
26
83
168
226
230
177
93
31
7
2
1
0
0
0
0
0
0
0
0
0
0
0
0
0
0
1
1
5
26
83
168
226
230
177
93
31
7
2
1
0
0
0
0
0
0
0
0
0
0
0
0
0
0
1
1
5
26
83
168
226
230
177
93
31
7
2
1
0
0
0
0
0
0
0
0
0
0
0
0
0
0
1
1
5
26
83
168
226
230
177
93
31
7
2
1
0
0
0
0
0
0
0
0
0
0
0
0
0
0
1
1
5
26
83
168
226
230
177
93
31
7
2
1
0
0
0
0
0
0
0
0
0
0
0
0
0
0
1
1
5
26
83
168
226
230
177
93
31
7
2
1
0
0
0
0
0
0
0
0
0
0
0
0
0
0
1
1
5
26
83
168
226
230
177
93
31
7
2
1
0
0
0
0
0
0
0
0
0
0
0
0
0
0
1
1
5
26
83
168
226
230
177
93
31
7
2
1
0
0
0
0
0
0
0
0
0
0
0
0
0
0
1
1
5
26
83
168
226
230
177
93
31
7
2
1
0
0
0
0
0
0
0
0
0
0
0
0
0
0
1
1
5
26
83
168
226
230
177
93
31
7
2
1
0
0
0
0
0
0
0
0
0
0
0
0
0
0
1
1
5
26
83
168
226
230
177
93
31
7
2
1
0
0
0
0
0
0
0
0
0
0
0
0
0
0
1
1
5
26
83
168
226
230
177
93
31
7
2
1
0
0
0
0
0
0
0
0
0
0
0
0
0
0
1
1
5
26
83
168
226
230
177
93
31
7
2
1
0
0
0
0
0
0
0
0
0
0
0
0
0
0
1
1
5
26
83
168
226
230
177
93
31
7
2
1
0
0
0
0
0
0
0
0
0
0
0
0
0
0
1
1
5
26
83
168
226
230
177
93
31
7
2
1
0
0
0
0
0
0
0
0
0
0
0
0
0
0
1
1
5
26
83
168
226
230
177
93
31
7
2
1
0
0
0
0
0
0
0
0
0
0
0
0
0
0
1
1
5
26
83
167
226
229
176
93
31
7
2
1
0
0
0
0
0
0
0
0
0
0
0
0
0
0
1
2
5
26
83
167
225
228
176
93
31
7
2
1
0
0
0
0
0
0
0
0
0
0
0
0
0
0
1
2
5
26
82
164
220
223
173
92
31
7
2
1
0
0
0
0
0
0
0
0
0
0
0
0
0
0
1
1
5
23
74
148
198
200
155
83
28
6
2
1
0
0
0
0
0
0
0
0
0
0
0
0
0
0
1
1
4
17
54
107
143
145
112
60
21
5
1
1
0
0
0
0
0
0
0
0
0
0
0
0
0
0
0
0
0
0
0
0
0
0
0
0
0
0
0
0
0
0
0
0
0
0
0
0
0
0
0
0
0
0
0
0
0
0
0
0
0
0
0
0
0
0
0
0
0
0
0
0
0
0
0
