23
36
0
0
0
0
0
0
0
0
0
0
0
0
0
0
0
0
0
0
0
0
0
0
0
0
0
0
0
0
0
0
0
0
0
0
0
0
0
0
0
0
0
0
0
0
0
0
0
0
52
63
65
65
65
65
65
65
65
65
65
65
65
65
65
65
65
63
53
0
0
0
0
119
144
150
151
151
151
151
151
150
150
150
151
151
151
151
151
150
145
121
0
0
0
0
170
207
215
216
216
216
216
217
219
219
219
218
216
216
216
216
215
208
173
0
0
0
0
167
204
212
213
213
213
217
226
238
244
239
227
217
213
213
213
212
204
170
0
0
0
0
112
136
142
143
143
144
155
184
222
240
225
188
157
145
143
143
142
137
114
0
0
0
0
45
55
57
58
58
61
79
131
199
231
204
138
83
62
58
58
57
55
46
0
0
0
0
10
13
13
13
14
17
40
104
187
226
194
112
45
18
14
13
13
13
11
0
0
0
0
2
2
2
2
3
7
31
98
185
225
191
107
36
8
3
2
2
2
2
0
0
0
0
1
1
1
1
2
6
31
98
185
225
191
107
36
7
2
1
1
1
1
0
0
0
0
0
0
0
1
1
5
31
98
185
225
191
106
36
7
1
1
0
0
0
0
0
0
0
0
0
0
1
1
5
31
98
185
225
191
106
36
7
1
1
0
0
0
0
0
0
0
0
0
0
1
1
5
31
98
185
225
191
106
36
7
1
1
0
0
0
0
0
0
0
0
0
0
1
1
5
31
98
185
225
191
106
36
7
1
1
0
0
0
0
0
0
0
0
0
0
1
1
5
31
98
185
225
191
106
36
7
1
1
0
0
0
0
0
0
0
0
0
0
1
1
5
31
98
185
225
191
106
36
7
1
1
0
0
0
0
0
0
0
0
0
0
1
1
5
31
98
185
225
191
106
36
7
1
1
0
0
0
0
0
0
0
0
0
0
1
1
5
31
98
185
225
191
106
36
7
1
1
0
0
0
0
0
0
0
0
0
0
1
1
5
31
98
185
225
191
106
36
7
1
1
0
0
0
0
0
0
0
0
0
0
1
1
5
31
98
185
225
191
106
36
7
1
1
0
0
0
0
0
0
0
0
0
0
1
1
5
31
98
185
225
191
106
36
7
1
1
0
0
0
0
0
0
0
0
0
0
1
1
5
31
98
185
225
191
106
36
7
1
1
0
0
0
0
0
0
0
0
0
0
1
1
5
31
98
185
225
191
106
36
7
1
1
0
0
0
0
0
0
0
0
0
0
1
1
5
31
98
185
225
191
106
36
7
1
1
0
0
0
0
0
0
0
0
0
0
1
1
5
31
98
185
225
191
106
36
7
1
1
0
0
0
0
0
0
0
0
0
0
1
1
5
31
98
185
225
191
106
36
7
1
1
0
0
0
0
0
0
0
0
0
0
1
1
5
31
98
185
225
191
106
36
7
1
1
0
0
0
0
0
0
0
0
0
0
1
1
5
31
98
185
225
191
106
36
7
1
1
0
0
0
0
0
0
0
0
0
0
1
1
5
31
98
185
225
191
106
36
7
1
1
0
0
0
0
0
0
0
0
0
0
1
1
5
31
97
185
225
191
106
36
7
1
1
0
0
0
0
0
0
0
0
0
0
1
1
5
30
96
181
221
188
105
35
7
1
1
0
0
0
0
0
0
0
0
0
0
1
1
5
27
87
162
197
168
94
32
6
1
1
0
0
0
0
0
0
0
0
0
0
1
1
4
19
60
112
135
115
65
22
5
1
1
0
0
0
0
0
0
0
0
0
0
0
0
0
0
0
0
0
0
0
0
0
0
0
0
0
0
0
0
0
0
0
0
0
0
0
0
0
0
0
0
0
0
0
0
0
0
0
0
0
0
0
