31
37
0
0
0
0
0
0
0
0
0
0
0
0
0
0
0
0
0
0
0
0
0
0
0
0
0
0
0
0
0
0
0
0
0
0
0
0
0
0
0
0
0
0
0
0
0
0
0
0
0
0
0
0
0
0
0
0
0
0
0
0
0
0
0
0
6
20
42
59
64
65
65
65
65
65
65
65
65
65
65
65
65
65
63
55
39
24
13
5
2
1
1
0
0
0
0
13
46
97
134
148
150
151
151
151
151
151
151
151
151
151
151
151
151
147
134
109
79
50
24
8
3
1
0
0
0
0
19
67
141
196
216
219
218
216
216
216
216
216
216
216
216
216
216
216
215
207
189
160
119
71
31
10
3
0
0
0
0
21
74
157
220
241
238
226
217
213
213
213
213
213
213
213
213
213
215
222
230
231
220
190
137
76
29
8
0
0
0
0
21
75
160
223
241
221
184
156
145
143
143
143
143
143
143
143
144
149
165
192
218
234
229
195
132
63
20
0
0
0
0
21
75
160
223
235
198
132
81
61
58
58
58
57
57
58
58
58
63
81
117
162
208
234
227
179
102
38
0
0
0
0
21
75
160
223
233
186
106
43
18
14
13
13
13
13
13
13
13
16
25
49
95
160
216
236
208
137
59
0
0
0
0
21
75
160
223
232
184
100
34
8
3
2
2
2
2
2
2
2
3
6
16
48
114
190
232
223
162
80
0
0
0
0
21
75
160
223
232
184
100
34
7
2
1
1
1
1
1
1
1
1
2
6
27
84
167
225
230
179
95
0
0
0
0
21
75
160
223
232
184
100
33
7
2
1
1
0
0
0
0
1
1
1
4
20
71
155
220
233
188
104
0
0
0
0
21
75
160
223
232
184
100
33
7
2
1
1
0
0
0
0
1
1
1
3
19
70
153
220
233
188
105
0
0
0
0
21
75
160
223
232
184
100
33
7
2
1
1
1
1
1
1
1
1
2
5
24
79
163
223
230
180
97
0
0
0
0
21
75
160
223
232
184
100
34
7
3
2
2
2
2
2
2
2
2
4
11
40
104
183
229
221
161
79
0
0
0
0
21
75
160
223
233
185
103
38
13
9
8
8
8
8
8
8
8
10
17
36
78
146
208
231
202
130
56
0
0
0
0
21
75
160
224
234
193
121
64
43
40
39
39
39
39
39
39
40
45
62
95
142
194
226
218
165
91
32
0
0
0
0
21
75
160
224
240
214
166
129
115
113
112
112
112
112
113
113
114
122
143
174
204
223
218
179
114
51
15
0
0
0
0
21
75
160
225
246
238
219
203
198
197
196
196
196
196
197
197
198
203
214
225
225
206
169
116
60
21
5
0
0
0
0
21
75
160
225
248
246
236
228
225
224
224
224
224
224
225
229
235
241
243
234
202
153
99
54
22
6
2
0
0
0
0
21
75
160
225
244
232
205
184
176
175
175
175
175
175
179
191
213
233
242
227
182
117
58
22
7
2
1
0
0
0
0
21
75
160
224
238
206
148
103
85
82
82
82
82
82
88
107
142
184
217
225
198
141
76
30
8
2
1
0
0
0
0
21
75
160
223
233
189
111
50
26
22
21
21
21
21
24
37
65
110
165
209
220
190
130
65
21
5
1
0
0
0
0
21
75
160
223
232
185
101
35
9
4
3
3
3
3
4
8
20
48
101
167
216
223
182
111
46
12
3
0
0
0
0
21
75
160
223
232
184
100
33
7
2
1
1
1
1
1
2
5
17
52
117
189
228
215
154
78
25
6
0
0
0
0
21
75
160
223
232
184
100
33
7
2
1
1
1
1
1
1
2
6
25
78
156
218
230
189
113
44
11
0
0
0
0
21
75
160
223
232
184
100
33
7
2
1
1
0
0
1
1
1
3
13
51
123
198
233
213
146
67
19
0
0
0
0
21
75
160
223
232
184
100
33
7
2
1
1
0
0
0
1
1
2
7
31
91
172
226
227
174
92
31
0
0
0
0
21
75
160
223
232
184
100
33
7
2
1
1
0
0
0
1
1
1
4
18
64
142
212
233
198
121
48
0
0
0
0
21
75
160
223
232
184
100
33
7
2
1
1
0
0
0
0
1
1
2
10
43
113
192
232
216
151
72
0
0
0
0
21
75
160
222
231
184
100
33
7
2
1
1
0
0
0
0
1
1
2
6
28
86
167
224
228
179
99
0
0
0
0
21
74
157
218
227
180
98
33
7
2
1
1
0
0
0
0
1
1
1
3
17
62
139
207
228
195
120
0
0
0
0
19
67
141
195
202
161
89
30
6
2
1
1
0
0
0
0
0
1
1
2
9
40
104
172
203
184
121
0
0
0
0
13
46
97
134
139
111
61
21
4
1
1
1
0
0
0
0
0
1
1
1
5
22
62
111
137
129
87
0
0
0
0
6
20
42
58
61
48
27
9
2
1
1
1
0
0
0
0
0
1
1
1
2
8
24
46
59
56
39
0
0
0
0
0
0
0
0
0
0
0
0
0
0
0
0
0
0
0
0
0
0
0
0
0
0
0
0
0
0
0
0
0
0
0
0
0
0
0
0
0
0
0
0
0
0
0
0
0
0
0
0
0
0
0
0
0
0
0
0
0
0
0
0
