37
44
0
0
0
0
0
0
0
0
0
0
0
0
0
0
0
0
0
0
0
0
0
0
0
0
0
0
0
0
0
0
0
0
0
0
0
0
0
0
0
0
0
0
0
0
0
0
0
0
0
0
0
0
0
0
0
0
0
0
0
0
0
0
0
0
0
0
0
0
0
0
0
0
0
0
0
0
3
8
16
22
24
25
25
25
25
25
25
25
25
25
25
25
25
25
25
25
25
25
23
18
12
7
4
2
1
1
1
1
1
0
0
0
0
8
25
49
69
78
79
80
80
80
80
80
80
80
80
80
80
80
80
80
80
80
79
74
62
45
29
17
8
4
2
1
1
1
0
0
0
0
16
49
98
137
154
158
158
158
158
158
158
158
158
158
158
158
158
158
159
159
159
158
151
134
109
82
55
31
13
5
2
1
1
0
0
0
0
22
68
135
189
213
219
219
219
218
218
218
218
218
218
218
218
218
218
218
218
218
218
214
203
183
156
121
79
41
16
5
2
1
0
0
0
0
24
75
150
211
238
243
240
235
230
229
228
228
228
228
228
228
228
228
228
228
229
232
236
236
230
216
188
143
90
44
16
5
2
0
0
0
0
24
76
152
215
243
244
229
208
192
185
184
184
184
184
184
184
184
184
184
184
187
195
211
227
238
240
229
199
147
87
37
12
3
0
0
0
0
24
76
153
216
242
236
204
158
124
110
107
107
106
106
106
106
106
106
107
107
110
123
148
180
210
232
241
231
194
133
68
24
6
0
0
0
0
24
76
153
216
242
229
181
115
65
44
40
39
39
39
39
39
39
39
39
39
42
52
75
111
155
201
233
242
223
172
101
41
11
0
0
0
0
24
76
153
216
241
226
173
98
41
16
11
10
9
9
9
9
9
9
9
9
10
15
27
52
96
156
211
239
236
198
130
60
19
0
0
0
0
24
76
153
216
241
226
172
95
36
10
4
3
2
2
2
2
2
2
2
2
3
4
8
20
53
114
183
229
241
215
154
79
27
0
0
0
0
24
76
153
216
241
226
172
95
35
9
3
2
1
1
1
1
1
1
1
1
1
2
3
9
31
84
158
217
241
225
171
95
35
0
0
0
0
24
76
153
216
241
226
172
95
35
9
3
2
1
1
1
1
1
1
1
1
1
1
2
5
22
68
142
208
239
231
181
105
42
0
0
0
0
24
76
153
216
241
226
172
95
35
9
3
2
1
1
0
0
0
0
0
1
1
1
2
4
18
62
135
204
239
232
186
110
45
0
0
0
0
24
76
153
216
241
226
172
95
35
9
3
2
1
1
0
0
0
0
0
1
1
1
2
5
19
63
137
205
239
232
185
109
44
0
0
0
0
24
76
153
216
241
226
172
95
35
9
3
2
1
1
1
1
1
1
1
1
1
1
2
6
24
72
146
211
239
228
177
101
39
0
0
0
0
24
76
153
216
241
226
172
95
35
9
3
2
2
1
1
1
1
1
1
1
2
2
4
11
36
92
166
221
239
218
160
85
30
0
0
0
0
24
76
153
216
241
226
172
95
36
11
5
4
4
4
4
4
4
4
4
4
4
6
11
26
64
126
192
232
235
200
134
64
21
0
0
0
0
24
76
153
216
241
227
174
101
45
21
16
15
15
15
15
15
15
15
15
15
17
23
39
67
113
171
218
237
221
171
101
42
12
0
0
0
0
24
76
153
216
242
231
187
126
79
59
55
55
54
54
54
54
54
54
55
55
59
73
98
133
174
212
233
228
191
130
66
23
6
0
0
0
0
24
76
153
216
243
239
212
173
143
130
128
127
127
127
127
127
127
127
128
128
133
148
173
200
221
231
225
196
144
83
35
10
3
0
0
0
0
24
76
153
216
245
248
237
221
209
204
203
203
202
202
202
202
202
203
203
203
206
214
226
234
230
214
184
140
87
42
14
4
2
0
0
0
0
24
76
153
216
246
251
248
242
237
235
234
234
234
234
234
234
234
235
237
240
242
245
244
232
205
164
119
76
39
16
5
2
1
0
0
0
0
24
76
153
216
245
248
239
224
212
208
207
206
206
206
206
206
207
210
219
232
243
248
243
220
175
118
67
33
14
5
2
1
1
0
0
0
0
24
76
153
216
244
240
213
175
145
133
130
130
130
130
130
130
131
138
156
185
214
234
238
220
176
117
62
26
8
3
1
1
1
0
0
0
0
24
76
153
216
242
231
187
125
77
56
52
52
51
51
51
51
52
59
80
114
155
195
223
228
205
159
102
50
19
5
2
1
1
0
0
0
0
24
76
153
216
241
227
174
100
43
18
13
12
12
11
12
12
12
16
27
49
86
135
186
221
228
206
156
94
42
13
3
1
1
0
0
0
0
24
76
153
216
241
226
172
95
36
10
4
3
2
2
2
2
2
3
6
15
36
76
133
191
227
231
200
140
74
27
7
2
1
0
0
0
0
24
76
153
216
241
226
172
95
35
9
3
2
1
1
1
1
1
1
2
4
12
36
84
150
208
235
225
179
110
49
15
4
2
0
0
0
0
24
76
153
216
241
226
172
95
35
9
3
2
1
1
1
1
1
1
1
2
5
16
50
111
181
228
237
207
146
75
27
7
2
0
0
0
0
24
76
153
216
241
226
172
95
35
9
3
2
1
1
0
0
1
1
1
1
2
8
30
81
153
214
239
226
176
105
43
12
3
0
0
0
0
24
76
153
216
241
226
172
95
35
9
3
2
1
1
0
0
0
1
1
1
2
4
18
57
124
194
234
236
200
133
62
19
5
0
0
0
0
24
76
153
216
241
226
172
95
35
9
3
2
1
1
0
0
0
0
1
1
1
3
10
37
95
168
222
240
217
158
84
30
8
0
0
0
0
24
76
153
216
241
226
172
95
35
9
3
2
1
1
0
0
0
0
1
1
1
2
6
23
70
141
207
238
230
182
109
45
13
0
0
0
0
24
76
153
216
241
226
172
95
35
9
3
2
1
1
0
0
0
0
0
1
1
2
4
14
50
115
187
232
237
203
137
66
22
0
0
0
0
24
76
153
215
241
226
171
94
35
9
3
2
1
1
0
0
0
0
0
1
1
1
2
9
34
90
165
221
240
220
164
90
34
0
0
0
0
24
76
152
214
239
225
171
94
35
9
3
2
1
1
0
0
0
0
0
1
1
1
2
6
22
68
140
205
236
230
186
114
49
0
0
0
0
24
75
150
210
234
220
168
93
34
9
3
1
1
1
0
0
0
0
0
0
1
1
1
4
14
49
114
183
225
231
198
131
61
0
0
0
0
22
68
135
189
209
197
151
84
31
8
2
1
1
1
0
0
0
0
0
0
1
1
1
2
8
32
84
149
195
208
185
129
63
0
0
0
0
16
49
98
136
151
142
109
61
23
6
2
1
1
1
0
0
0
0
0
0
1
1
1
2
5
18
52
99
136
150
136
97
48
0
0
0
0
8
25
49
69
76
72
55
31
12
3
1
1
1
0
0
0
0
0
0
0
0
1
1
1
2
8
23
47
67
75
69
50
25
0
0
0
0
0
0
0
0
0
0
0
0
0
0
0
0
0
0
0
0
0
0
0
0
0
0
0
0
0
0
0
0
0
0
0
0
0
0
0
0
0
0
0
0
0
0
0
0
0
0
0
0
0
0
0
0
0
0
0
0
0
0
0
0
0
0
0
0
0
0
0
0
0
0
0
0
