37
37
0
0
0
0
0
0
0
0
0
0
0
0
0
0
0
0
0
0
0
0
0
0
0
0
0
0
0
0
0
0
0
0
0
0
0
0
0
0
0
0
0
0
0
0
0
0
0
0
0
0
0
0
0
0
0
0
0
0
0
0
0
0
0
0
0
0
0
0
0
0
0
0
0
0
0
0
7
21
41
58
65
67
67
67
67
67
67
67
67
67
67
67
67
67
67
67
67
67
63
53
39
26
16
8
4
2
1
1
1
0
0
0
0
15
47
92
129
145
149
150
150
150
149
149
149
149
149
149
149
149
150
150
150
150
149
143
128
106
82
58
34
16
6
2
1
1
0
0
0
0
22
67
134
187
211
216
216
214
213
212
212
212
212
212
212
212
212
212
212
212
213
213
211
201
184
161
130
90
51
22
8
3
1
0
0
0
0
24
75
150
211
238
241
234
223
214
210
209
209
209
209
209
209
209
209
209
210
211
215
223
229
228
220
199
160
109
59
24
7
2
0
0
0
0
25
76
153
215
243
240
216
181
156
145
142
142
142
142
142
142
142
142
142
143
145
155
175
199
220
233
233
213
171
111
54
19
5
0
0
0
0
24
76
153
216
242
231
189
129
84
65
61
60
60
60
59
59
60
60
60
60
63
73
96
129
168
207
233
237
213
160
92
37
10
0
0
0
0
24
76
153
216
241
227
175
102
46
22
17
16
15
15
15
15
15
15
15
15
16
22
35
60
102
158
210
238
234
195
127
59
18
0
0
0
0
24
76
153
216
241
226
172
95
36
11
5
3
3
2
2
2
2
2
2
2
3
5
9
21
53
111
179
227
240
216
155
81
28
0
0
0
0
24
76
153
216
241
226
172
95
35
9
3
2
1
1
1
1
1
1
1
1
1
2
3
8
28
79
153
214
240
227
174
98
37
0
0
0
0
24
76
153
216
241
226
172
95
35
9
3
2
1
1
0
0
0
0
0
1
1
1
2
5
20
65
139
206
239
231
183
107
43
0
0
0
0
24
76
153
216
241
226
172
95
35
9
3
2
1
1
0
0
0
0
0
1
1
1
2
5
19
63
137
205
239
232
184
108
43
0
0
0
0
24
76
153
216
241
226
172
95
35
9
3
2
1
1
1
1
1
1
1
1
1
1
2
7
25
74
148
212
239
227
175
99
38
0
0
0
0
24
76
153
216
241
226
172
95
36
10
4
3
2
2
2
2
2
2
2
2
2
3
6
15
44
100
171
223
238
214
154
80
28
0
0
0
0
24
76
153
216
241
227
173
99
41
16
11
10
9
9
9
9
9
9
9
10
11
15
24
45
85
144
201
233
229
188
121
55
17
0
0
0
0
24
76
153
216
242
230
183
118
68
47
42
42
41
41
41
41
41
41
41
42
45
55
76
107
148
193
225
230
202
146
81
31
9
0
0
0
0
24
76
153
216
243
238
207
164
130
116
113
113
113
113
113
113
113
113
113
114
118
132
155
182
206
223
223
199
152
93
43
14
4
0
0
0
0
24
76
153
216
245
247
234
215
201
195
194
193
193
193
193
193
193
194
194
195
198
207
218
226
223
207
179
138
89
45
17
5
2
0
0
0
0
24
76
153
216
245
250
243
232
224
221
220
220
219
219
219
220
220
222
226
232
238
242
242
229
199
156
111
70
37
15
5
2
1
0
0
0
0
24
76
153
216
244
244
227
202
182
174
173
172
172
172
172
172
173
178
191
210
229
241
241
221
178
122
70
33
13
5
2
1
1
0
0
0
0
24
76
153
216
243
235
198
145
105
88
84
84
84
84
84
84
85
92
110
141
176
208
227
224
195
145
89
43
16
5
2
1
1
0
0
0
0
24
76
153
216
242
228
178
108
53
30
25
24
24
24
24
24
24
28
41
65
100
145
190
219
221
194
145
87
39
12
3
1
1
0
0
0
0
24
76
153
216
241
226
172
96
37
11
6
5
4
4
4
4
4
5
9
20
41
79
133
187
223
227
197
140
76
29
8
2
1
0
0
0
0
24
76
153
216
241
226
172
95
35
9
3
2
1
1
1
1
1
1
2
5
12
34
78
141
201
232
226
184
119
56
18
5
2
0
0
0
0
24
76
153
216
241
226
172
95
35
9
3
2
1
1
1
1
1
1
1
2
4
13
42
99
169
221
237
215
159
89
34
9
3
0
0
0
0
24
76
153
216
241
226
172
95
35
9
3
2
1
1
0
0
1
1
1
1
2
6
23
66
135
200
235
232
191
122
56
17
4
0
0
0
0
24
76
153
216
241
226
172
95
35
9
3
2
1
1
0
0
0
0
1
1
1
3
12
41
100
172
223
238
214
154
81
29
7
0
0
0
0
24
76
153
216
241
226
172
95
35
9
3
2
1
1
0
0
0
0
1
1
1
2
6
24
70
140
205
237
229
182
111
47
14
0
0
0
0
24
76
153
216
241
226
172
95
35
9
3
2
1
1
0
0
0
0
0
1
1
2
4
14
46
109
181
228
237
207
144
73
25
0
0
0
0
25
76
153
215
240
225
171
94
35
9
3
2
1
1
0
0
0
0
0
1
1
1
2
8
29
80
153
213
238
224
174
101
41
0
0
0
0
24
75
150
210
234
220
168
93
34
9
3
2
1
1
0
0
0
0
0
1
1
1
2
4
17
55
122
189
227
228
192
124
56
0
0
0
0
22
67
133
186
207
195
149
83
31
8
2
1
1
1
0
0
0
0
0
0
1
1
1
3
9
35
87
150
194
205
181
124
60
0
0
0
0
15
46
92
128
143
135
103
58
22
5
2
1
1
1
0
0
0
0
0
0
1
1
1
2
5
18
50
95
129
141
128
91
45
0
0
0
0
7
21
41
58
65
61
47
26
10
3
1
1
1
1
0
0
0
0
0
0
0
1
1
1
2
7
20
40
57
64
58
42
21
0
0
0
0
0
0
0
0
0
0
0
0
0
0
0
0
0
0
0
0
0
0
0
0
0
0
0
0
0
0
0
0
0
0
0
0
0
0
0
0
0
0
0
0
0
0
0
0
0
0
0
0
0
0
0
0
0
0
0
0
0
0
0
0
0
0
0
0
0
0
0
0
0
0
0
0
