37
48
0
0
0
0
0
0
0
0
0
0
0
0
0
0
0
0
0
0
0
0
0
0
0
0
0
0
0
0
0
0
0
0
0
0
0
0
0
0
0
0
0
0
0
0
0
0
0
0
0
0
0
0
0
0
0
0
0
0
0
0
0
0
0
0
0
0
0
0
0
0
0
0
0
0
0
0
4
13
26
37
41
42
42
42
42
42
42
42
42
42
42
42
42
42
42
42
42
42
39
31
20
11
6
3
2
1
1
1
1
0
0
0
0
11
34
66
93
105
107
107
107
107
107
107
107
107
107
107
107
107
107
107
107
108
107
100
85
62
40
24
12
5
2
1
1
1
0
0
0
0
19
57
112
156
176
181
181
181
181
181
181
181
181
181
181
181
181
181
181
182
182
180
174
156
129
99
68
38
16
6
2
1
1
0
0
0
0
23
72
142
198
224
230
230
230
229
229
229
229
229
229
229
229
229
229
229
229
229
229
226
215
196
169
132
87
44
17
5
2
1
0
0
0
0
25
76
151
213
240
246
244
240
236
234
234
234
234
234
234
234
234
234
234
234
235
237
241
241
235
221
193
147
91
43
15
4
2
0
0
0
0
24
76
152
215
243
245
233
215
201
195
194
194
194
194
194
194
194
194
194
194
197
204
219
234
242
243
230
198
144
82
34
10
3
0
0
0
0
24
76
153
216
243
238
209
168
137
124
122
122
121
121
121
121
121
121
122
122
125
138
164
195
221
238
243
229
189
126
61
21
6
0
0
0
0
24
76
153
216
242
230
185
122
75
55
51
50
50
50
50
50
50
50
50
51
54
66
93
132
175
214
238
241
218
163
91
35
10
0
0
0
0
24
76
153
216
241
227
174
100
44
20
14
13
13
13
13
13
13
13
13
13
15
22
39
70
118
176
222
242
233
190
119
52
15
0
0
0
0
24
76
153
216
241
226
172
95
37
11
5
4
3
3
3
3
3
3
3
3
4
6
13
30
70
134
198
236
240
208
143
69
22
0
0
0
0
24
76
153
216
241
226
172
95
36
10
4
3
2
2
2
2
2
2
2
2
2
3
5
13
41
100
173
225
241
220
162
85
30
0
0
0
0
24
76
153
216
241
226
172
95
35
9
3
2
1
1
1
1
1
1
1
1
1
2
3
7
27
77
152
214
240
227
175
98
37
0
0
0
0
24
76
153
216
241
226
172
95
35
9
3
2
1
1
0
0
0
0
0
1
1
1
2
5
20
65
139
207
239
231
183
107
43
0
0
0
0
24
76
153
216
241
226
172
95
35
9
3
2
1
1
0
0
0
0
0
0
1
1
2
4
18
61
134
203
238
233
186
111
45
0
0
0
0
24
76
153
216
241
226
172
95
35
9
3
2
1
1
0
0
0
0
0
1
1
1
2
4
18
61
135
204
239
232
186
110
45
0
0
0
0
24
76
153
216
241
226
172
95
35
9
3
2
1
1
1
1
1
1
1
1
1
1
2
5
22
68
142
208
239
230
180
104
41
0
0
0
0
24
76
153
216
241
226
172
95
35
9
3
2
1
1
1
1
1
1
1
1
1
2
3
8
30
83
157
217
240
223
167
91
33
0
0
0
0
24
76
153
216
241
226
172
95
35
10
4
3
2
2
2
2
2
2
2
2
3
3
6
16
47
108
180
228
239
210
147
73
24
0
0
0
0
24
76
153
216
241
226
172
96
37
12
7
6
5
5
5
5
5
5
5
5
6
9
17
37
81
145
205
236
232
190
120
54
16
0
0
0
0
24
76
153
216
241
227
176
104
49
26
21
20
20
20
20
20
20
20
20
20
23
32
51
84
132
187
227
238
215
160
89
35
9
0
0
0
0
24
76
153
216
242
232
190
132
87
69
65
65
64
64
64
64
64
64
65
65
70
86
115
151
189
222
237
226
184
120
57
19
5
0
0
0
0
24
76
153
216
244
240
215
179
151
140
138
138
137
137
137
137
137
137
138
138
143
159
184
210
229
236
226
194
139
77
31
9
3
0
0
0
0
24
76
153
216
245
248
239
225
213
209
208
208
208
207
207
208
208
208
208
208
211
219
230
238
235
219
187
141
86
40
13
4
1
0
0
0
0
24
76
153
216
246
252
250
246
242
241
240
240
240
240
240
240
240
241
242
243
244
246
246
235
210
171
126
80
41
16
5
2
1
0
0
0
0
24
76
153
216
245
250
245
236
229
226
225
225
224
224
224
225
225
228
234
242
249
251
244
221
176
120
70
35
15
5
2
1
1
0
0
0
0
24
76
153
216
244
243
224
196
173
164
162
162
162
162
162
162
163
169
185
209
231
243
241
216
166
104
52
20
6
2
1
1
1
0
0
0
0
24
76
153
216
243
234
196
142
100
83
79
79
79
79
79
79
80
89
112
148
188
219
235
226
190
135
77
33
11
3
1
1
1
0
0
0
0
24
76
153
216
242
228
178
107
52
29
24
24
23
23
23
23
24
30
48
80
123
172
212
231
221
184
126
67
26
7
2
1
1
0
0
0
0
24
76
153
216
241
226
172
96
37
11
6
5
5
5
5
4
5
7
14
31
63
113
171
216
234
220
174
109
50
16
4
1
1
0
0
0
0
24
76
153
216
241
226
172
95
35
9
3
2
2
2
2
2
2
2
4
9
26
63
121
183
226
235
209
150
81
30
8
2
1
0
0
0
0
24
76
153
216
241
226
172
95
35
9
3
2
1
1
1
1
1
1
2
3
10
31
78
145
206
236
228
183
114
50
15
4
2
0
0
0
0
24
76
153
216
241
226
172
95
35
9
3
2
1
1
1
1
1
1
1
2
4
15
48
111
182
229
238
208
146
75
26
7
2
0
0
0
0
24
76
153
216
241
226
172
95
35
9
3
2
1
1
0
0
1
1
1
1
2
8
31
84
157
217
240
225
174
101
40
11
3
0
0
0
0
24
76
153
216
241
226
172
95
35
9
3
2
1
1
0
0
0
1
1
1
2
5
20
62
131
200
236
235
196
126
57
17
4
0
0
0
0
24
76
153
216
241
226
172
95
35
9
3
2
1
1
0
0
0
0
1
1
1
3
12
43
105
178
228
240
212
150
76
26
6
0
0
0
0
24
76
153
216
241
226
172
95
35
9
3
2
1
1
0
0
0
0
1
1
1
2
7
29
80
154
215
240
225
171
96
37
10
0
0
0
0
24
76
153
216
241
226
172
95
35
9
3
2
1
1
0
0
0
0
0
1
1
2
5
19
60
130
199
237
234
191
120
53
15
0
0
0
0
24
76
153
216
241
226
172
95
35
9
3
2
1
1
0
0
0
0
0
1
1
1
3
12
44
108
181
230
239
209
146
73
25
0
0
0
0
24
76
152
215
240
226
171
94
35
9
3
2
1
1
0
0
0
0
0
1
1
1
2
8
31
86
160
218
240
223
170
95
37
0
0
0
0
24
76
152
214
239
225
171
94
35
9
3
2
1
1
0
0
0
0
0
1
1
1
2
5
21
66
138
204
237
232
189
117
50
0
0
0
0
25
76
151
212
236
222
169
94
35
9
3
1
1
1
0
0
0
0
0
0
1
1
1
3
14
49
115
185
228
233
200
133
62
0
0
0
0
23
72
142
198
220
206
158
88
33
8
2
1
1
1
0
0
0
0
0
0
1
1
1
2
9
34
90
157
205
218
194
135
66
0
0
0
0
19
57
112
156
173
163
125
70
26
7
2
1
1
1
0
0
0
0
0
0
1
1
1
2
5
21
61
114
157
172
156
111
55
0
0
0
0
11
34
66
93
103
97
74
42
16
4
1
1
1
1
0
0
0
0
0
0
0
1
1
1
3
11
32
64
91
102
93
67
34
0
0
0
0
0
0
0
0
0
0
0
0
0
0
0
0
0
0
0
0
0
0
0
0
0
0
0
0
0
0
0
0
0
0
0
0
0
0
0
0
0
0
0
0
0
0
0
0
0
0
0
0
0
0
0
0
0
0
0
0
0
0
0
0
0
0
0
0
0
0
0
0
0
0
0
0
