32
43
0
0
0
0
0
0
0
0
0
0
0
0
0
0
0
0
0
0
0
0
0
0
0
0
0
0
0
0
0
0
0
0
0
0
0
0
0
0
0
0
0
0
0
0
0
0
0
0
0
0
0
0
0
0
0
0
0
0
0
0
0
0
0
0
0
0
8
25
51
70
78
79
80
80
80
80
80
80
80
80
80
80
80
80
76
66
47
29
15
6
2
1
1
1
0
0
0
0
15
50
101
140
155
158
158
158
158
158
158
158
158
158
158
159
159
158
154
139
112
81
50
24
8
3
1
1
0
0
0
0
21
69
140
194
215
219
219
218
218
218
218
218
218
218
218
218
218
218
216
206
185
153
110
63
26
8
2
1
0
0
0
0
23
76
156
217
240
241
235
231
229
228
228
228
228
228
228
228
229
230
234
236
230
212
175
119
61
22
6
2
0
0
0
0
23
77
158
221
241
232
210
193
185
184
184
184
184
184
184
184
185
189
202
221
235
237
219
174
108
47
14
3
0
0
0
0
23
77
159
221
236
210
162
125
110
107
106
106
106
106
106
107
108
114
134
168
204
230
236
212
153
80
27
6
0
0
0
0
23
77
159
221
231
191
121
66
44
40
39
39
39
39
39
39
40
45
63
99
148
200
232
230
187
112
44
11
0
0
0
0
23
77
159
221
229
183
104
42
16
10
9
9
9
9
9
9
9
12
21
44
91
157
214
235
208
139
62
18
0
0
0
0
23
77
159
221
229
182
102
37
10
4
3
2
2
2
2
2
2
3
6
17
52
118
191
231
220
160
79
25
0
0
0
0
23
77
159
221
229
182
101
36
9
3
2
1
1
1
1
1
1
1
3
8
32
91
171
224
226
174
93
31
0
0
0
0
23
77
159
221
229
182
101
36
8
2
1
1
1
1
1
1
1
1
2
5
23
76
157
219
229
184
103
36
0
0
0
0
23
77
159
221
229
182
101
36
8
2
1
1
0
0
0
0
1
1
1
4
20
70
151
216
230
187
107
39
0
0
0
0
23
77
159
221
229
182
101
36
8
2
1
1
0
0
0
0
1
1
1
4
21
71
152
217
230
186
106
38
0
0
0
0
23
77
159
221
229
182
101
36
8
2
1
1
1
1
1
1
1
1
2
6
25
80
161
220
228
179
99
34
0
0
0
0
23
77
159
221
229
182
101
36
9
3
2
1
1
1
1
1
1
2
3
10
37
99
177
226
221
164
84
27
0
0
0
0
23
77
159
221
229
182
102
37
10
5
4
4
4
4
4
4
4
5
9
23
62
130
199
230
208
141
65
19
0
0
0
0
23
77
159
220
230
185
107
46
21
16
15
15
15
15
15
15
16
19
31
58
107
170
219
226
185
112
45
12
0
0
0
0
23
77
159
221
232
195
131
79
59
55
54
54
54
54
54
55
56
64
85
121
167
209
228
208
150
77
26
6
0
0
0
0
23
77
159
222
238
217
176
143
130
128
127
127
127
127
127
128
129
138
159
190
216
228
215
170
104
45
13
3
0
0
0
0
23
77
159
222
245
239
223
209
204
203
202
202
202
202
203
203
204
208
219
230
229
210
171
115
59
20
5
1
0
0
0
0
23
77
159
223
247
248
242
237
234
234
234
234
234
234
235
237
240
243
244
235
207
161
108
60
25
8
2
1
0
0
0
0
23
77
159
222
245
240
225
212
207
206
206
206
206
207
210
218
232
244
245
226
180
117
61
25
8
3
1
1
0
0
0
0
23
77
159
222
239
218
178
145
132
130
130
130
130
130
136
154
186
217
234
224
181
116
55
19
5
2
1
1
0
0
0
0
23
77
159
221
233
196
130
78
56
52
51
51
51
52
58
78
116
163
205
223
205
155
90
38
11
3
1
1
0
0
0
0
23
77
159
221
230
185
106
44
18
12
12
11
11
12
15
26
53
98
156
205
223
198
139
72
25
6
1
1
0
0
0
0
23
77
159
221
229
182
101
36
9
3
2
2
2
2
3
6
18
47
101
168
216
223
182
111
46
12
3
1
0
0
0
0
23
77
159
221
229
182
101
36
9
3
1
1
1
1
1
2
6
20
59
125
194
227
210
147
72
23
5
1
0
0
0
0
23
77
159
221
229
182
101
36
8
2
1
1
1
1
1
1
2
9
33
90
167
221
225
178
101
38
9
2
0
0
0
0
23
77
159
221
229
182
101
36
8
2
1
1
0
1
1
1
2
4
20
65
140
208
231
201
129
56
16
3
0
0
0
0
23
77
159
221
229
182
101
36
8
2
1
1
0
0
1
1
1
3
12
46
114
190
230
216
154
76
24
5
0
0
0
0
23
77
159
221
229
182
101
36
8
2
1
1
0
0
0
1
1
2
7
31
88
167
222
226
176
96
34
8
0
0
0
0
23
77
159
221
229
182
101
36
8
2
1
1
0
0
0
1
1
1
4
20
66
143
210
230
195
119
49
13
0
0
0
0
23
77
159
220
229
182
101
36
8
2
1
1
0
0
0
0
1
1
3
13
49
119
195
230
211
144
68
20
0
0
0
0
23
77
158
220
229
182
101
36
8
2
1
1
0
0
0
0
1
1
2
8
35
97
176
225
222
168
90
31
0
0
0
0
23
76
158
219
227
181
101
36
8
2
1
1
0
0
0
0
1
1
1
5
24
76
155
216
228
188
111
42
0
0
0
0
23
76
155
214
222
178
99
35
8
2
1
1
0
0
0
0
0
1
1
3
16
57
131
199
225
197
126
52
0
0
0
0
21
69
140
192
199
160
90
32
7
2
1
1
0
0
0
0
0
1
1
2
10
40
101
168
200
183
123
54
0
0
0
0
15
50
101
138
144
115
65
23
5
1
1
1
0
0
0
0
0
1
1
1
5
23
65
115
142
134
92
41
0
0
0
0
8
25
51
70
72
58
33
12
3
1
1
1
0
0
0
0
0
1
1
1
2
10
30
56
71
68
47
21
0
0
0
0
0
0
0
0
0
0
0
0
0
0
0
0
0
0
0
0
0
0
0
0
0
0
0
0
0
0
0
0
0
0
0
0
0
0
0
0
0
0
0
0
0
0
0
0
0
0
0
0
0
0
0
0
0
0
0
0
0
0
0
0
0
0
