27
36
0
0
0
0
0
0
0
0
0
0
0
0
0
0
0
0
0
0
0
0
0
0
0
0
0
0
0
0
0
0
0
0
0
0
0
0
0
0
0
0
0
0
0
0
0
0
0
0
0
0
0
0
0
0
0
0
15
37
56
64
65
65
65
65
65
65
65
65
65
65
65
61
49
31
16
7
2
1
1
0
0
0
0
35
84
128
147
150
151
151
151
151
151
151
151
151
151
150
143
124
93
59
29
10
3
1
0
0
0
0
51
123
187
214
218
217
216
216
216
216
216
216
216
216
216
213
200
172
130
78
33
10
2
0
0
0
0
56
137
209
237
234
222
215
213
213
213
213
213
213
213
216
223
229
223
196
142
76
27
6
0
0
0
0
57
139
212
233
209
172
150
144
143
143
143
143
143
144
151
171
201
225
228
194
127
57
16
0
0
0
0
57
139
211
223
176
110
71
60
58
58
57
58
58
59
67
91
134
186
224
222
170
90
29
0
0
0
0
57
139
210
218
160
79
30
16
14
13
13
13
13
14
18
33
69
131
197
227
197
119
45
0
0
0
0
57
139
210
217
157
72
20
5
3
2
2
2
2
2
4
9
31
86
166
220
211
142
60
0
0
0
0
57
139
210
218
157
71
20
4
2
1
1
1
1
1
2
4
16
61
142
211
217
157
72
0
0
0
0
57
139
210
217
156
71
19
4
2
1
0
0
0
1
1
3
12
51
130
205
220
165
79
0
0
0
0
57
139
210
217
156
71
19
4
2
1
0
0
0
1
1
2
12
50
129
204
220
166
80
0
0
0
0
57
139
210
218
157
71
19
4
2
1
1
1
1
1
2
3
15
57
138
208
217
158
73
0
0
0
0
57
139
210
218
157
71
20
5
3
2
2
2
2
2
3
7
25
77
158
216
209
140
60
0
0
0
0
57
139
210
218
158
75
25
11
9
8
8
8
8
9
12
23
54
116
187
221
191
114
43
0
0
0
0
57
139
211
221
170
97
53
41
40
39
39
39
39
41
48
71
114
170
214
213
158
80
25
0
0
0
0
57
139
212
230
198
150
121
113
113
112
112
112
113
115
125
150
185
213
217
179
111
46
12
0
0
0
0
57
139
213
241
232
212
200
197
196
196
196
196
197
198
204
216
224
214
179
122
61
20
4
0
0
0
0
57
139
214
244
243
232
226
224
224
224
224
225
228
234
240
240
221
175
116
61
24
6
1
0
0
0
0
57
139
213
238
223
196
180
175
175
175
175
177
188
209
231
236
208
147
78
30
8
2
1
0
0
0
0
57
139
211
227
187
128
93
83
82
82
82
85
102
138
183
216
213
166
97
39
11
2
1
0
0
0
0
57
139
210
220
163
84
37
23
22
21
21
23
34
63
113
172
210
201
147
76
26
5
1
0
0
0
0
57
139
210
218
157
72
21
6
4
3
3
3
7
20
54
116
183
216
191
120
50
13
2
0
0
0
0
57
139
210
218
157
71
19
4
2
1
1
1
2
5
22
69
143
207
214
159
79
25
5
0
0
0
0
57
139
210
217
157
71
19
4
2
1
1
1
1
2
9
40
108
186
221
189
111
41
9
0
0
0
0
57
139
210
217
156
71
19
4
2
1
0
1
1
1
5
24
80
161
217
208
140
60
15
0
0
0
0
57
139
210
217
156
71
19
4
2
1
0
0
1
1
3
15
56
134
205
218
165
81
24
0
0
0
0
57
139
210
217
157
71
19
4
2
1
0
0
1
1
2
9
38
107
187
221
186
105
37
0
0
0
0
57
139
210
217
156
71
19
4
2
1
0
0
1
1
2
5
25
83
166
218
204
132
55
0
0
0
0
56
139
209
217
156
71
19
4
2
1
0
0
1
1
1
3
16
62
142
209
216
158
75
0
0
0
0
56
137
206
213
154
70
19
4
2
1
0
0
0
1
1
2
10
45
117
192
217
174
93
0
0
0
0
51
122
184
190
137
63
17
3
1
1
0
0
0
1
1
2
6
29
87
159
193
165
94
0
0
0
0
35
84
126
130
95
44
12
2
1
1
0
0
0
1
1
1
3
16
52
102
131
116
69
0
0
0
0
0
0
0
0
0
0
0
0
0
0
0
0
0
0
0
0
0
0
0
0
0
0
0
0
0
0
0
0
0
0
0
0
0
0
0
0
0
0
0
0
0
0
0
0
0
0
0
0
0
0
0
0
