28
37
0
0
0
0
0
0
0
0
0
0
0
0
0
0
0
0
0
0
0
0
0
0
0
0
0
0
0
0
0
0
0
0
0
0
0
0
0
0
0
0
0
0
0
0
0
0
0
0
0
0
0
0
0
0
0
0
0
0
8
25
47
61
65
65
65
65
65
65
65
65
65
65
65
65
65
65
65
65
64
59
43
21
0
0
0
0
18
57
108
140
150
151
151
151
151
151
151
151
151
151
151
151
151
151
151
150
148
136
99
49
0
0
0
0
26
82
155
201
214
216
216
216
216
216
216
216
216
216
216
216
216
217
218
219
216
198
145
71
0
0
0
0
26
80
152
198
211
213
213
213
213
213
213
213
213
213
213
213
216
224
236
243
242
219
157
75
0
0
0
0
17
53
102
132
142
143
143
143
143
143
143
143
143
143
143
146
157
186
221
242
241
210
142
64
0
0
0
0
7
21
41
53
57
57
57
57
57
57
57
58
58
58
60
70
102
156
210
236
225
177
105
42
0
0
0
0
2
5
10
12
13
13
13
13
13
13
13
13
14
15
22
49
105
172
220
228
192
126
60
19
0
0
0
0
1
1
2
2
2
2
2
2
2
2
2
2
3
8
29
79
148
207
228
204
143
74
26
7
0
0
0
0
1
1
1
1
1
1
1
1
1
1
1
2
5
21
63
130
194
226
213
160
90
35
10
2
0
0
0
0
0
0
0
0
0
0
0
0
1
1
1
3
15
50
113
181
222
220
174
105
46
14
3
1
0
0
0
0
0
0
0
0
0
0
0
1
1
1
2
10
39
97
168
218
225
187
121
57
18
5
2
1
0
0
0
0
0
0
0
0
0
0
0
1
1
1
7
30
82
153
210
228
201
138
70
24
6
2
1
1
0
0
0
0
0
0
0
0
0
0
1
1
1
5
23
68
138
201
229
211
154
85
32
9
3
1
1
1
0
0
0
0
0
0
0
0
0
1
1
1
4
17
56
122
191
229
221
170
100
41
12
3
1
1
1
0
0
0
0
0
0
0
0
0
1
1
1
3
13
45
106
177
225
228
187
118
53
16
4
1
1
1
1
0
0
0
0
0
0
0
0
1
1
1
3
10
35
90
162
218
232
200
134
66
22
6
2
1
1
1
0
0
0
0
0
0
0
0
1
1
1
2
7
26
74
144
207
233
212
151
80
29
8
2
1
1
1
0
0
0
0
0
0
0
0
1
1
1
2
5
20
60
126
193
230
221
169
96
38
10
2
1
1
1
0
0
0
0
0
0
0
0
0
1
1
1
4
14
47
109
178
224
226
184
113
49
14
3
1
1
1
0
0
0
0
0
0
0
0
0
1
1
1
3
10
36
92
162
216
229
195
129
61
19
4
1
1
1
0
0
0
0
0
0
0
0
0
0
1
1
2
7
28
76
145
205
229
205
144
74
25
6
1
1
1
0
0
0
0
0
0
0
0
0
0
0
1
2
5
21
63
129
194
226
214
160
90
34
8
2
1
1
1
0
0
0
0
0
0
0
0
0
0
0
1
4
16
51
113
181
223
220
175
105
45
12
3
1
1
1
0
0
0
0
0
0
0
0
0
0
0
0
3
12
41
98
167
216
224
188
122
57
18
4
1
1
1
0
0
0
0
0
0
0
0
0
0
0
0
0
8
32
84
153
209
227
200
139
71
25
6
2
1
1
1
1
1
1
1
1
1
1
1
1
0
0
0
0
23
68
137
200
228
211
156
86
34
10
4
2
2
2
2
2
2
2
2
2
2
2
2
1
0
0
0
0
53
118
186
227
223
178
111
54
25
16
14
13
13
13
13
13
13
13
13
13
13
13
11
7
0
0
0
0
92
167
221
237
215
162
106
72
61
58
58
58
57
57
57
57
57
57
57
57
57
55
47
29
0
0
0
0
125
199
238
243
225
190
160
146
143
143
143
143
143
143
143
143
143
143
143
143
142
137
116
72
0
0
0
0
138
208
239
244
237
225
216
213
213
213
213
213
213
213
213
213
213
213
213
213
212
205
173
108
0
0
0
0
126
188
214
219
219
217
216
216
216
216
216
216
216
216
216
216
216
216
216
216
215
208
176
110
0
0
0
0
87
129
147
150
151
151
151
151
151
151
151
151
151
151
151
151
151
151
151
151
150
145
123
77
0
0
0
0
38
56
64
65
65
65
65
65
65
65
65
65
65
65
65
65
65
65
65
65
65
63
53
33
0
0
0
0
0
0
0
0
0
0
0
0
0
0
0
0
0
0
0
0
0
0
0
0
0
0
0
0
0
0
0
0
0
0
0
0
0
0
0
0
0
0
0
0
0
0
0
0
0
0
0
0
0
0
0
0
0
0
