32
45
0
0
0
0
0
0
0
0
0
0
0
0
0
0
0
0
0
0
0
0
0
0
0
0
0
0
0
0
0
0
0
0
0
0
0
0
0
0
0
0
0
0
0
0
0
0
0
0
0
0
0
0
0
0
0
0
0
0
0
0
0
0
0
0
0
0
3
9
17
23
25
25
25
25
25
25
25
25
25
25
25
25
25
25
25
25
25
25
25
25
25
22
16
9
0
0
0
0
10
29
53
71
78
80
80
80
80
80
80
80
80
80
80
80
80
80
80
80
80
80
80
79
78
71
53
28
0
0
0
0
20
57
106
142
156
158
158
158
158
158
158
158
158
158
158
158
158
158
158
158
158
158
158
158
155
141
105
56
0
0
0
0
28
79
147
195
214
218
218
218
218
218
218
218
218
218
218
218
218
218
218
218
219
219
219
219
215
195
146
78
0
0
0
0
29
82
153
204
224
228
228
228
228
228
228
228
228
228
228
228
228
228
228
229
233
239
243
244
240
216
160
85
0
0
0
0
23
66
123
164
180
184
184
184
184
184
184
184
184
184
184
184
184
184
185
191
205
226
242
248
242
214
154
79
0
0
0
0
13
38
71
95
104
106
106
106
106
106
106
106
106
106
106
106
107
108
112
129
164
206
236
245
233
195
130
62
0
0
0
0
5
14
26
35
38
39
39
39
39
39
39
39
39
39
39
39
40
44
58
94
148
203
234
237
211
158
92
39
0
0
0
0
2
4
6
8
9
9
9
9
9
9
9
9
9
9
9
10
13
24
55
110
173
219
235
219
173
109
52
18
0
0
0
0
1
1
2
2
2
2
2
2
2
2
2
2
2
2
3
5
13
38
88
153
207
233
226
187
126
64
24
7
0
0
0
0
1
1
1
1
1
1
1
1
1
1
1
1
1
1
3
9
29
72
135
195
229
231
200
142
79
32
10
3
0
0
0
0
1
1
1
1
1
1
1
1
1
1
1
1
1
2
5
21
59
119
181
223
233
209
157
93
41
14
4
2
0
0
0
0
0
0
0
0
0
0
0
0
0
0
1
1
1
3
15
47
104
168
216
234
218
171
108
51
18
5
2
1
0
0
0
0
0
0
0
0
0
0
0
0
0
1
1
1
2
10
36
87
153
208
234
226
185
123
62
23
7
2
1
1
0
0
0
0
0
0
0
0
0
0
0
0
1
1
1
2
8
28
74
138
198
231
231
199
140
76
30
9
3
1
1
1
0
0
0
0
0
0
0
0
0
0
0
1
1
1
1
5
21
61
124
187
227
235
209
156
91
40
13
4
2
1
1
1
0
0
0
0
0
0
0
0
0
0
1
1
1
1
4
16
49
108
174
222
237
219
171
106
50
18
5
2
1
1
1
0
0
0
0
0
0
0
0
0
0
1
1
1
1
3
13
40
93
159
214
238
228
186
123
61
23
7
3
1
1
1
1
0
0
0
0
0
0
0
0
0
1
1
1
1
3
10
32
79
144
203
235
234
199
140
76
30
9
3
1
1
1
1
0
0
0
0
0
0
0
0
0
1
1
1
1
3
7
25
65
127
191
231
238
211
155
90
39
12
4
2
1
1
1
0
0
0
0
0
0
0
0
0
1
1
1
1
2
6
18
53
111
175
223
239
221
171
105
48
16
5
2
1
1
1
0
0
0
0
0
0
0
0
0
0
1
1
1
2
4
14
41
94
159
213
238
229
187
122
60
22
6
2
1
1
1
1
0
0
0
0
0
0
0
0
0
1
1
1
2
3
10
32
78
142
201
234
234
200
140
74
29
8
2
1
1
1
1
0
0
0
0
0
0
0
0
0
0
1
1
1
3
7
24
64
126
188
228
236
210
155
89
37
11
3
1
1
1
1
0
0
0
0
0
0
0
0
0
0
1
1
1
2
5
18
51
108
174
221
236
218
168
102
46
15
3
1
1
1
1
0
0
0
0
0
0
0
0
0
0
0
1
1
2
4
14
41
93
157
210
235
225
182
118
57
19
5
1
1
1
1
0
0
0
0
0
0
0
0
0
0
0
0
1
1
3
10
33
79
143
200
231
230
195
135
71
26
7
2
1
1
1
0
0
0
0
0
0
0
0
0
0
0
0
0
1
2
8
25
66
127
188
226
232
205
149
85
35
11
3
1
1
1
0
0
0
0
0
0
0
0
0
0
0
0
0
0
2
6
20
54
111
174
219
233
214
164
100
45
15
4
1
1
1
0
0
0
0
0
0
0
0
0
0
0
0
0
0
0
4
15
45
98
161
211
233
221
179
116
57
20
6
2
1
1
1
1
1
1
1
1
1
1
1
1
1
1
0
0
0
0
11
35
83
148
203
231
228
192
132
70
28
9
3
2
1
1
1
1
1
1
1
1
1
1
1
1
1
1
0
0
0
0
26
68
131
192
228
232
204
149
85
37
13
5
3
2
2
2
2
2
2
2
2
2
2
2
2
2
2
2
0
0
0
0
54
113
177
222
236
216
168
106
52
23
13
10
9
9
9
9
9
9
9
9
9
9
9
9
9
9
8
5
0
0
0
0
92
159
213
238
234
200
144
90
57
43
40
39
39
39
39
39
39
39
39
39
39
39
39
39
39
37
32
21
0
0
0
0
127
194
233
245
235
204
162
128
112
108
107
106
106
106
106
106
106
106
106
106
106
106
106
106
106
102
87
58
0
0
0
0
148
211
241
248
242
226
205
190
185
184
184
184
184
184
184
184
184
184
184
184
184
184
184
184
183
177
152
102
0
0
0
0
152
212
239
244
243
239
233
229
228
228
228
228
228
228
228
228
228
228
228
228
228
228
228
228
227
220
189
127
0
0
0
0
138
191
214
219
220
219
219
218
218
218
218
218
218
218
218
218
218
218
218
218
218
218
218
218
217
210
181
122
0
0
0
0
100
138
154
158
158
159
159
158
158
158
158
158
158
158
158
158
158
158
158
158
158
158
158
158
158
152
131
88
0
0
0
0
50
70
78
80
80
80
80
80
80
80
80
80
80
80
80
80
80
80
80
80
80
80
80
80
79
77
66
44
0
0
0
0
16
22
25
25
25
25
25
25
25
25
25
25
25
25
25
25
25
25
25
25
25
25
25
25
25
24
21
14
0
0
0
0
0
0
0
0
0
0
0
0
0
0
0
0
0
0
0
0
0
0
0
0
0
0
0
0
0
0
0
0
0
0
0
0
0
0
0
0
0
0
0
0
0
0
0
0
0
0
0
0
0
0
0
0
0
0
0
0
0
0
0
0
0
0
