32
37
0
0
0
0
0
0
0
0
0
0
0
0
0
0
0
0
0
0
0
0
0
0
0
0
0
0
0
0
0
0
0
0
0
0
0
0
0
0
0
0
0
0
0
0
0
0
0
0
0
0
0
0
0
0
0
0
0
0
0
0
0
0
0
0
0
0
9
24
45
60
66
67
67
67
67
67
67
67
67
67
67
67
67
67
67
67
67
67
67
67
66
60
45
24
0
0
0
0
19
54
100
134
147
149
149
149
149
149
149
149
149
149
149
149
149
149
149
149
149
149
149
149
146
133
99
53
0
0
0
0
27
76
142
189
208
212
212
212
212
212
212
212
212
212
212
212
212
212
212
212
214
215
216
216
212
193
143
76
0
0
0
0
26
75
139
186
205
209
209
209
209
209
209
209
209
209
209
209
209
209
210
213
221
232
241
244
238
213
156
81
0
0
0
0
18
50
94
126
139
141
142
142
142
142
142
142
142
142
142
142
142
143
147
159
185
217
239
246
237
202
140
69
0
0
0
0
8
21
40
53
58
59
59
59
59
59
59
59
59
60
60
60
61
65
78
109
157
206
235
238
215
166
101
45
0
0
0
0
2
6
10
13
14
15
15
15
15
15
15
15
15
15
15
16
19
32
63
115
174
218
234
218
173
112
56
21
0
0
0
0
1
1
2
2
2
2
2
2
2
2
2
2
2
3
3
6
17
46
97
159
209
230
220
179
119
61
24
8
0
0
0
0
1
1
1
1
1
1
1
1
1
1
1
1
1
1
4
14
41
90
151
203
229
222
183
125
67
27
8
3
0
0
0
0
0
0
0
0
0
0
0
0
0
0
1
1
1
3
12
37
85
146
199
227
223
187
130
71
30
10
3
1
0
0
0
0
0
0
0
0
0
0
0
0
1
1
1
1
3
10
34
80
141
197
227
225
191
134
75
32
11
3
1
1
0
0
0
0
0
0
0
0
0
0
0
0
1
1
1
2
9
31
76
136
193
227
227
196
140
79
34
12
4
2
1
1
0
0
0
0
0
0
0
0
0
0
0
1
1
1
2
8
29
72
133
191
226
229
200
146
85
38
13
4
2
1
1
1
0
0
0
0
0
0
0
0
0
1
1
1
1
2
8
27
67
128
188
226
232
205
151
89
41
15
5
2
1
1
1
0
0
0
0
0
0
0
0
0
1
1
1
1
2
8
25
64
123
184
225
234
210
158
96
44
16
5
2
1
1
1
1
0
0
0
0
0
0
0
0
1
1
1
1
2
7
23
60
118
179
223
235
213
163
101
48
17
5
2
1
1
1
1
0
0
0
0
0
0
0
0
1
1
1
1
2
7
21
56
111
173
219
236
217
169
106
51
19
6
2
1
1
1
1
0
0
0
0
0
0
0
0
1
1
1
1
2
6
19
51
105
167
215
235
221
175
113
56
20
6
2
1
1
1
1
0
0
0
0
0
0
0
0
0
1
1
1
2
5
17
47
99
160
210
233
222
180
119
60
23
6
2
1
1
1
1
0
0
0
0
0
0
0
0
0
1
1
1
2
5
15
42
92
154
206
231
223
183
123
64
25
7
2
1
1
1
0
0
0
0
0
0
0
0
0
0
0
1
1
2
4
14
39
86
148
201
229
224
187
127
67
26
8
2
1
1
1
0
0
0
0
0
0
0
0
0
0
0
0
1
1
4
12
36
82
143
197
227
225
190
133
72
29
8
2
1
1
1
1
0
0
0
0
0
0
0
0
0
0
0
0
1
4
11
34
78
138
193
225
225
193
138
77
32
10
3
1
1
1
0
0
0
0
0
0
0
0
0
0
0
0
0
0
3
10
32
75
133
189
223
226
197
143
82
36
12
3
1
1
1
0
0
0
0
0
0
0
0
0
0
0
0
0
0
0
9
29
71
130
187
222
228
201
148
88
40
14
4
2
1
1
1
1
1
1
1
1
1
1
1
1
1
1
0
0
0
0
26
65
124
183
222
229
206
155
94
45
17
7
3
3
2
2
2
2
2
2
2
2
2
2
2
2
2
2
0
0
0
0
58
115
177
220
234
216
170
111
60
31
20
16
15
15
15
15
15
15
15
15
15
15
15
15
15
14
12
8
0
0
0
0
100
166
216
239
235
203
154
106
76
64
61
60
60
60
59
59
59
59
59
59
59
59
59
59
59
57
49
33
0
0
0
0
135
201
236
246
239
215
183
158
146
143
142
142
142
142
142
142
142
142
142
142
142
142
142
142
141
136
116
78
0
0
0
0
149
210
238
243
241
232
221
213
210
209
209
209
209
209
209
209
209
209
209
209
209
209
209
209
208
201
172
115
0
0
0
0
136
189
211
216
216
215
214
213
212
212
212
212
212
212
212
212
212
212
212
212
212
212
212
212
211
204
175
118
0
0
0
0
94
130
146
149
149
150
150
149
149
149
149
149
149
149
149
149
149
149
149
149
149
150
150
150
149
144
123
83
0
0
0
0
43
59
66
67
67
67
67
67
67
67
67
67
67
67
67
67
67
67
67
67
67
67
67
67
67
65
56
37
0
0
0
0
0
0
0
0
0
0
0
0
0
0
0
0
0
0
0
0
0
0
0
0
0
0
0
0
0
0
0
0
0
0
0
0
0
0
0
0
0
0
0
0
0
0
0
0
0
0
0
0
0
0
0
0
0
0
0
0
0
0
0
0
0
0
