33
49
0
0
0
0
0
0
0
0
0
0
0
0
0
0
0
0
0
0
0
0
0
0
0
0
0
0
0
0
0
0
0
0
0
0
0
0
0
0
0
0
0
0
0
0
0
0
0
0
0
0
0
0
0
0
0
0
0
0
0
0
0
0
0
0
0
0
0
0
2
5
15
28
38
42
42
42
42
42
42
42
42
42
42
42
42
42
42
42
42
42
42
42
42
42
38
28
15
0
0
0
0
3
14
38
72
96
106
107
107
107
107
107
107
107
107
107
107
107
107
107
107
107
107
107
107
107
105
96
71
38
0
0
0
0
6
23
65
122
162
178
181
181
181
181
181
181
181
181
181
181
181
181
181
181
181
181
181
181
181
178
161
121
65
0
0
0
0
7
29
83
154
205
225
229
229
229
229
229
229
229
229
229
229
229
229
229
229
229
229
230
230
229
225
205
153
82
0
0
0
0
7
30
84
157
209
230
233
234
234
234
234
234
234
234
234
234
234
234
234
234
235
238
242
246
247
242
219
163
86
0
0
0
0
6
24
69
129
173
190
193
194
194
194
194
194
194
194
194
194
194
194
194
195
199
211
229
243
248
243
217
157
81
0
0
0
0
4
15
43
80
108
119
121
121
121
121
121
121
121
121
121
121
121
122
122
125
138
168
207
236
247
238
203
138
67
0
0
0
0
2
6
18
33
45
49
50
50
50
50
50
50
50
50
50
50
50
51
53
63
92
143
198
233
241
222
173
105
46
0
0
0
0
1
2
5
9
12
13
13
13
13
13
13
13
13
13
13
13
14
15
22
45
93
157
210
236
230
192
130
67
25
0
0
0
0
1
1
1
2
3
3
3
3
3
3
3
3
3
3
3
4
5
9
25
66
129
191
229
235
208
152
86
35
11
0
0
0
0
1
1
1
1
1
2
2
2
2
2
2
2
2
2
2
2
5
15
47
104
171
220
237
221
174
108
49
16
5
0
0
0
0
1
1
1
1
1
1
1
1
1
1
1
1
1
1
1
3
9
33
81
147
205
234
229
192
130
67
25
7
2
0
0
0
0
0
0
0
0
0
0
0
0
0
0
0
0
1
1
2
6
22
63
125
188
227
234
207
152
86
36
11
3
2
0
0
0
0
0
0
0
0
0
0
0
0
0
0
0
1
1
1
3
14
46
104
170
219
236
220
172
106
49
17
5
2
1
0
0
0
0
0
0
0
0
0
0
0
0
0
0
1
1
1
2
8
31
81
149
207
235
229
191
127
65
24
7
2
1
1
0
0
0
0
0
0
0
0
0
0
0
0
0
1
1
1
1
5
22
63
127
191
230
236
208
151
84
34
10
3
1
1
1
0
0
0
0
0
0
0
0
0
0
0
0
0
1
1
1
3
15
47
106
174
222
238
221
172
106
48
16
5
2
1
1
1
0
0
0
0
0
0
0
0
0
0
0
0
1
1
1
2
9
34
85
154
211
238
230
191
128
65
24
7
2
1
1
1
0
0
0
0
0
0
0
0
0
0
0
0
1
1
1
2
6
24
66
131
196
234
238
208
150
83
34
10
3
1
1
1
1
0
0
0
0
0
0
0
0
0
0
0
1
1
1
2
4
16
50
110
177
225
241
223
173
106
47
15
4
2
1
1
1
0
0
0
0
0
0
0
0
0
0
0
1
1
1
1
3
11
37
89
157
214
240
232
192
128
65
24
7
2
1
1
1
0
0
0
0
0
0
0
0
0
0
0
1
1
1
1
3
8
26
69
133
197
235
239
209
150
83
34
10
3
1
1
1
1
0
0
0
0
0
0
0
0
0
0
0
1
1
1
2
5
17
51
110
177
225
241
223
173
104
47
15
4
2
1
1
1
0
0
0
0
0
0
0
0
0
0
0
1
1
1
2
4
11
36
87
155
211
239
233
193
128
63
22
6
2
1
1
1
1
0
0
0
0
0
0
0
0
0
0
1
1
1
1
3
8
25
67
131
194
233
239
211
152
83
33
9
3
1
1
1
1
0
0
0
0
0
0
0
0
0
0
0
1
1
1
2
5
17
50
109
175
223
239
223
173
105
46
14
4
1
1
1
1
0
0
0
0
0
0
0
0
0
0
0
1
1
1
2
4
11
35
87
154
210
237
230
190
126
62
21
5
2
1
1
1
0
0
0
0
0
0
0
0
0
0
0
0
1
1
1
3
7
24
66
130
193
231
236
206
147
79
30
8
2
1
1
1
0
0
0
0
0
0
0
0
0
0
0
0
1
1
1
2
5
17
50
108
173
221
237
219
169
101
43
13
3
1
1
1
1
0
0
0
0
0
0
0
0
0
0
0
0
1
1
1
3
11
37
88
154
209
235
228
188
124
61
21
5
1
1
1
1
0
0
0
0
0
0
0
0
0
0
0
0
0
1
1
2
7
26
68
132
194
230
233
203
145
79
31
9
2
1
1
1
0
0
0
0
0
0
0
0
0
0
0
0
0
0
1
2
5
18
52
110
175
221
236
217
166
100
44
14
4
1
1
1
0
0
0
0
0
0
0
0
0
0
0
0
0
0
0
2
4
12
39
91
156
209
234
226
186
123
61
21
6
2
1
1
1
0
0
0
0
0
0
0
0
0
0
0
0
0
0
0
2
8
27
72
136
196
230
233
203
145
80
32
9
3
1
1
1
1
1
1
1
1
1
1
1
1
1
1
1
0
0
0
0
5
18
53
113
179
224
236
217
167
101
45
16
5
2
2
2
2
2
2
2
2
2
2
2
2
2
2
1
1
0
0
0
0
11
37
90
157
212
236
227
187
124
62
24
9
5
4
3
3
3
3
3
3
3
3
3
3
3
3
3
3
2
0
0
0
0
25
68
133
195
232
236
207
152
88
42
21
15
14
13
13
13
13
13
13
13
13
13
13
13
13
13
12
11
7
0
0
0
0
45
104
173
222
242
233
195
139
89
62
53
51
50
50
50
50
50
50
50
50
50
50
50
50
50
50
48
41
27
0
0
0
0
63
134
201
237
246
236
206
167
137
125
122
122
121
121
121
121
121
121
121
121
121
121
121
121
121
120
116
99
66
0
0
0
0
75
150
213
242
248
243
229
211
199
195
194
194
194
194
194
194
194
194
194
194
194
194
194
194
194
193
186
160
107
0
0
0
0
78
154
215
241
247
246
242
238
235
234
234
234
234
234
234
234
234
234
234
234
234
234
234
234
234
233
225
194
130
0
0
0
0
74
145
201
224
230
230
230
230
229
229
229
229
229
229
229
229
229
229
229
229
229
229
229
229
229
228
221
190
128
0
0
0
0
59
114
158
177
181
181
182
181
181
181
181
181
181
181
181
181
181
181
181
181
181
181
181
181
181
181
175
150
101
0
0
0
0
35
68
94
105
107
108
108
107
107
107
107
107
107
107
107
107
107
107
107
107
107
107
107
107
107
107
103
89
60
0
0
0
0
14
27
37
41
42
42
42
42
42
42
42
42
42
42
42
42
42
42
42
42
42
42
42
42
42
42
41
35
24
0
0
0
0
0
0
0
0
0
0
0
0
0
0
0
0
0
0
0
0
0
0
0
0
0
0
0
0
0
0
0
0
0
0
0
0
0
0
0
0
0
0
0
0
0
0
0
0
0
0
0
0
0
0
0
0
0
0
0
0
0
0
0
0
0
0
0
0
