28
45
0
0
0
0
0
0
0
0
0
0
0
0
0
0
0
0
0
0
0
0
0
0
0
0
0
0
0
0
0
0
0
0
0
0
0
0
0
0
0
0
0
0
0
0
0
0
0
0
0
0
0
0
0
0
0
0
0
0
4
10
18
23
25
25
25
25
25
25
25
25
25
25
25
25
25
25
25
25
25
22
16
8
0
0
0
0
11
31
57
73
79
79
80
80
80
80
80
80
80
80
80
80
80
80
80
80
78
71
52
26
0
0
0
0
21
61
113
146
157
158
158
158
158
158
158
158
158
158
158
158
158
158
158
158
156
141
104
52
0
0
0
0
29
84
156
201
216
218
218
218
218
218
218
218
218
218
218
218
218
219
219
219
216
196
144
73
0
0
0
0
30
88
163
211
226
228
228
228
228
228
228
228
228
228
228
228
230
233
240
243
241
218
159
79
0
0
0
0
24
70
131
169
182
184
184
184
184
184
184
184
184
184
184
185
191
207
229
244
243
217
153
74
0
0
0
0
14
40
75
98
105
106
106
106
106
106
106
106
106
106
107
112
129
166
211
238
236
200
132
59
0
0
0
0
5
15
28
36
38
39
39
39
39
39
39
39
39
40
42
55
91
150
207
233
219
167
96
38
0
0
0
0
2
4
7
8
9
9
9
9
9
9
9
9
9
11
19
47
103
171
219
226
190
123
58
19
0
0
0
0
1
1
2
2
2
2
2
2
2
2
2
2
3
8
26
73
142
203
228
208
150
79
29
8
0
0
0
0
1
1
1
1
1
1
1
1
1
1
1
2
4
16
51
114
182
224
221
175
105
45
13
3
0
0
0
0
1
1
1
1
1
1
1
1
1
1
1
2
9
34
88
158
212
226
195
131
64
22
6
2
0
0
0
0
0
0
0
0
0
0
0
0
1
1
1
5
21
65
134
197
227
211
156
86
34
9
3
1
0
0
0
0
0
0
0
0
0
0
0
1
1
1
3
12
45
107
178
222
223
179
110
49
15
4
1
1
0
0
0
0
0
0
0
0
0
0
0
1
1
2
7
30
83
154
211
229
200
137
68
24
6
2
1
1
0
0
0
0
0
0
0
0
0
0
1
1
1
4
19
61
130
196
228
216
162
92
37
10
3
1
1
1
0
0
0
0
0
0
0
0
0
1
1
1
2
12
43
104
176
223
227
186
117
53
17
4
1
1
1
0
0
0
0
0
0
0
0
0
1
1
1
2
7
29
79
151
211
232
207
144
74
26
7
2
1
1
1
0
0
0
0
0
0
0
0
0
1
1
1
5
19
58
126
194
230
221
170
99
40
12
3
1
1
1
0
0
0
0
0
0
0
0
0
1
1
1
3
12
40
99
171
222
230
193
125
58
19
5
1
1
1
0
0
0
0
0
0
0
0
0
1
1
1
2
7
26
74
144
207
233
212
151
79
29
8
2
1
1
1
0
0
0
0
0
0
0
0
1
1
1
1
4
16
52
117
186
228
225
178
105
44
12
3
1
1
1
0
0
0
0
0
0
0
0
0
1
1
1
3
10
36
90
162
217
231
199
133
64
20
5
1
1
1
0
0
0
0
0
0
0
0
0
1
1
1
2
6
23
67
136
200
230
214
158
86
32
8
2
1
1
1
0
0
0
0
0
0
0
0
0
1
1
1
4
14
47
108
178
223
224
180
110
47
13
3
1
1
1
0
0
0
0
0
0
0
0
0
0
1
1
2
9
32
83
153
210
228
200
136
66
21
5
1
1
1
0
0
0
0
0
0
0
0
0
0
0
1
2
5
21
62
128
193
226
215
162
90
34
8
2
1
1
1
0
0
0
0
0
0
0
0
0
0
0
1
3
13
43
103
173
219
224
184
115
52
15
3
1
1
1
0
0
0
0
0
0
0
0
0
0
0
0
2
8
30
79
148
206
227
203
141
72
25
6
2
1
1
0
0
0
0
0
0
0
0
0
0
0
0
0
5
19
59
124
189
224
216
166
97
39
11
3
1
1
1
1
1
1
1
1
1
1
1
1
0
0
0
0
12
41
99
169
218
225
189
123
58
19
5
2
1
1
1
1
1
1
1
1
1
1
1
1
0
0
0
0
26
74
144
204
228
207
149
80
31
9
4
2
2
2
2
2
2
2
2
2
2
2
2
1
0
0
0
0
51
116
184
225
222
177
109
51
21
12
10
9
9
9
9
9
9
9
9
9
9
9
7
5
0
0
0
0
85
158
215
234
212
156
96
57
43
40
39
39
39
39
39
39
39
39
39
39
39
37
31
20
0
0
0
0
116
190
233
240
216
172
132
113
108
107
106
106
106
106
106
106
106
106
106
106
106
102
85
53
0
0
0
0
135
206
240
245
232
210
193
186
184
184
184
184
184
184
184
184
184
184
184
184
183
176
148
93
0
0
0
0
139
207
238
243
240
234
230
229
228
228
228
228
228
228
228
228
228
228
228
228
227
219
184
116
0
0
0
0
126
186
213
219
219
219
218
218
218
218
218
218
218
218
218
218
218
218
218
218
217
209
176
111
0
0
0
0
91
135
154
158
159
159
158
158
158
158
158
158
158
158
158
158
158
158
158
158
158
152
128
80
0
0
0
0
46
68
77
80
80
80
80
80
80
80
80
80
80
80
80
80
80
80
80
80
79
76
64
40
0
0
0
0
15
21
24
25
25
25
25
25
25
25
25
25
25
25
25
25
25
25
25
25
25
24
20
13
0
0
0
0
0
0
0
0
0
0
0
0
0
0
0
0
0
0
0
0
0
0
0
0
0
0
0
0
0
0
0
0
0
0
0
0
0
0
0
0
0
0
0
0
0
0
0
0
0
0
0
0
0
0
0
0
0
0
