25
37
0
0
0
0
0
0
0
0
0
0
0
0
0
0
0
0
0
0
0
0
0
0
0
0
0
0
0
0
0
0
0
0
0
0
0
0
0
0
0
0
0
0
0
0
0
0
0
0
0
0
0
0
7
23
46
60
65
65
65
65
65
65
65
65
65
65
65
65
65
64
57
39
17
0
0
0
0
16
53
105
139
150
151
151
151
151
151
151
151
151
151
151
151
151
148
131
89
39
0
0
0
0
23
76
150
199
214
216
216
216
216
216
216
216
216
216
216
218
219
215
191
129
56
0
0
0
0
22
74
147
196
211
213
213
213
213
213
213
213
213
214
218
229
240
240
211
141
60
0
0
0
0
15
49
99
131
142
143
143
143
143
143
143
143
144
148
167
201
232
238
203
128
51
0
0
0
0
6
20
40
53
57
57
57
57
57
58
58
58
61
76
118
178
223
222
173
96
34
0
0
0
0
2
5
9
12
13
13
13
13
13
13
14
15
25
58
123
190
221
195
127
57
16
0
0
0
0
1
1
2
2
2
2
2
2
2
2
3
8
31
87
161
212
209
154
80
27
6
0
0
0
0
1
1
1
1
1
1
1
1
1
1
4
19
62
133
198
217
178
106
43
11
2
0
0
0
0
0
0
0
0
0
0
1
1
1
2
11
42
106
179
217
197
133
62
19
4
1
0
0
0
0
0
0
0
0
0
0
1
1
2
6
28
81
155
210
211
158
84
30
7
2
1
0
0
0
0
0
0
0
0
0
1
1
1
4
18
60
130
196
218
182
110
46
13
3
1
1
0
0
0
0
0
0
0
0
1
1
1
2
11
42
105
177
218
201
136
65
21
5
2
1
1
0
0
0
0
0
0
0
0
1
1
2
6
27
80
154
211
214
163
88
32
8
2
1
1
1
0
0
0
0
0
0
0
1
1
1
4
17
58
129
196
221
187
115
48
13
3
1
1
1
0
0
0
0
0
0
0
1
1
1
2
10
40
102
176
219
205
142
69
22
5
1
1
1
0
0
0
0
0
0
0
0
1
1
2
6
25
76
150
210
217
168
93
34
8
2
1
1
1
0
0
0
0
0
0
0
1
1
1
4
16
54
122
192
221
191
120
52
14
3
1
1
1
0
0
0
0
0
0
0
1
1
1
2
9
36
96
169
216
207
147
74
24
5
1
1
1
0
0
0
0
0
0
0
0
1
1
2
6
23
71
144
205
216
171
97
37
9
2
1
1
0
0
0
0
0
0
0
0
0
1
1
4
15
50
116
187
218
191
122
54
15
3
1
1
1
0
0
0
0
0
0
0
0
0
1
2
9
34
91
164
213
207
149
75
25
5
1
1
1
0
0
0
0
0
0
0
0
0
0
1
5
22
68
140
202
216
173
99
38
9
2
1
1
1
0
0
0
0
0
0
0
0
0
0
3
14
49
114
184
217
193
126
56
16
3
1
1
1
0
0
0
0
0
0
0
0
0
0
0
8
33
89
163
213
209
153
79
27
6
2
1
1
1
1
1
1
1
1
1
1
0
0
0
0
20
65
137
201
217
177
105
43
12
4
2
2
2
2
2
2
2
2
2
2
1
0
0
0
0
43
108
181
220
203
140
72
30
16
14
13
13
13
13
13
13
13
13
12
10
6
0
0
0
0
74
152
214
228
192
132
84
63
59
58
58
57
57
57
57
57
57
57
54
42
23
0
0
0
0
100
182
232
237
210
174
151
144
143
143
143
143
143
143
143
143
143
142
134
105
57
0
0
0
0
111
191
234
241
232
221
214
213
213
213
213
213
213
213
213
213
212
211
199
157
86
0
0
0
0
102
173
210
218
218
217
216
216
216
216
216
216
216
216
216
216
216
215
203
160
88
0
0
0
0
70
119
144
150
151
151
151
151
151
151
151
151
151
151
151
151
151
150
141
112
61
0
0
0
0
31
52
63
65
65
65
65
65
65
65
65
65
65
65
65
65
65
65
61
48
27
0
0
0
0
0
0
0
0
0
0
0
0
0
0
0
0
0
0
0
0
0
0
0
0
0
0
0
0
0
0
0
0
0
0
0
0
0
0
0
0
0
0
0
0
0
0
0
0
0
0
0
0
