31
24
0
0
0
0
0
0
0
0
0
0
0
0
0
0
0
0
0
0
0
0
0
0
0
0
0
0
0
0
0
0
0
0
0
0
0
0
0
0
0
0
0
0
0
0
0
0
0
0
0
0
0
0
0
0
0
0
0
0
0
0
0
0
0
0
24
55
73
74
59
35
24
35
59
74
74
59
35
20
20
35
66
105
147
171
171
147
105
65
30
9
1
0
0
0
0
55
124
167
171
147
109
91
109
147
171
171
147
109
85
85
109
151
190
221
236
236
221
190
146
85
30
5
0
0
0
0
73
167
225
236
221
197
185
197
221
236
236
221
197
182
182
196
217
229
236
240
243
246
240
211
142
58
12
0
0
0
0
78
178
240
255
251
243
237
233
236
239
240
240
240
240
241
240
227
200
183
182
198
226
246
236
175
81
19
0
0
0
0
74
171
236
255
255
251
232
201
183
178
183
201
232
251
255
241
195
128
88
85
113
167
219
236
196
109
35
0
0
0
0
59
147
221
251
255
241
195
128
88
78
89
132
201
244
251
222
152
71
27
20
42
95
167
221
216
147
59
0
0
0
0
35
109
197
244
251
222
152
71
27
16
31
89
183
241
244
197
109
35
5
1
9
42
113
197
225
171
74
0
0
0
0
20
85
182
241
244
197
109
35
5
0
16
78
178
240
241
182
85
20
1
0
1
20
85
182
225
178
78
0
0
0
0
16
78
178
240
241
182
85
20
1
0
16
78
178
240
240
178
78
16
0
0
0
16
78
178
224
178
78
0
0
0
0
16
78
178
240
240
178
78
16
0
0
16
78
178
240
240
178
78
16
0
0
0
16
78
178
224
178
78
0
0
0
0
16
78
178
240
240
178
78
16
0
0
16
78
178
240
240
178
78
16
0
0
0
16
78
178
224
178
78
0
0
0
0
16
78
178
240
240
178
78
16
0
0
16
78
178
240
240
178
78
16
0
0
0
16
78
178
224
178
78
0
0
0
0
16
78
178
240
240
178
78
16
0
0
16
78
178
240
240
178
78
16
0
0
0
16
78
178
224
178
78
0
0
0
0
16
78
178
240
240
178
78
16
0
0
16
78
178
240
240
178
78
16
0
0
0
16
78
178
224
178
78
0
0
0
0
16
78
178
240
240
178
78
16
0
0
16
78
178
240
240
178
78
16
0
0
0
15
74
171
221
181
85
0
0
0
0
15
74
171
236
240
182
85
20
1
0
15
74
171
236
240
182
85
20
1
0
0
12
59
147
210
192
109
0
0
0
0
12
59
147
221
240
197
109
35
5
0
12
59
147
221
240
197
109
35
5
0
0
5
35
108
187
199
137
0
0
0
0
5
35
109
197
240
221
147
59
12
0
5
34
104
185
225
206
136
55
11
0
0
1
19
76
151
168
121
0
0
0
0
1
19
80
170
225
221
160
70
15
0
1
15
61
128
167
163
117
51
11
0
0
0
12
48
93
93
61
0
0
0
0
0
12
55
124
167
167
124
55
12
0
0
5
24
55
73
73
55
24
5
0
0
0
5
20
36
29
15
0
0
0
0
0
0
0
0
0
0
0
0
0
0
0
0
0
0
0
0
0
0
0
0
0
0
0
0
0
0
0
0
0
0
0
0
0
0
0
0
0
0
0
0
0
0
0
0
0
0
0
0
0
0
0
0
0
0
0
0
0
0
0
0
