31
26
0
0
0
0
0
0
0
0
0
0
0
0
0
0
0
0
0
0
0
0
0
0
0
0
0
0
0
0
0
0
0
0
0
0
0
0
0
0
0
0
0
0
0
0
0
0
0
0
0
0
0
0
0
0
0
0
0
0
0
0
0
0
0
0
0
0
0
0
0
1
5
12
15
15
12
5
1
1
5
22
65
128
168
171
147
105
65
30
9
1
0
0
0
0
0
12
15
15
12
6
10
30
58
74
74
59
35
20
20
35
70
124
190
229
236
221
190
146
85
30
5
0
0
0
0
0
55
73
74
59
39
45
90
143
171
171
147
109
85
85
109
152
194
227
241
244
246
240
211
142
58
12
0
0
0
0
0
124
167
171
147
115
119
166
214
236
236
221
197
182
182
196
217
226
217
200
205
232
250
237
175
81
19
1
0
0
0
0
167
225
236
221
199
197
214
232
239
240
240
240
240
241
240
227
194
152
119
134
191
234
240
196
109
35
5
0
0
0
0
171
236
254
251
241
222
197
182
178
183
201
232
251
255
241
195
125
70
45
70
133
191
227
216
147
59
12
0
0
0
0
147
221
251
255
244
201
132
89
78
89
132
201
244
251
222
152
70
22
10
25
66
128
200
225
171
74
15
0
0
0
0
109
197
244
255
237
176
85
30
16
31
89
183
241
244
197
109
35
5
1
5
27
88
183
225
178
78
16
0
0
0
0
85
182
241
251
221
147
59
12
0
16
78
178
240
241
182
85
20
1
0
0
16
78
178
224
178
78
16
0
0
0
0
78
178
240
244
197
109
35
5
0
16
78
178
240
240
178
78
16
0
0
0
15
74
171
221
181
85
20
0
0
0
0
78
178
240
241
182
85
20
1
0
15
74
171
236
240
182
85
20
1
0
0
12
59
147
210
192
109
35
0
0
0
0
74
171
236
240
182
85
20
1
0
12
59
147
221
240
197
109
35
5
0
0
5
35
109
192
210
147
59
0
0
0
0
59
147
221
240
197
109
35
5
0
5
35
109
197
240
221
147
59
12
0
0
1
20
85
181
221
171
74
0
0
0
0
35
109
197
240
221
147
59
12
0
1
20
85
182
240
236
171
74
15
0
0
0
16
78
178
224
178
78
0
0
0
0
20
85
182
240
236
171
74
15
0
0
16
78
178
240
240
178
78
16
0
0
0
16
78
178
224
178
78
0
0
0
0
16
78
178
240
240
178
78
16
0
0
16
78
178
240
241
182
85
20
1
0
0
15
74
171
221
181
85
0
0
0
0
16
78
178
240
241
182
85
20
1
0
15
74
171
236
243
197
109
35
5
0
0
12
59
146
205
182
99
0
0
0
0
15
74
171
236
243
197
109
35
5
0
12
59
147
221
246
221
147
59
12
0
0
5
34
100
162
156
97
0
0
0
0
12
59
147
221
246
221
147
59
12
0
5
34
104
185
228
221
160
70
15
0
0
1
15
55
96
90
55
0
0
0
0
5
35
109
197
243
236
171
74
15
0
1
15
61
128
168
167
124
55
12
0
0
0
5
20
36
29
15
0
0
0
0
1
19
80
170
226
225
167
73
15
0
0
5
24
55
73
73
55
24
5
0
0
0
1
4
7
4
1
0
0
0
0
0
12
55
124
167
167
124
55
12
0
0
1
5
12
15
15
12
5
1
0
0
0
0
0
0
0
0
0
0
0
0
0
0
0
0
0
0
0
0
0
0
0
0
0
0
0
0
0
0
0
0
0
0
0
0
0
0
0
0
0
0
0
0
0
0
0
0
0
0
0
0
0
0
0
0
0
0
0
0
0
0
0
0
0
0
0
0
0
0
0
0
