33
27
0
0
0
0
0
0
0
0
0
0
0
0
0
0
0
0
0
0
0
0
0
0
0
0
0
0
0
0
0
0
0
0
0
0
0
0
0
0
0
0
0
0
0
0
0
0
0
0
0
0
0
0
0
0
0
0
0
0
0
0
0
0
0
0
0
0
0
0
0
0
0
0
0
0
0
0
1
5
8
6
3
3
11
29
60
101
146
168
164
147
123
78
31
7
1
0
0
0
0
0
0
0
0
0
0
0
1
5
12
19
32
45
37
20
19
44
89
139
184
219
234
231
219
196
141
70
23
5
1
0
0
0
0
0
0
1
5
9
8
11
29
57
81
104
123
106
73
67
109
167
211
232
239
242
245
247
236
194
123
57
17
3
1
0
0
0
0
12
19
33
48
46
49
86
140
174
194
205
188
154
145
180
223
240
227
201
194
213
238
248
230
177
102
38
7
1
0
0
0
0
51
76
104
128
126
126
160
208
235
244
246
238
221
215
230
243
227
179
123
109
149
209
244
246
210
135
55
12
1
0
0
0
0
102
153
189
209
207
205
219
235
241
243
248
251
250
248
247
230
184
116
56
46
97
179
233
248
223
155
69
17
2
0
0
0
0
114
187
231
247
247
243
233
211
192
194
216
240
252
254
241
200
129
61
20
20
69
152
217
244
231
175
93
31
5
0
0
0
0
102
187
239
254
254
244
207
147
104
109
154
207
241
251
236
184
104
37
8
12
50
123
194
236
240
203
128
51
11
0
0
0
0
90
177
235
253
251
226
165
86
38
42
90
160
219
246
241
197
118
43
8
5
30
90
170
228
246
220
149
64
14
0
0
0
0
73
155
221
249
246
207
130
51
12
11
44
111
191
239
246
212
136
53
10
2
17
68
152
221
246
226
159
72
18
0
0
0
0
47
121
199
243
244
202
120
42
7
4
25
86
175
234
248
219
146
61
13
2
11
51
128
203
240
231
176
94
31
0
0
0
0
31
99
186
239
246
207
127
48
10
2
19
76
165
229
248
227
164
82
24
4
5
31
94
176
231
240
203
128
51
0
0
0
0
26
89
177
235
247
218
149
69
19
4
15
62
143
214
246
239
194
115
42
8
2
18
72
159
226
246
221
152
68
0
0
0
0
20
73
155
221
247
234
181
99
33
6
7
38
108
190
239
246
212
136
53
10
1
14
64
149
220
246
228
170
90
0
0
0
0
11
47
121
199
242
244
201
118
42
7
3
23
82
169
230
247
219
146
61
13
2
11
51
128
203
240
236
193
122
0
0
0
0
5
31
99
186
239
246
208
129
49
10
2
15
62
143
214
243
226
164
82
24
4
5
31
94
176
231
242
211
140
0
0
0
0
3
26
89
177
235
247
218
149
69
19
3
7
38
108
190
237
238
194
115
42
8
2
18
69
150
212
228
197
126
0
0
0
0
3
20
73
155
221
247
234
181
99
33
6
3
24
85
175
234
246
213
138
57
12
2
12
48
109
156
167
138
78
0
0
0
0
1
11
47
121
199
242
244
201
118
42
7
2
19
76
164
224
235
206
142
67
19
3
6
22
49
69
73
57
29
0
0
0
0
1
5
31
96
181
236
245
208
129
49
10
2
15
60
134
185
186
158
114
63
23
5
2
6
11
15
15
12
5
0
0
0
0
0
3
23
78
158
222
243
218
147
66
17
3
7
32
77
107
97
74
53
32
13
3
1
1
1
1
0
0
0
0
0
0
0
0
3
15
54
121
190
226
217
161
81
24
4
2
10
27
38
29
18
12
8
3
1
0
0
0
0
0
0
0
0
0
0
0
0
1
8
31
78
134
167
166
127
64
18
2
1
2
4
7
4
1
0
0
0
0
0
0
0
0
0
0
0
0
0
0
0
0
0
0
0
0
0
0
0
0
0
0
0
0
0
0
0
0
0
0
0
0
0
0
0
0
0
0
0
0
0
0
0
0
0
0
0
0
0
0
0
0
0
0
0
0
0
0
0
0
0
0
0
0
0
0
0
0
0
0
0
0
0
0
0
