30
25
0
0
0
0
0
0
0
0
0
0
0
0
0
0
0
0
0
0
0
0
0
0
0
0
0
0
0
0
0
0
0
0
0
0
0
0
0
0
0
0
0
0
0
0
0
0
0
0
0
0
0
0
0
0
0
0
0
0
0
0
0
0
12
55
124
167
171
143
90
45
39
59
74
74
58
30
9
2
4
8
9
13
15
15
12
5
1
0
0
0
0
0
15
73
167
225
236
214
166
119
115
147
171
171
143
90
42
24
31
44
50
63
74
74
59
34
15
5
0
0
0
0
16
78
178
240
255
247
226
201
200
221
236
236
214
166
113
91
102
123
133
154
171
171
147
104
61
24
0
0
0
0
20
85
182
241
255
255
250
241
234
236
240
243
242
225
198
185
193
206
212
225
236
236
221
186
131
61
0
0
0
0
35
109
197
243
251
244
237
221
197
183
186
208
235
247
243
237
232
232
232
237
243
250
250
233
183
98
0
0
0
0
59
147
221
246
232
201
176
147
109
89
108
163
220
248
247
226
198
182
178
183
201
232
251
246
202
116
0
0
0
0
74
171
236
243
201
132
85
59
35
31
74
158
226
247
226
170
114
85
78
88
128
195
241
242
193
102
0
0
0
0
78
178
240
241
183
89
30
12
5
16
74
171
236
243
198
114
46
20
16
27
71
152
222
236
182
85
0
0
0
0
78
178
240
240
178
78
16
0
0
16
78
178
240
241
182
85
20
1
0
5
35
109
197
228
178
78
0
0
0
0
78
178
240
240
178
78
16
0
0
16
78
178
240
240
178
78
16
0
0
1
20
85
182
225
178
78
0
0
0
0
78
178
240
240
178
78
16
0
0
16
78
178
240
240
178
78
16
0
0
0
16
78
178
224
178
78
0
0
0
0
78
178
240
240
178
78
16
0
0
16
78
178
240
240
178
78
16
0
0
0
16
78
178
224
178
78
0
0
0
0
78
178
240
240
178
78
16
0
0
16
78
178
240
240
178
78
16
0
0
0
16
78
178
224
178
78
0
0
0
0
78
178
240
240
178
78
16
0
0
16
78
178
240
240
178
78
16
0
0
0
16
78
178
224
178
78
0
0
0
0
78
178
240
240
178
78
16
0
0
16
78
178
240
240
178
78
16
0
0
0
16
78
178
224
178
78
0
0
0
0
85
182
240
236
171
74
15
0
1
20
85
182
240
236
171
74
15
0
0
0
16
78
178
224
178
78
0
0
0
0
109
197
240
221
147
59
12
0
5
35
109
197
240
221
147
59
12
0
0
1
20
85
181
221
171
74
0
0
0
0
136
206
225
185
104
34
5
0
12
59
147
221
240
197
109
35
5
0
0
5
35
109
192
210
147
59
0
0
0
0
117
163
167
128
61
15
1
0
15
70
160
221
225
170
80
19
1
0
0
12
59
147
210
192
109
35
0
0
0
0
55
73
73
55
24
5
0
0
12
55
124
167
167
124
55
12
0
0
0
15
70
160
207
170
80
19
0
0
0
0
12
15
15
12
5
1
0
0
5
24
55
73
73
55
24
5
0
0
0
12
55
124
156
124
55
12
0
0
0
0
0
0
0
0
0
0
0
0
0
0
0
0
0
0
0
0
0
0
0
0
0
0
0
0
0
0
0
0
0
0
0
0
0
0
0
0
0
0
0
0
0
0
0
0
0
0
0
0
0
0
0
0
0
0
0
0
0
0
