30
27
0
0
0
0
0
0
0
0
0
0
0
0
0
0
0
0
0
0
0
0
0
0
0
0
0
0
0
0
0
0
0
0
0
0
0
0
0
0
0
0
0
0
0
0
0
0
0
0
0
0
0
0
0
0
0
0
0
0
0
0
0
0
0
12
48
93
98
81
59
35
20
16
16
16
15
12
5
1
0
0
0
0
0
0
0
0
0
0
0
0
0
0
1
19
76
152
183
175
147
109
85
78
78
78
74
58
30
9
1
0
1
4
7
4
1
0
0
0
0
0
0
0
5
35
108
192
233
237
221
197
182
178
178
178
171
143
89
38
14
13
19
31
41
31
19
12
5
1
0
0
0
0
12
59
147
221
251
255
250
240
230
229
235
239
236
214
162
98
60
63
81
102
116
102
81
58
30
9
0
0
0
0
15
74
171
236
255
255
247
226
201
200
222
241
250
246
219
173
143
154
175
193
202
193
175
142
85
30
0
0
0
0
16
78
178
240
255
247
219
167
119
115
152
195
232
250
247
229
215
220
226
229
235
239
236
211
146
65
0
0
0
0
16
78
178
240
251
226
167
95
45
39
71
128
201
244
255
251
241
222
197
185
198
226
246
240
190
105
0
0
0
0
20
85
182
240
241
191
109
41
10
6
27
88
183
241
255
247
219
167
113
91
114
170
226
246
221
147
0
0
0
0
35
109
197
240
222
151
66
15
1
1
20
85
182
240
247
219
163
94
42
24
45
110
191
240
235
171
0
0
0
0
59
147
221
240
197
109
35
5
0
5
35
109
197
240
226
167
94
37
9
2
16
70
157
225
232
171
0
0
0
0
74
171
236
240
182
85
20
1
0
12
59
147
221
240
198
113
42
9
1
0
10
54
140
211
214
147
0
0
0
0
78
178
240
240
178
78
16
0
0
15
74
171
236
240
182
85
20
1
0
0
13
63
154
213
193
109
0
0
0
0
85
182
241
240
178
78
16
0
0
16
78
178
240
240
178
78
16
0
0
0
15
74
171
221
181
85
0
0
0
0
109
197
243
236
171
74
15
0
1
20
85
182
241
240
178
78
16
0
0
0
16
78
178
224
178
78
0
0
0
0
147
221
246
221
147
59
12
0
5
35
109
197
243
236
171
74
15
0
0
1
20
85
181
221
171
74
0
0
0
0
171
236
243
197
109
35
5
0
12
59
147
221
246
221
147
59
12
0
0
5
35
109
192
210
147
59
0
0
0
0
178
240
241
182
85
20
1
0
15
74
171
236
243
197
109
35
5
0
0
12
59
147
210
192
109
35
0
0
0
0
167
226
228
173
77
16
0
0
16
78
178
240
241
182
85
20
1
0
0
15
74
171
221
181
85
20
0
0
0
0
124
170
182
148
70
15
0
0
16
78
178
240
240
178
78
16
0
0
0
16
78
178
224
178
78
16
0
0
0
0
55
80
98
93
48
12
0
0
15
73
167
225
225
167
73
15
0
0
0
16
78
178
224
178
78
16
0
0
0
0
12
19
30
36
20
5
0
0
12
55
124
167
167
124
55
12
0
0
1
20
85
181
221
171
74
15
0
0
0
0
0
1
4
7
4
1
0
0
5
24
55
73
73
55
24
5
0
0
4
30
98
178
199
142
58
12
0
0
0
0
0
0
0
0
0
0
0
0
1
5
12
15
15
12
5
1
0
0
7
36
93
142
138
85
30
5
0
0
0
0
0
0
0
0
0
0
0
0
0
0
0
0
0
0
0
0
0
0
0
0
0
0
0
0
0
0
0
0
0
0
0
0
0
0
0
0
0
0
0
0
0
0
0
0
0
0
0
0
0
0
0
0
0
0
0
0
0
0
