32
28
0
0
0
0
0
0
0
0
0
0
0
0
0
0
0
0
0
0
0
0
0
0
0
0
0
0
0
0
0
0
0
0
0
0
0
0
0
0
0
0
0
0
0
0
0
0
0
0
0
0
0
0
0
0
0
0
0
0
0
0
0
0
0
0
0
0
0
1
4
23
71
124
136
106
73
47
27
17
15
11
5
1
0
0
0
0
0
0
0
0
0
0
0
0
0
0
0
0
0
1
10
46
115
184
209
192
162
126
94
76
71
58
34
17
7
3
1
0
0
0
0
0
0
0
0
0
0
0
0
0
0
3
20
73
155
220
245
242
229
207
183
170
165
145
106
68
36
13
3
5
9
10
5
1
0
0
0
0
0
0
0
0
0
3
26
89
177
235
253
255
253
246
239
234
232
220
191
151
95
44
21
30
49
52
34
20
13
8
3
1
0
0
0
0
1
5
31
99
186
239
254
254
251
247
243
240
241
244
238
213
162
102
74
94
129
135
107
82
63
38
14
3
0
0
0
0
1
11
47
121
199
242
250
241
225
207
196
189
199
223
244
243
217
179
158
177
207
214
196
176
146
93
39
10
0
0
0
0
3
20
73
155
221
246
238
205
163
127
107
102
130
188
234
251
247
233
221
226
237
245
243
235
207
150
84
34
0
0
0
0
3
26
89
177
235
247
219
158
92
50
36
43
92
173
232
253
254
247
230
211
207
225
244
250
239
205
147
78
0
0
0
0
5
31
99
186
239
244
203
125
51
14
7
23
82
172
233
253
251
231
187
142
129
162
206
238
249
237
192
114
0
0
0
0
11
47
121
199
240
234
181
99
33
6
3
24
86
175
234
252
239
195
125
67
51
84
146
209
245
245
205
123
0
0
0
0
20
73
155
221
243
218
149
69
19
3
7
38
108
190
239
248
221
156
75
24
12
38
102
184
237
246
209
128
0
0
0
0
30
94
180
235
245
208
129
49
10
2
15
62
143
214
246
240
195
118
45
9
6
34
101
183
236
245
211
133
0
0
0
0
47
119
198
241
243
201
118
42
7
2
19
76
165
229
248
227
164
82
24
4
11
51
129
204
243
242
200
122
0
0
0
0
73
153
218
245
234
181
99
33
6
3
24
85
175
234
246
214
140
58
13
2
14
64
149
220
247
232
176
93
0
0
0
0
89
176
233
246
218
149
69
19
3
7
38
108
190
237
238
194
115
42
8
2
18
72
159
226
248
226
159
72
0
0
0
0
99
186
239
246
208
129
49
10
2
15
62
143
214
243
226
164
82
24
4
5
31
94
176
232
247
220
149
64
0
0
0
0
114
196
242
244
201
118
42
7
3
23
81
168
230
247
219
146
61
13
2
11
51
128
203
242
242
203
128
51
0
0
0
0
118
192
229
223
176
98
33
6
7
38
106
186
237
246
212
136
53
10
1
14
64
149
220
247
232
176
94
31
0
0
0
0
81
139
168
162
122
62
18
4
15
61
139
209
242
238
194
115
42
8
2
18
72
159
226
246
222
154
70
18
0
0
0
0
31
58
75
77
61
30
8
2
18
71
153
216
241
225
164
82
24
4
5
31
94
176
231
240
203
129
52
12
0
0
0
0
5
12
17
20
19
10
3
2
14
56
122
180
214
201
137
58
13
2
11
51
128
203
240
231
176
95
33
7
0
0
0
0
0
0
1
2
3
2
1
1
6
24
59
102
142
144
98
39
8
1
14
64
149
220
246
226
160
73
19
3
0
0
0
0
0
0
0
0
0
0
0
1
2
5
15
34
57
63
43
17
3
1
14
63
145
211
235
215
148
64
15
1
0
0
0
0
0
0
0
0
0
0
0
0
0
0
1
5
11
13
9
4
1
1
11
47
108
159
183
175
120
50
11
1
0
0
0
0
0
0
0
0
0
0
0
0
0
0
0
0
0
0
0
0
0
0
0
0
0
0
0
0
0
0
0
0
0
0
0
0
0
0
0
0
0
0
0
0
0
0
0
0
0
0
0
0
0
0
0
0
0
0
0
0
0
0
0
0
0
0
