28
37
0
0
0
0
0
0
0
0
0
0
0
0
0
0
0
0
0
0
0
0
0
0
0
0
0
0
0
0
0
0
0
0
0
0
0
0
0
0
0
0
0
0
0
0
0
0
0
0
0
0
0
0
0
0
0
0
0
0
7
22
44
59
65
65
65
65
65
65
65
65
65
65
65
65
65
65
65
65
65
62
52
30
0
0
0
0
15
50
101
137
149
151
151
151
151
151
151
151
151
151
151
151
151
151
151
151
150
144
119
70
0
0
0
0
21
73
147
199
217
219
217
216
216
216
216
216
216
216
216
216
216
216
216
216
215
207
170
100
0
0
0
0
23
80
164
223
241
237
225
216
213
213
213
213
213
213
213
213
213
213
213
213
212
203
167
99
0
0
0
0
23
81
166
227
240
217
180
153
144
143
143
143
143
143
143
143
143
143
143
143
142
136
112
66
0
0
0
0
23
81
167
226
233
190
123
77
60
58
58
58
57
57
57
57
57
57
57
57
57
55
45
26
0
0
0
0
24
81
167
226
230
177
96
38
17
14
13
13
13
13
13
13
13
13
13
13
13
12
10
6
0
0
0
0
24
81
167
226
229
175
90
29
7
3
2
2
2
2
2
2
2
2
2
2
2
2
2
1
0
0
0
0
24
81
167
226
229
175
89
28
6
2
1
1
1
1
1
1
1
1
1
1
1
1
1
1
0
0
0
0
24
81
167
226
229
175
89
28
5
2
1
1
1
1
1
1
1
1
1
1
1
1
1
1
0
0
0
0
24
81
167
226
229
175
89
28
6
2
1
1
1
1
1
1
1
1
1
1
1
1
1
1
0
0
0
0
24
81
167
226
229
175
90
29
7
4
3
3
3
3
3
3
3
3
3
3
3
2
2
1
0
0
0
0
24
81
167
226
231
180
101
45
25
22
21
21
21
21
21
21
21
21
21
21
20
16
9
3
0
0
0
0
24
81
167
227
236
199
141
99
84
82
82
82
82
82
82
82
82
82
82
81
77
62
35
12
0
0
0
0
24
81
167
228
244
229
202
183
176
175
175
175
175
175
175
175
175
175
174
174
165
132
74
26
0
0
0
0
24
81
167
228
248
245
235
227
225
224
224
224
224
224
224
224
224
224
224
223
211
169
95
33
0
0
0
0
24
81
167
228
246
236
216
202
197
196
196
196
196
196
196
196
196
196
196
195
185
149
84
29
0
0
0
0
24
81
167
227
238
209
161
126
114
113
112
112
112
112
112
112
112
112
112
112
106
85
48
17
0
0
0
0
24
81
167
227
232
185
112
60
42
39
39
39
39
39
39
39
39
39
39
39
37
30
17
6
0
0
0
0
24
81
167
226
229
176
93
33
12
9
8
8
8
8
8
8
8
8
8
8
8
6
4
2
0
0
0
0
24
81
167
226
229
175
90
28
6
3
2
2
2
2
2
2
2
2
2
2
2
2
1
1
0
0
0
0
24
81
167
226
229
175
89
28
6
2
1
1
1
1
1
1
1
1
1
1
1
1
1
1
0
0
0
0
24
81
167
226
229
175
89
27
5
1
1
0
0
0
0
0
0
0
0
0
0
0
0
0
0
0
0
0
24
81
167
226
229
175
89
28
5
1
1
1
0
0
0
0
0
0
0
0
0
0
0
0
0
0
0
0
24
81
167
226
229
175
89
28
6
2
1
1
1
1
1
1
1
1
1
1
1
1
1
1
0
0
0
0
24
81
167
226
229
175
90
29
7
3
2
2
2
2
2
2
2
2
2
2
2
2
2
1
0
0
0
0
24
81
167
226
230
177
96
38
17
14
13
13
13
13
13
13
13
13
13
13
13
13
12
8
0
0
0
0
23
81
167
226
233
190
123
77
60
58
58
58
57
57
57
57
57
57
57
57
57
56
50
35
0
0
0
0
23
81
166
227
240
217
180
153
144
143
143
143
143
143
143
143
143
143
143
143
142
140
125
88
0
0
0
0
23
80
164
223
241
237
225
216
213
213
213
213
213
213
213
213
213
213
213
213
212
209
188
132
0
0
0
0
21
73
147
199
217
219
217
216
216
216
216
216
216
216
216
216
216
216
216
216
216
212
191
134
0
0
0
0
15
50
101
137
149
151
151
151
151
151
151
151
151
151
151
151
151
151
151
151
151
148
133
94
0
0
0
0
7
22
44
59
65
65
65
65
65
65
65
65
65
65
65
65
65
65
65
65
65
64
58
41
0
0
0
0
0
0
0
0
0
0
0
0
0
0
0
0
0
0
0
0
0
0
0
0
0
0
0
0
0
0
0
0
0
0
0
0
0
0
0
0
0
0
0
0
0
0
0
0
0
0
0
0
0
0
0
0
0
0
