33
45
0
0
0
0
0
0
0
0
0
0
0
0
0
0
0
0
0
0
0
0
0
0
0
0
0
0
0
0
0
0
0
0
0
0
0
0
0
0
0
0
0
0
0
0
0
0
0
0
0
0
0
0
0
0
0
0
0
0
0
0
0
0
0
0
0
0
0
0
3
9
17
22
25
25
25
25
25
25
25
25
25
25
25
25
25
25
25
25
25
25
25
25
25
24
20
13
6
0
0
0
0
10
28
53
71
78
80
80
80
80
80
80
80
80
80
80
80
80
80
80
80
80
80
80
80
79
76
63
40
17
0
0
0
0
20
57
106
141
155
158
158
158
158
158
158
158
158
158
158
158
158
158
158
158
158
158
158
158
158
151
126
80
35
0
0
0
0
28
78
146
195
215
219
219
219
218
218
218
218
218
218
218
218
218
218
218
218
218
218
218
218
217
208
173
110
48
0
0
0
0
30
86
162
217
240
243
239
234
230
228
228
228
228
228
228
228
228
228
228
228
228
228
228
228
227
217
181
115
50
0
0
0
0
30
87
164
222
244
241
224
203
189
185
184
184
184
184
184
184
184
184
184
184
184
184
184
184
183
175
145
92
40
0
0
0
0
30
87
165
223
243
230
192
147
118
108
107
107
106
106
106
106
106
106
106
106
106
106
106
106
106
101
84
53
23
0
0
0
0
30
87
165
223
241
220
164
99
57
42
40
39
39
39
39
39
39
39
39
39
39
39
39
39
39
37
31
19
9
0
0
0
0
30
87
165
223
241
216
154
79
31
13
10
10
9
9
9
9
9
9
9
9
9
9
9
9
9
8
7
5
2
0
0
0
0
30
87
165
223
241
216
152
76
26
7
4
3
2
2
2
2
2
2
2
2
2
2
2
2
2
2
2
1
1
0
0
0
0
30
87
165
223
241
216
152
76
25
6
3
2
1
1
1
1
1
1
1
1
1
1
1
1
1
1
1
1
1
0
0
0
0
30
87
165
223
241
216
152
75
24
6
2
1
1
1
1
1
1
1
1
1
1
1
1
1
1
1
1
1
1
0
0
0
0
30
87
165
223
241
216
152
75
24
6
2
1
1
1
1
1
1
1
1
1
1
1
1
1
1
1
1
1
1
0
0
0
0
30
87
165
223
241
216
152
75
24
6
2
2
1
1
1
1
1
1
1
1
1
1
1
1
1
1
1
1
1
0
0
0
0
30
87
165
223
241
215
152
75
25
7
3
2
2
2
2
2
2
2
2
2
2
2
2
2
2
2
1
1
1
0
0
0
0
30
87
165
223
241
217
155
81
33
16
12
12
12
11
11
11
11
11
11
11
11
11
11
11
11
8
5
2
1
0
0
0
0
30
87
165
223
242
222
171
109
68
54
52
51
51
51
51
51
51
51
51
51
51
51
51
50
47
36
21
8
2
0
0
0
0
30
87
165
224
244
235
203
165
140
131
130
130
130
130
130
130
130
130
130
130
130
130
129
128
118
92
52
20
5
0
0
0
0
30
87
165
224
247
246
235
220
210
207
207
206
206
206
206
206
206
206
206
206
206
206
206
203
188
145
82
31
8
0
0
0
0
30
87
165
224
248
251
246
240
236
235
234
234
234
234
234
234
234
234
234
234
234
234
233
231
213
165
93
35
9
0
0
0
0
30
87
165
224
247
246
233
217
207
203
203
202
202
202
202
202
202
202
202
202
202
202
202
200
185
143
81
31
8
0
0
0
0
30
87
165
224
244
234
202
163
138
129
128
127
127
127
127
127
127
127
127
127
127
127
127
126
116
90
51
19
5
0
0
0
0
30
87
165
223
242
223
172
111
71
57
55
54
54
54
54
54
54
54
54
54
54
54
54
54
50
39
22
8
2
0
0
0
0
30
87
165
223
241
217
156
83
35
18
16
15
15
15
15
15
15
15
15
15
15
15
15
15
14
11
6
3
1
0
0
0
0
30
87
165
223
240
216
152
76
26
8
5
4
4
4
4
4
4
4
4
4
4
4
4
4
3
3
2
1
1
0
0
0
0
30
87
165
223
241
216
152
75
25
6
3
2
2
1
1
1
1
1
1
1
1
1
1
1
1
1
1
1
1
0
0
0
0
30
87
165
223
241
216
152
75
24
6
2
1
1
1
1
1
1
1
1
1
1
1
1
1
1
1
1
1
1
0
0
0
0
30
87
165
223
241
216
152
75
24
5
2
1
1
0
0
0
0
0
0
0
0
0
0
0
0
0
0
0
0
0
0
0
0
30
87
165
223
241
216
152
75
24
5
2
1
1
0
0
0
0
0
0
0
0
0
0
0
0
0
0
0
0
0
0
0
0
30
87
165
223
241
216
152
75
24
6
2
1
1
1
1
1
1
1
1
1
1
1
1
1
1
1
1
1
1
0
0
0
0
30
87
165
223
241
216
152
76
25
6
3
2
1
1
1
1
1
1
1
1
1
1
1
1
1
1
1
1
1
0
0
0
0
30
87
165
223
241
216
152
76
26
7
4
3
2
2
2
2
2
2
2
2
2
2
2
2
2
2
2
2
1
0
0
0
0
30
87
165
223
241
216
154
79
31
13
10
10
9
9
9
9
9
9
9
9
9
9
9
9
9
9
8
6
3
0
0
0
0
30
87
165
223
241
220
164
99
57
42
40
39
39
39
39
39
39
39
39
39
39
39
39
39
38
38
34
26
14
0
0
0
0
30
87
165
223
243
230
192
147
118
108
107
107
106
106
106
106
106
106
106
106
106
106
106
106
106
104
94
70
37
0
0
0
0
30
87
164
222
244
241
224
203
189
185
184
184
184
184
184
184
184
184
184
184
184
184
184
183
183
180
164
123
65
0
0
0
0
30
86
162
217
240
243
239
234
230
228
228
228
228
228
228
228
228
228
228
228
228
228
228
228
227
224
204
153
82
0
0
0
0
28
78
146
195
215
219
219
219
218
218
218
218
218
218
218
218
218
218
218
218
218
218
218
218
218
214
195
147
78
0
0
0
0
20
57
106
141
155
158
158
158
158
158
158
158
158
158
158
158
158
158
158
158
158
158
159
158
158
155
142
106
57
0
0
0
0
10
28
53
71
78
80
80
80
80
80
80
80
80
80
80
80
80
80
80
80
80
80
80
80
79
78
71
53
28
0
0
0
0
3
9
17
22
25
25
25
25
25
25
25
25
25
25
25
25
25
25
25
25
25
25
25
25
25
25
22
17
9
0
0
0
0
0
0
0
0
0
0
0
0
0
0
0
0
0
0
0
0
0
0
0
0
0
0
0
0
0
0
0
0
0
0
0
0
0
0
0
0
0
0
0
0
0
0
0
0
0
0
0
0
0
0
0
0
0
0
0
0
0
0
0
0
0
0
0
0
