33
37
0
0
0
0
0
0
0
0
0
0
0
0
0
0
0
0
0
0
0
0
0
0
0
0
0
0
0
0
0
0
0
0
0
0
0
0
0
0
0
0
0
0
0
0
0
0
0
0
0
0
0
0
0
0
0
0
0
0
0
0
0
0
0
0
0
0
0
0
9
24
45
60
66
67
67
67
67
67
67
67
67
67
67
67
67
67
67
67
67
67
67
67
67
64
53
34
15
0
0
0
0
19
53
100
133
147
149
150
150
149
149
149
149
149
149
149
149
149
149
149
149
149
149
149
149
149
142
118
75
33
0
0
0
0
27
77
144
193
213
216
215
214
213
212
212
212
212
212
212
212
212
212
212
212
212
212
212
212
211
201
167
106
46
0
0
0
0
30
86
161
217
240
240
231
220
212
210
209
209
209
209
209
209
209
209
209
209
209
209
209
209
208
198
165
104
45
0
0
0
0
30
87
165
222
243
235
207
173
151
144
142
142
142
142
142
142
142
142
142
142
142
142
142
142
141
134
111
70
30
0
0
0
0
30
87
165
223
242
223
173
114
76
63
61
60
60
60
59
59
59
59
59
59
59
59
59
59
59
56
47
29
13
0
0
0
0
30
87
165
223
241
217
156
84
36
20
16
15
15
15
15
15
15
15
15
15
15
15
15
15
15
14
12
8
4
0
0
0
0
30
87
165
223
241
216
152
76
26
8
4
3
3
2
2
2
2
2
2
2
2
2
2
2
2
2
2
1
1
0
0
0
0
30
87
165
223
241
216
152
76
25
6
3
2
1
1
1
1
1
1
1
1
1
1
1
1
1
1
1
1
1
0
0
0
0
30
87
165
223
241
216
152
75
24
6
2
1
1
1
1
1
1
1
1
1
1
1
1
1
1
1
1
1
1
0
0
0
0
30
87
165
223
241
216
152
75
25
6
3
2
1
1
1
1
1
1
1
1
1
1
1
1
1
1
1
1
1
0
0
0
0
30
87
165
223
241
216
153
77
26
8
5
4
4
4
4
4
4
4
4
4
4
4
4
4
4
3
2
1
1
0
0
0
0
30
87
165
223
241
218
160
90
44
27
25
24
24
24
24
24
24
24
24
24
24
23
23
23
22
17
10
4
1
0
0
0
0
30
87
165
224
243
228
185
133
98
86
84
84
84
84
84
84
84
84
84
84
84
84
83
82
76
59
34
13
3
0
0
0
0
30
87
165
224
246
242
221
196
179
173
172
172
172
172
172
172
172
172
172
172
172
172
172
170
157
122
69
26
7
0
0
0
0
30
87
165
224
247
249
241
230
223
220
220
220
219
219
219
219
219
219
219
219
219
219
219
217
200
155
88
33
8
0
0
0
0
30
87
165
224
247
245
230
211
198
194
193
193
193
193
193
193
193
193
193
193
193
193
193
191
176
137
78
29
8
0
0
0
0
30
87
165
224
244
232
196
153
125
115
113
113
113
113
113
113
113
113
113
113
113
113
113
111
103
80
46
17
5
0
0
0
0
30
87
165
223
241
221
167
102
60
44
42
42
41
41
41
41
41
41
41
41
41
41
41
41
38
30
17
7
2
0
0
0
0
30
87
165
223
241
216
155
80
31
14
11
10
9
9
9
9
9
9
9
9
9
9
9
9
9
7
4
2
1
0
0
0
0
30
87
165
223
241
216
152
76
25
7
3
2
2
2
2
2
2
2
2
2
2
2
2
2
2
2
1
1
1
0
0
0
0
30
87
165
223
241
216
152
75
24
6
2
1
1
1
1
1
1
1
1
1
1
1
1
1
1
1
1
1
1
0
0
0
0
30
87
165
223
241
216
152
75
24
5
2
1
1
0
0
0
0
0
0
0
0
0
0
0
0
0
0
0
0
0
0
0
0
30
87
165
223
241
216
152
75
24
6
2
1
1
1
0
0
0
0
0
0
0
0
0
0
0
0
0
0
0
0
0
0
0
30
87
165
223
241
216
152
76
25
6
3
2
1
1
1
1
1
1
1
1
1
1
1
1
1
1
1
1
1
0
0
0
0
30
87
165
223
241
216
152
76
26
8
4
3
3
2
2
2
2
2
2
2
2
2
2
2
2
2
2
2
1
0
0
0
0
30
87
165
223
241
217
156
84
36
20
16
15
15
15
15
15
15
15
15
15
15
15
15
15
15
14
13
10
5
0
0
0
0
30
87
165
223
242
223
173
114
76
63
61
60
60
60
59
59
59
59
59
59
59
59
59
59
59
58
53
39
21
0
0
0
0
30
87
165
222
243
235
207
173
151
144
142
142
142
142
142
142
142
142
142
142
142
142
142
142
141
139
126
94
50
0
0
0
0
30
86
161
217
240
240
231
220
212
210
209
209
209
209
209
209
209
209
209
209
209
209
209
209
208
205
186
139
74
0
0
0
0
27
77
144
193
213
216
215
214
213
212
212
212
212
212
212
212
212
212
212
212
212
212
212
212
212
208
189
142
76
0
0
0
0
19
53
100
133
147
149
150
150
149
149
149
149
149
149
149
149
149
149
149
149
149
149
150
150
149
147
134
100
53
0
0
0
0
9
24
45
60
66
67
67
67
67
67
67
67
67
67
67
67
67
67
67
67
67
67
67
67
67
66
60
45
24
0
0
0
0
0
0
0
0
0
0
0
0
0
0
0
0
0
0
0
0
0
0
0
0
0
0
0
0
0
0
0
0
0
0
0
0
0
0
0
0
0
0
0
0
0
0
0
0
0
0
0
0
0
0
0
0
0
0
0
0
0
0
0
0
0
0
0
0
