33
49
0
0
0
0
0
0
0
0
0
0
0
0
0
0
0
0
0
0
0
0
0
0
0
0
0
0
0
0
0
0
0
0
0
0
0
0
0
0
0
0
0
0
0
0
0
0
0
0
0
0
0
0
0
0
0
0
0
0
0
0
0
0
0
0
0
0
0
0
5
15
28
38
42
42
42
42
42
42
42
42
42
42
42
42
42
42
42
42
42
42
42
42
42
40
34
21
9
0
0
0
0
14
38
72
96
106
107
107
107
107
107
107
107
107
107
107
107
107
107
107
107
107
107
107
107
107
102
85
54
24
0
0
0
0
23
65
121
162
178
181
181
181
181
181
181
181
181
181
181
181
181
181
181
181
181
181
181
181
180
172
143
91
40
0
0
0
0
29
82
153
205
226
230
230
230
229
229
229
229
229
229
229
229
229
229
229
229
229
229
229
229
228
218
182
115
50
0
0
0
0
30
87
163
220
242
246
243
238
235
234
234
234
234
234
234
234
234
234
234
234
234
234
234
234
233
222
185
117
51
0
0
0
0
30
87
164
222
244
243
229
211
199
195
194
194
194
194
194
194
194
194
194
194
194
194
194
194
193
184
153
96
42
0
0
0
0
30
87
165
223
243
232
198
158
132
123
122
122
121
121
121
121
121
121
121
121
121
121
121
121
120
115
95
60
26
0
0
0
0
30
87
165
223
241
221
169
106
67
53
51
50
50
50
50
50
50
50
50
50
50
50
50
50
50
47
39
25
11
0
0
0
0
30
87
165
223
240
216
155
81
34
17
14
13
13
13
13
13
13
13
13
13
13
13
13
13
13
12
10
7
3
0
0
0
0
30
87
165
223
240
215
152
76
26
8
5
4
3
3
3
3
3
3
3
3
3
3
3
3
3
3
3
2
1
0
0
0
0
30
87
165
223
241
216
152
76
25
7
3
2
2
2
2
2
2
2
2
2
2
2
2
2
2
1
1
1
1
0
0
0
0
30
87
165
223
241
216
152
75
25
6
2
1
1
1
1
1
1
1
1
1
1
1
1
1
1
1
1
1
1
0
0
0
0
30
87
165
223
241
216
152
75
24
6
2
1
1
0
0
0
0
0
0
0
0
0
0
0
0
0
0
0
0
0
0
0
0
30
87
165
223
241
216
152
75
24
6
2
1
1
1
1
1
1
1
1
1
1
1
1
1
1
1
1
1
1
0
0
0
0
30
87
165
223
241
216
152
75
25
6
2
2
1
1
1
1
1
1
1
1
1
1
1
1
1
1
1
1
1
0
0
0
0
30
87
165
223
241
216
152
76
25
6
3
2
2
2
2
2
2
2
2
2
2
2
2
2
2
1
1
1
1
0
0
0
0
30
87
165
223
240
216
153
77
27
9
6
5
5
5
5
5
5
5
5
5
5
5
5
4
4
3
2
1
1
0
0
0
0
30
87
165
223
241
218
160
90
43
27
24
24
23
23
23
23
23
23
23
23
23
23
23
23
21
17
10
4
1
0
0
0
0
30
87
165
224
243
227
183
129
93
81
79
79
79
79
79
79
79
79
79
79
79
79
79
78
72
56
32
12
3
0
0
0
0
30
87
165
224
246
240
217
189
170
163
162
162
162
162
162
162
162
162
162
162
162
162
162
160
148
115
65
24
6
0
0
0
0
30
87
165
224
248
249
243
234
227
225
225
224
224
224
224
224
224
224
224
224
224
224
224
221
205
158
90
34
8
0
0
0
0
30
87
165
224
248
252
249
245
242
241
240
240
240
240
240
240
240
240
240
240
240
240
240
237
219
169
96
36
9
0
0
0
0
30
87
165
224
247
247
236
221
212
209
208
208
208
207
207
207
207
207
207
208
208
208
207
205
190
147
84
32
8
0
0
0
0
30
87
165
224
245
236
206
170
147
139
138
137
137
137
137
137
137
137
137
137
137
137
137
136
126
98
55
21
5
0
0
0
0
30
87
165
223
242
224
176
118
80
67
65
64
64
64
64
64
64
64
64
64
64
64
64
64
59
46
26
10
3
0
0
0
0
30
87
165
223
241
217
158
86
40
23
21
20
20
20
20
20
20
20
20
20
20
20
20
20
19
14
8
3
1
0
0
0
0
30
87
165
223
240
216
153
77
27
9
6
6
5
5
5
5
5
5
5
5
5
5
5
5
5
4
2
1
1
0
0
0
0
30
87
165
223
241
216
152
76
25
7
3
3
2
2
2
2
2
2
2
2
2
2
2
2
2
2
1
1
1
0
0
0
0
30
87
165
223
241
216
152
76
25
6
2
2
1
1
1
1
1
1
1
1
1
1
1
1
1
1
1
1
1
0
0
0
0
30
87
165
223
241
216
152
75
24
5
2
1
1
1
1
1
1
1
1
1
1
1
1
1
1
1
1
1
1
0
0
0
0
30
87
165
223
241
216
152
75
24
5
2
1
1
0
0
0
0
0
0
0
0
0
0
0
0
0
0
0
0
0
0
0
0
30
87
165
223
241
216
152
75
24
5
2
1
1
0
0
0
0
0
0
0
0
0
0
0
0
0
0
0
0
0
0
0
0
30
87
165
223
241
216
152
75
24
5
2
1
1
0
0
0
0
0
0
0
0
0
0
0
0
0
0
0
0
0
0
0
0
30
87
165
223
241
216
152
75
25
6
2
1
1
1
1
1
1
1
1
1
1
1
1
1
1
1
1
1
1
0
0
0
0
30
87
165
223
241
216
152
76
25
7
3
2
2
2
2
2
2
2
2
2
2
2
2
2
2
2
1
1
1
0
0
0
0
30
87
165
223
240
215
152
76
26
8
5
4
3
3
3
3
3
3
3
3
3
3
3
3
3
3
3
2
1
0
0
0
0
30
87
165
223
240
216
155
81
34
17
14
13
13
13
13
13
13
13
13
13
13
13
13
13
13
12
11
9
5
0
0
0
0
30
87
165
223
241
221
169
106
67
53
51
50
50
50
50
50
50
50
50
50
50
50
50
50
50
48
44
33
17
0
0
0
0
30
87
165
223
243
232
198
158
132
123
122
122
121
121
121
121
121
121
121
121
121
121
121
121
120
118
107
80
42
0
0
0
0
30
87
164
222
244
243
229
211
199
195
194
194
194
194
194
194
194
194
194
194
194
194
194
193
193
190
173
129
69
0
0
0
0
30
87
163
220
242
246
243
238
235
234
234
234
234
234
234
234
234
234
234
234
234
234
234
234
233
229
209
157
84
0
0
0
0
29
82
153
205
226
230
230
230
229
229
229
229
229
229
229
229
229
229
229
229
229
229
229
229
229
225
205
154
82
0
0
0
0
23
65
121
162
178
181
181
181
181
181
181
181
181
181
181
181
181
181
181
181
181
181
181
181
181
178
162
122
65
0
0
0
0
14
38
72
96
106
107
107
107
107
107
107
107
107
107
107
107
107
107
107
107
107
107
107
107
107
105
96
72
38
0
0
0
0
5
15
28
38
42
42
42
42
42
42
42
42
42
42
42
42
42
42
42
42
42
42
42
42
42
42
38
28
15
0
0
0
0
0
0
0
0
0
0
0
0
0
0
0
0
0
0
0
0
0
0
0
0
0
0
0
0
0
0
0
0
0
0
0
0
0
0
0
0
0
0
0
0
0
0
0
0
0
0
0
0
0
0
0
0
0
0
0
0
0
0
0
0
0
0
0
0
