29
45
0
0
0
0
0
0
0
0
0
0
0
0
0
0
0
0
0
0
0
0
0
0
0
0
0
0
0
0
0
0
0
0
0
0
0
0
0
0
0
0
0
0
0
0
0
0
0
0
0
0
0
0
0
0
0
0
0
0
0
0
3
8
17
22
25
25
25
25
25
25
25
25
25
25
25
25
25
25
25
25
25
24
20
12
5
0
0
0
0
9
27
53
72
78
80
80
80
80
80
80
80
80
80
80
80
80
80
80
80
79
75
62
37
15
0
0
0
0
17
54
106
143
156
158
158
158
158
158
158
158
158
158
158
158
158
158
158
158
158
150
123
74
29
0
0
0
0
24
74
146
197
216
219
219
218
218
218
218
218
218
218
218
218
218
218
218
218
217
207
170
102
40
0
0
0
0
26
82
162
220
240
240
235
230
228
228
228
228
228
228
228
228
228
228
228
228
227
217
178
107
41
0
0
0
0
26
83
165
224
241
230
207
191
185
184
184
184
184
184
184
184
184
184
184
184
183
175
143
85
33
0
0
0
0
26
83
165
224
235
205
156
122
109
107
106
106
106
106
106
106
106
106
106
106
106
101
82
49
19
0
0
0
0
26
83
166
223
229
183
112
61
43
40
39
39
39
39
39
39
39
39
39
39
39
37
30
18
7
0
0
0
0
26
83
166
223
226
174
94
36
14
10
9
9
9
9
9
9
9
9
9
9
9
8
7
4
2
0
0
0
0
26
83
166
223
226
173
91
31
8
3
2
2
2
2
2
2
2
2
2
2
2
2
2
1
1
0
0
0
0
26
83
166
223
226
173
91
30
7
2
1
1
1
1
1
1
1
1
1
1
1
1
1
1
1
0
0
0
0
26
83
166
223
226
173
91
30
6
2
1
1
1
1
1
1
1
1
1
1
1
1
1
1
1
0
0
0
0
26
83
166
223
226
173
91
30
7
2
1
1
1
1
1
1
1
1
1
1
1
1
1
1
1
0
0
0
0
26
83
166
223
226
173
91
30
7
2
1
1
1
1
1
1
1
1
1
1
1
1
1
1
1
0
0
0
0
26
83
166
223
226
173
91
30
7
3
2
2
2
2
2
2
2
2
2
2
2
2
1
1
1
0
0
0
0
26
83
166
223
227
175
96
38
16
12
12
11
11
11
11
11
11
11
11
11
11
9
5
2
1
0
0
0
0
26
83
166
224
230
188
122
73
55
52
51
51
51
51
51
51
51
51
51
51
48
38
22
8
2
0
0
0
0
26
83
166
225
238
214
173
143
132
130
130
130
130
130
130
130
130
130
129
129
121
97
56
20
5
0
0
0
0
26
83
166
226
245
239
223
212
207
206
206
206
206
206
206
206
206
206
206
204
193
154
88
32
7
0
0
0
0
26
83
166
226
248
248
241
236
234
234
234
234
234
234
234
234
234
234
234
232
219
175
100
36
8
0
0
0
0
26
83
166
226
245
238
221
208
203
203
202
202
202
202
202
202
202
202
202
201
190
152
87
32
7
0
0
0
0
26
83
166
225
238
213
171
141
129
127
127
127
127
127
127
127
127
127
127
126
119
96
55
20
5
0
0
0
0
26
83
166
224
230
189
123
76
58
55
54
54
54
54
54
54
54
54
54
54
51
41
23
9
2
0
0
0
0
26
83
166
223
227
176
98
41
19
15
15
15
15
15
15
15
15
15
15
15
14
11
7
3
1
0
0
0
0
26
83
166
223
226
173
92
32
9
4
4
4
4
4
4
4
4
4
4
4
3
3
2
1
1
0
0
0
0
26
83
166
223
226
173
91
30
7
2
2
1
1
1
1
1
1
1
1
1
1
1
1
1
1
0
0
0
0
26
83
166
223
226
173
91
30
7
2
1
1
1
1
1
1
1
1
1
1
1
1
1
1
1
0
0
0
0
26
83
166
223
226
173
91
30
6
2
1
0
0
0
0
0
0
0
0
0
0
0
0
0
0
0
0
0
0
26
83
166
223
226
173
91
30
6
2
1
0
0
0
0
0
0
0
0
0
0
0
0
0
0
0
0
0
0
26
83
166
223
226
173
91
30
6
2
1
1
1
1
1
1
1
1
1
1
1
1
1
1
1
0
0
0
0
26
83
166
223
226
173
91
30
7
2
1
1
1
1
1
1
1
1
1
1
1
1
1
1
1
0
0
0
0
26
83
166
223
226
173
91
31
8
3
2
2
2
2
2
2
2
2
2
2
2
2
2
2
1
0
0
0
0
26
83
166
223
226
174
94
36
14
10
9
9
9
9
9
9
9
9
9
9
9
9
8
6
3
0
0
0
0
26
83
166
223
229
183
112
61
43
40
39
39
39
39
39
39
39
39
39
39
39
38
34
24
11
0
0
0
0
26
83
165
224
235
205
156
122
109
107
106
106
106
106
106
106
106
106
106
106
106
104
93
65
30
0
0
0
0
26
83
165
224
241
230
207
191
185
184
184
184
184
184
184
184
184
184
184
184
183
180
161
113
53
0
0
0
0
26
82
162
220
240
240
235
230
228
228
228
228
228
228
228
228
228
228
228
228
228
223
200
142
66
0
0
0
0
24
74
146
197
216
219
219
218
218
218
218
218
218
218
218
218
218
218
218
218
218
214
191
136
64
0
0
0
0
17
54
106
143
156
158
158
158
158
158
158
158
158
158
158
158
158
158
158
158
158
155
139
98
46
0
0
0
0
9
27
53
72
78
80
80
80
80
80
80
80
80
80
80
80
80
80
80
80
79
78
70
49
23
0
0
0
0
3
8
17
22
25
25
25
25
25
25
25
25
25
25
25
25
25
25
25
25
25
25
22
16
7
0
0
0
0
0
0
0
0
0
0
0
0
0
0
0
0
0
0
0
0
0
0
0
0
0
0
0
0
0
0
0
0
0
0
0
0
0
0
0
0
0
0
0
0
0
0
0
0
0
0
0
0
0
0
0
0
0
0
0
0
