24
37
0
0
0
0
0
0
0
0
0
0
0
0
0
0
0
0
0
0
0
0
0
0
0
0
0
0
0
0
0
0
0
0
0
0
0
0
0
0
0
0
0
0
0
0
0
0
0
0
0
0
17
40
58
64
65
65
65
65
65
65
65
65
65
65
65
65
65
61
47
25
0
0
0
0
41
92
133
148
151
151
151
151
151
151
151
151
151
151
151
151
150
140
108
57
0
0
0
0
59
133
193
216
218
217
216
216
216
216
216
216
216
216
216
216
214
201
155
82
0
0
0
0
65
149
215
237
231
220
214
213
213
213
213
213
213
213
213
213
211
198
152
80
0
0
0
0
66
151
217
230
200
165
147
143
143
143
143
143
143
143
143
143
142
132
102
53
0
0
0
0
66
151
215
215
160
98
66
59
58
58
57
57
57
57
57
57
57
53
41
21
0
0
0
0
66
151
214
208
140
63
24
15
14
13
13
13
13
13
13
13
13
12
9
5
0
0
0
0
66
151
214
207
136
55
14
4
3
2
2
2
2
2
2
2
2
2
2
1
0
0
0
0
66
151
214
207
136
55
13
3
2
1
1
1
1
1
1
1
1
1
1
1
0
0
0
0
66
151
214
207
136
55
13
2
1
1
1
1
1
1
1
1
1
1
1
1
0
0
0
0
66
151
214
207
136
55
13
3
2
1
1
1
1
1
1
1
1
1
1
1
0
0
0
0
66
151
214
207
136
56
14
4
3
3
3
3
3
3
3
3
3
2
2
1
0
0
0
0
66
151
214
210
144
69
31
22
22
21
21
21
21
21
21
21
20
16
9
3
0
0
0
0
66
151
216
220
173
117
89
83
82
82
82
82
82
82
82
81
77
61
33
11
0
0
0
0
66
151
219
236
217
191
178
175
175
175
175
175
175
175
175
174
164
129
70
23
0
0
0
0
66
151
220
245
240
230
225
224
224
224
224
224
224
224
224
223
211
166
90
29
0
0
0
0
66
151
220
240
227
208
199
197
196
196
196
196
196
196
196
196
185
146
79
26
0
0
0
0
66
151
217
225
187
141
118
113
112
112
112
112
112
112
112
112
106
84
45
15
0
0
0
0
66
151
215
213
152
83
48
40
39
39
39
39
39
39
39
39
37
29
16
5
0
0
0
0
66
151
214
208
138
59
19
9
9
8
8
8
8
8
8
8
8
6
4
1
0
0
0
0
66
151
214
207
136
55
13
3
2
2
2
2
2
2
2
2
2
2
1
1
0
0
0
0
66
151
214
207
136
55
13
3
1
1
1
1
1
1
1
1
1
1
1
1
0
0
0
0
66
151
214
207
136
54
13
2
1
1
0
0
0
0
0
0
0
0
0
0
0
0
0
0
66
151
214
207
136
54
13
2
1
1
0
0
0
0
0
0
0
0
0
0
0
0
0
0
66
151
214
207
136
55
13
3
2
1
1
1
1
1
1
1
1
1
1
1
0
0
0
0
66
151
214
207
136
55
14
4
3
2
2
2
2
2
2
2
2
2
2
1
0
0
0
0
66
151
214
208
140
63
24
15
14
13
13
13
13
13
13
13
13
13
11
7
0
0
0
0
66
151
215
215
160
98
66
59
58
58
57
57
57
57
57
57
57
55
47
29
0
0
0
0
66
151
217
230
200
165
147
143
143
143
143
143
143
143
143
143
142
138
117
72
0
0
0
0
65
149
215
237
231
220
214
213
213
213
213
213
213
213
213
213
212
206
174
108
0
0
0
0
59
133
193
216
218
217
216
216
216
216
216
216
216
216
216
216
215
209
177
110
0
0
0
0
41
92
133
148
151
151
151
151
151
151
151
151
151
151
151
151
150
146
124
77
0
0
0
0
17
40
58
64
65
65
65
65
65
65
65
65
65
65
65
65
65
63
54
33
0
0
0
0
0
0
0
0
0
0
0
0
0
0
0
0
0
0
0
0
0
0
0
0
0
0
0
0
0
0
0
0
0
0
0
0
0
0
0
0
0
0
0
0
0
0
0
0
0
0
