14
27
0
0
0
0
0
0
0
0
0
0
0
0
0
0
0
0
0
0
0
0
0
0
0
0
0
0
0
0
0
0
12
55
124
167
167
124
55
12
0
0
0
0
0
0
15
73
167
225
225
167
73
15
0
0
0
0
0
0
27
88
183
241
241
183
89
30
12
5
0
0
0
0
66
128
201
244
244
201
132
85
55
24
0
0
0
0
128
190
232
251
251
232
201
171
124
55
0
0
0
0
168
229
251
255
255
251
244
226
167
73
0
0
0
0
168
229
251
255
255
251
244
226
167
73
0
0
0
0
128
190
232
251
251
232
201
171
124
55
0
0
0
0
66
128
201
244
244
201
132
85
55
24
0
0
0
0
27
88
183
241
241
183
89
30
12
5
0
0
0
0
16
78
178
240
240
178
78
16
0
0
0
0
0
0
16
78
178
240
240
178
78
16
0
0
0
0
0
0
16
78
178
240
240
178
78
16
0
0
0
0
0
0
16
78
178
240
240
178
78
16
0
0
0
0
0
0
16
78
178
240
240
178
78
16
0
0
0
0
0
0
16
78
178
240
240
178
78
16
0
0
0
0
0
0
16
78
178
240
240
178
78
16
0
0
0
0
0
0
16
78
178
240
241
183
89
30
12
5
0
0
0
0
15
74
171
236
243
201
132
85
55
24
0
0
0
0
12
59
147
221
246
232
201
171
124
55
0
0
0
0
5
34
105
190
240
250
244
226
167
73
0
0
0
0
1
15
65
146
211
236
240
225
167
73
0
0
0
0
0
5
30
85
142
171
178
167
124
55
0
0
0
0
0
0
0
0
0
0
0
0
0
0
0
0
0
0
0
0
0
0
0
0
0
0
0
0
0
0
