15
27
0
0
0
0
0
0
0
0
0
0
0
0
0
0
0
0
0
0
0
0
0
0
0
0
0
0
0
0
0
0
0
0
12
55
124
167
167
124
55
12
0
0
0
0
0
0
0
15
73
167
225
225
168
78
26
11
5
1
0
0
0
0
27
88
183
241
241
186
108
70
51
24
5
0
0
0
0
66
128
201
244
244
208
163
147
117
55
12
0
0
0
0
128
190
232
251
251
236
220
212
167
80
19
0
0
0
0
161
226
250
255
255
251
244
229
182
98
30
0
0
0
0
142
211
241
251
255
251
232
197
153
93
36
0
0
0
0
85
147
195
232
251
244
201
131
81
48
20
0
0
0
0
30
70
128
201
244
241
183
89
30
12
5
0
0
0
0
5
27
88
183
241
240
178
78
16
0
0
0
0
0
0
0
16
78
178
240
240
178
78
16
0
0
0
0
0
0
0
16
78
178
240
240
178
78
16
0
0
0
0
0
0
0
16
78
178
240
240
178
78
16
0
0
0
0
0
0
0
16
78
178
240
240
178
78
16
0
0
0
0
0
0
0
16
78
178
240
240
178
78
16
0
0
0
0
0
0
0
16
78
178
240
240
178
78
16
0
0
0
0
0
0
0
15
74
171
236
240
183
89
31
15
12
0
0
0
0
0
12
59
147
221
240
201
132
89
73
55
0
0
0
0
0
5
34
105
190
236
231
201
183
167
124
0
0
0
0
0
1
15
66
151
221
246
244
241
225
167
0
0
0
0
0
0
5
34
105
190
240
250
244
226
167
0
0
0
0
0
0
1
15
65
146
207
217
197
170
124
0
0
0
0
0
0
0
5
30
85
136
141
109
80
55
0
0
0
0
0
0
0
0
0
0
0
0
0
0
0
0
0
0
0
0
0
0
0
0
0
0
0
0
0
0
0
0
