16
27
0
0
0
0
0
0
0
0
0
0
0
0
0
0
0
0
0
0
0
0
0
0
0
0
0
0
0
0
0
0
0
0
0
0
36
93
148
167
142
85
30
5
0
0
0
0
0
0
0
0
30
98
182
225
210
143
63
22
11
5
1
0
0
0
0
0
20
85
182
240
237
180
104
69
51
24
5
0
0
0
0
0
27
88
183
241
244
208
163
147
117
55
12
0
0
0
0
0
66
128
201
244
251
236
220
212
167
80
19
1
0
0
0
0
122
186
231
251
255
252
248
236
185
99
30
4
0
0
0
0
136
207
240
251
255
255
247
221
168
97
36
7
0
0
0
0
100
171
210
236
251
251
226
170
105
55
20
4
0
0
0
0
55
108
153
208
244
244
198
114
45
15
5
1
0
0
0
0
20
51
103
186
241
241
182
85
20
1
0
0
0
0
0
0
4
22
78
172
236
240
182
85
20
1
0
0
0
0
0
0
0
12
59
147
221
240
197
109
35
5
0
0
0
0
0
0
0
5
35
109
197
240
221
147
59
12
0
0
0
0
0
0
0
1
20
85
182
240
236
171
74
15
0
0
0
0
0
0
0
0
16
78
178
240
240
178
78
16
0
0
0
0
0
0
0
0
16
78
178
240
240
178
78
16
0
0
0
0
0
0
0
0
15
74
171
236
240
183
89
31
15
12
0
0
0
0
0
0
12
59
147
221
240
201
132
89
73
55
0
0
0
0
0
0
5
34
105
190
236
231
201
183
167
124
0
0
0
0
0
0
1
15
66
151
221
246
244
241
225
167
0
0
0
0
0
0
0
5
34
105
190
240
250
244
226
167
0
0
0
0
0
0
0
1
15
65
146
207
217
197
170
124
0
0
0
0
0
0
0
0
5
30
85
136
141
109
80
55
0
0
0
0
0
0
0
0
0
0
0
0
0
0
0
0
0
0
0
0
0
0
0
0
0
0
0
0
0
0
0
0
0
0
