17
26
0
0
0
0
0
0
0
0
0
0
0
0
0
0
0
0
0
0
0
0
0
0
0
0
0
0
0
0
0
0
0
0
0
0
0
0
55
122
167
183
166
108
41
8
0
0
0
0
0
0
0
0
0
74
162
221
235
210
142
65
22
8
3
1
0
0
0
0
0
0
80
172
234
249
228
176
114
73
43
19
5
1
0
0
0
0
0
88
178
236
252
244
221
191
159
111
55
17
3
0
0
0
0
0
115
196
243
255
253
248
241
222
171
94
31
5
0
0
0
0
0
153
221
250
255
255
253
248
231
182
100
33
5
0
0
0
0
0
175
231
247
251
253
246
226
191
138
69
20
3
0
0
0
0
0
167
209
218
233
246
238
199
138
77
30
7
1
0
0
0
0
0
120
146
161
202
238
241
201
126
52
12
1
0
0
0
0
0
0
53
71
108
179
234
246
213
138
57
12
1
0
0
0
0
0
0
12
29
80
166
229
247
221
155
76
23
3
0
0
0
0
0
0
2
15
62
143
214
243
230
180
106
39
8
0
0
0
0
0
0
1
7
38
108
190
237
241
203
130
51
10
0
0
0
0
0
0
1
3
24
85
175
234
247
216
145
60
13
1
0
0
0
0
0
0
2
19
76
165
229
248
227
164
82
24
3
0
0
0
0
0
0
2
15
62
143
214
246
239
194
117
47
17
9
0
0
0
0
0
1
7
38
108
190
239
247
216
150
85
60
44
0
0
0
0
0
1
3
24
85
174
233
250
231
188
149
136
106
0
0
0
0
0
0
2
19
75
161
224
247
245
228
213
204
163
0
0
0
0
0
0
2
14
57
129
192
229
245
248
242
229
189
0
0
0
0
0
0
1
6
29
75
131
180
216
230
220
192
156
0
0
0
0
0
0
1
2
9
29
64
105
145
162
146
108
75
0
0
0
0
0
0
0
0
0
0
0
0
0
0
0
0
0
0
0
0
0
0
0
0
0
0
0
0
0
0
0
0
0
0
0
0
