14
28
0
0
0
0
0
0
0
0
0
0
0
0
0
0
0
0
0
0
0
0
0
0
0
0
0
0
0
0
0
0
0
12
55
124
167
167
124
55
12
0
0
0
0
0
0
15
73
167
225
225
167
73
15
0
0
0
0
0
5
27
88
183
241
240
178
78
16
0
0
0
0
0
24
66
128
201
244
241
183
89
30
12
0
0
0
0
55
128
190
232
251
244
201
132
85
55
0
0
0
0
80
171
230
251
255
251
232
200
168
117
0
0
0
0
99
186
240
255
255
251
244
236
206
136
0
0
0
0
98
171
227
251
251
236
220
215
182
104
0
0
0
0
59
124
200
244
244
208
163
148
121
61
0
0
0
0
27
88
183
241
241
186
108
70
51
24
0
0
0
0
16
78
178
240
240
179
83
27
11
5
0
0
0
0
16
78
178
240
240
178
78
16
0
0
0
0
0
0
16
78
178
240
240
178
78
16
0
0
0
0
0
0
16
78
178
240
240
178
78
16
0
0
0
0
0
0
16
78
178
240
240
178
78
16
0
0
0
0
0
0
16
78
178
240
240
178
78
16
0
0
0
0
0
0
16
78
178
240
240
178
78
16
0
0
0
0
0
0
20
85
182
241
240
178
78
16
0
0
0
0
0
0
31
102
193
243
241
183
88
27
5
1
0
0
0
0
41
116
202
246
244
201
128
66
24
5
0
0
0
0
30
99
186
240
250
232
190
128
55
12
0
0
0
0
15
65
146
211
236
240
225
167
73
15
0
0
0
0
5
30
85
142
175
197
206
163
73
15
0
0
0
0
1
9
30
58
81
109
136
117
55
12
0
0
0
0
0
0
0
0
0
0
0
0
0
0
0
0
0
0
0
0
0
0
0
0
0
0
0
0
0
0
