14
27
0
0
0
0
0
0
0
0
0
0
0
0
0
0
0
0
0
0
0
0
0
0
0
0
0
0
0
0
0
0
0
0
15
70
148
182
170
124
55
12
0
0
0
0
5
12
30
88
178
229
226
167
73
15
0
0
0
0
24
55
85
132
201
244
241
183
88
27
0
0
0
0
55
124
171
201
232
251
244
201
128
66
0
0
0
0
73
167
226
244
251
255
251
232
190
128
0
0
0
0
73
168
229
251
255
255
255
251
229
168
0
0
0
0
55
128
190
232
251
255
251
244
226
167
0
0
0
0
25
70
134
205
245
251
232
201
171
124
0
0
0
0
10
45
119
201
244
241
195
128
84
55
0
0
0
0
12
59
147
221
246
222
152
71
26
12
0
0
0
0
15
74
171
236
243
197
109
35
5
0
0
0
0
0
16
78
178
240
241
182
85
20
1
0
0
0
0
0
16
78
178
240
240
178
78
16
0
0
0
0
0
0
20
85
182
240
236
171
74
15
0
0
0
0
0
0
35
109
197
240
221
147
59
12
0
0
0
0
0
0
59
147
221
240
197
109
35
5
0
0
0
0
0
0
74
171
236
240
182
85
20
1
0
0
0
0
0
0
74
171
236
240
183
89
30
12
5
1
0
0
0
0
59
147
221
240
201
132
85
55
24
5
0
0
0
0
35
109
197
240
232
200
168
117
51
11
0
0
0
0
19
81
175
236
250
240
207
136
55
11
0
0
0
0
12
58
142
210
236
229
185
104
34
5
0
0
0
0
5
30
85
142
171
168
128
61
15
1
0
0
0
0
0
0
0
0
0
0
0
0
0
0
0
0
0
0
0
0
0
0
0
0
0
0
0
0
0
0
