15
28
0
0
0
0
0
0
0
0
0
0
0
0
0
0
0
0
0
0
0
0
0
0
0
0
0
0
0
0
0
0
0
0
0
0
2
14
56
119
156
144
97
50
17
0
0
0
0
2
6
13
32
85
165
216
215
170
102
39
0
0
0
0
8
29
57
85
130
194
238
242
203
128
49
0
0
0
0
19
65
127
168
196
227
247
241
201
126
52
0
0
0
0
27
88
171
222
240
248
251
238
199
138
77
0
0
0
0
31
92
177
234
253
255
254
246
226
191
138
0
0
0
0
27
76
154
221
250
255
255
253
248
231
182
0
0
0
0
14
46
115
196
243
255
253
248
241
222
171
0
0
0
0
5
27
89
178
236
252
244
221
191
159
111
0
0
0
0
5
26
87
176
234
248
224
170
112
72
43
0
0
0
0
10
42
110
190
237
239
196
122
54
20
8
0
0
0
0
16
64
144
214
243
226
164
82
24
3
0
0
0
0
0
23
82
169
230
247
219
146
61
13
1
0
0
0
0
0
38
108
190
239
246
212
136
53
10
0
0
0
0
0
0
62
143
214
246
239
194
115
42
8
0
0
0
0
0
0
76
165
229
248
227
164
82
24
3
0
0
0
0
0
0
85
175
234
248
219
147
61
13
1
0
0
0
0
0
0
106
189
239
249
220
146
58
11
0
0
0
0
0
0
0
130
207
246
251
227
161
74
22
5
1
1
0
0
0
0
125
201
243
253
239
191
118
57
20
5
1
0
0
0
0
91
170
228
251
250
228
179
112
47
11
1
0
0
0
0
57
132
201
234
243
241
210
141
60
13
1
0
0
0
0
39
97
150
177
196
211
190
124
50
11
1
0
0
0
0
18
46
68
83
107
133
123
74
26
5
1
0
0
0
0
0
0
0
0
0
0
0
0
0
0
0
0
0
0
0
0
0
0
0
0
0
0
0
0
0
0
0
0
