30
37
0
0
0
0
0
0
0
0
0
0
0
0
0
0
0
0
0
0
0
0
0
0
0
0
0
0
0
0
0
0
0
0
0
0
0
0
0
0
0
0
0
0
0
0
0
0
0
0
0
0
0
0
0
0
0
0
0
0
0
0
0
0
37
56
64
61
48
27
10
3
1
1
1
0
0
0
1
1
1
2
6
20
42
58
64
61
49
27
0
0
0
0
73
119
142
142
119
75
32
9
2
1
1
1
0
1
1
1
1
5
20
57
105
137
145
132
97
51
0
0
0
0
82
147
194
208
188
135
70
24
6
2
1
1
1
1
1
1
3
15
49
110
172
205
203
169
110
51
0
0
0
0
56
120
186
225
226
188
119
53
16
4
1
1
1
1
1
2
10
37
94
164
216
231
206
147
79
30
0
0
0
0
26
72
142
204
233
221
169
97
39
11
3
1
1
1
2
6
26
75
146
207
233
220
170
99
40
12
0
0
0
0
9
35
91
162
217
234
209
149
79
28
7
2
1
1
4
17
56
123
192
230
228
187
119
54
17
4
0
0
0
0
3
14
48
111
180
225
231
196
130
62
20
5
2
3
11
41
101
172
222
233
202
139
70
24
6
2
0
0
0
0
2
5
21
63
131
197
232
225
179
109
47
13
4
7
30
82
153
211
234
215
160
88
34
9
2
1
0
0
0
0
1
2
8
30
81
152
211
234
216
161
89
34
11
21
64
133
198
232
225
178
108
47
14
3
1
1
0
0
0
0
1
1
3
12
41
100
171
221
234
204
140
70
34
52
113
183
227
231
195
128
61
20
5
2
1
1
0
0
0
0
1
1
1
4
17
55
120
189
230
230
188
123
83
105
168
220
235
209
149
78
28
8
2
1
1
1
0
0
0
0
0
1
1
2
6
25
72
143
206
235
223
183
152
169
213
237
221
168
97
39
11
3
1
1
1
0
0
0
0
0
0
1
1
1
3
10
36
93
165
219
238
228
215
222
237
231
187
117
52
16
4
2
1
1
0
0
0
0
0
0
0
0
1
1
1
4
15
50
113
184
231
245
246
246
239
204
139
69
23
6
2
1
1
1
0
0
0
0
0
0
0
0
1
1
1
2
6
22
68
142
210
244
253
249
225
166
90
34
9
2
1
1
1
0
0
0
0
0
0
0
0
0
0
1
1
1
3
12
47
119
196
240
253
247
214
143
65
19
4
1
1
1
0
0
0
0
0
0
0
0
0
0
0
1
1
1
4
17
58
131
204
243
253
249
220
155
76
25
6
2
1
1
1
0
0
0
0
0
0
0
0
0
1
1
1
3
10
38
96
169
225
247
251
249
235
189
117
51
15
4
1
1
1
0
0
0
0
0
0
0
0
1
1
1
2
7
26
75
146
209
239
239
231
235
241
221
167
94
38
10
3
1
1
1
0
0
0
0
0
0
0
1
1
1
4
18
58
125
193
232
234
205
180
192
224
236
209
147
76
27
7
2
1
1
1
0
0
0
0
0
1
1
1
3
12
42
103
175
225
235
206
150
109
128
185
229
232
193
125
57
18
4
2
1
1
0
0
0
0
0
1
1
2
8
30
82
153
212
235
217
161
91
50
69
135
201
234
224
173
102
42
12
3
1
1
1
0
0
0
0
1
2
5
22
65
133
198
232
226
179
108
46
18
31
84
156
214
234
212
154
83
31
8
2
1
1
0
0
0
0
1
4
15
51
114
183
227
232
197
131
61
19
6
12
42
103
174
223
232
199
134
65
21
5
2
1
0
0
0
0
3
10
38
95
166
219
235
211
152
81
29
7
2
4
17
57
124
193
231
227
182
111
48
14
3
1
0
0
0
0
7
27
77
147
208
235
222
172
101
41
11
3
1
2
6
26
76
148
210
234
217
161
90
35
9
2
0
0
0
0
18
58
126
194
231
230
189
121
56
17
4
1
1
1
2
10
39
99
170
221
233
204
142
73
26
7
0
0
0
0
43
103
175
224
234
203
141
72
25
6
2
1
1
1
1
4
16
54
120
188
229
230
190
122
56
17
0
0
0
0
81
154
212
234
216
160
89
34
9
3
1
1
1
1
1
2
6
24
70
141
204
234
222
172
100
40
0
0
0
0
116
189
227
223
179
109
47
14
3
1
1
1
0
1
1
1
2
9
34
91
163
216
231
206
145
74
0
0
0
0
123
185
205
182
126
62
20
5
1
1
1
1
0
0
1
1
1
3
14
49
110
173
206
202
163
97
0
0
0
0
89
130
138
113
67
27
7
2
1
1
1
0
0
0
1
1
1
1
5
21
58
106
138
144
125
81
0
0
0
0
39
57
59
45
24
8
2
1
1
1
0
0
0
0
0
1
1
1
2
6
20
42
59
63
57
38
0
0
0
0
0
0
0
0
0
0
0
0
0
0
0
0
0
0
0
0
0
0
0
0
0
0
0
0
0
0
0
0
0
0
0
0
0
0
0
0
0
0
0
0
0
0
0
0
0
0
0
0
0
0
0
0
0
0
0
0
0
0
