35
43
0
0
0
0
0
0
0
0
0
0
0
0
0
0
0
0
0
0
0
0
0
0
0
0
0
0
0
0
0
0
0
0
0
0
0
0
0
0
0
0
0
0
0
0
0
0
0
0
0
0
0
0
0
0
0
0
0
0
0
0
0
0
0
0
0
0
0
0
0
0
0
0
47
68
77
78
72
55
31
13
4
2
1
1
1
0
0
0
0
1
1
1
1
3
10
26
50
69
78
78
73
58
34
0
0
0
0
82
125
149
155
146
118
74
34
11
3
2
1
1
1
0
0
1
1
1
1
2
8
26
64
109
142
154
152
135
101
56
0
0
0
0
90
150
193
211
208
181
129
69
27
8
3
1
1
1
1
0
1
1
1
2
6
20
56
113
170
204
212
199
164
110
56
0
0
0
0
66
127
186
223
235
221
178
114
54
19
5
2
1
1
1
1
1
1
2
4
15
44
98
162
212
234
229
198
143
82
35
0
0
0
0
35
83
147
203
234
238
213
160
94
41
13
4
2
1
1
1
1
1
3
10
33
82
146
202
234
238
214
163
98
45
16
0
0
0
0
15
45
100
165
216
239
234
199
140
76
31
9
3
1
1
1
1
2
6
23
65
128
190
229
240
224
181
118
58
20
6
0
0
0
0
6
21
59
119
182
225
240
227
185
123
62
22
6
2
1
1
2
5
16
48
106
172
220
240
231
195
136
73
29
9
3
0
0
0
0
3
9
29
74
137
196
232
239
218
169
104
48
16
4
2
1
3
11
36
87
152
208
236
237
208
154
89
38
12
4
2
0
0
0
0
2
4
13
39
89
154
209
237
236
207
151
86
36
11
3
2
7
27
71
134
194
231
239
220
172
107
50
17
5
2
1
0
0
0
0
1
2
5
18
51
108
173
220
239
231
194
133
70
27
8
6
19
55
115
180
224
240
228
188
127
65
24
7
2
1
1
0
0
0
0
1
1
2
7
25
66
127
189
228
240
224
179
114
54
20
17
43
97
163
215
239
235
202
145
81
33
10
3
1
1
1
0
0
0
0
1
1
1
3
11
34
81
145
203
235
239
214
160
94
47
42
82
146
204
235
239
215
163
97
44
15
4
2
1
1
1
0
0
0
0
1
1
1
2
5
15
44
98
164
216
240
235
201
143
94
89
133
192
231
241
224
180
116
56
20
6
2
1
1
1
0
0
0
0
0
0
1
1
1
2
6
21
58
118
183
227
242
229
193
156
152
185
224
242
233
194
134
71
28
9
3
1
1
1
1
0
0
0
0
0
0
1
1
1
2
3
9
29
75
139
199
235
243
230
211
209
226
242
239
209
153
87
37
12
4
2
1
1
1
0
0
0
0
0
0
0
0
1
1
1
2
4
13
40
92
157
212
241
246
243
242
246
244
221
172
106
49
17
5
2
1
1
1
0
0
0
0
0
0
0
0
0
1
1
1
1
2
6
18
52
111
177
226
247
252
253
249
232
189
125
63
24
7
3
1
1
1
1
0
0
0
0
0
0
0
0
0
0
1
1
1
1
3
8
28
74
143
207
242
253
253
245
215
155
85
34
10
3
1
1
1
1
0
0
0
0
0
0
0
0
0
0
0
0
1
1
1
2
6
20
60
129
198
239
252
253
242
206
140
68
23
6
2
1
1
1
0
0
0
0
0
0
0
0
0
0
0
0
1
1
1
1
3
8
28
75
144
207
242
253
253
245
215
155
83
32
9
3
1
1
1
1
0
0
0
0
0
0
0
0
0
0
1
1
1
1
2
5
18
52
111
178
226
248
252
253
249
232
187
121
59
21
6
2
1
1
1
1
0
0
0
0
0
0
0
0
0
1
1
1
2
4
12
39
90
156
212
241
247
244
243
247
243
218
166
99
45
15
5
2
1
1
1
0
0
0
0
0
0
0
0
1
1
1
1
3
9
29
74
137
197
234
244
232
214
212
228
242
237
205
147
83
34
11
4
2
1
1
1
0
0
0
0
0
0
0
1
1
1
2
6
20
58
119
183
226
243
232
199
161
155
187
225
242
231
191
129
66
24
7
3
1
1
1
0
0
0
0
0
0
1
1
1
2
4
14
43
98
165
217
240
237
205
150
99
91
133
193
232
242
222
174
108
50
17
5
2
1
1
1
0
0
0
0
0
1
1
1
3
10
32
79
144
203
235
240
216
164
99
50
43
83
149
208
238
238
209
153
88
37
12
4
2
1
1
1
0
0
0
0
1
1
2
7
24
64
125
187
228
240
225
181
116
56
21
17
45
102
169
218
239
231
195
135
72
28
9
3
1
1
1
0
0
0
0
1
2
5
18
51
108
172
220
240
233
197
136
71
27
8
7
21
60
121
184
226
239
224
181
117
57
20
6
2
1
1
0
0
0
0
2
4
13
40
91
155
210
237
238
211
157
91
38
12
3
3
8
29
75
139
199
233
238
215
164
97
43
14
4
2
1
0
0
0
0
3
9
30
75
138
197
232
240
221
174
110
52
18
5
2
2
3
12
40
93
160
213
238
235
202
142
77
31
9
3
1
0
0
0
0
6
21
60
121
183
226
241
230
190
129
66
25
7
2
1
1
2
5
18
54
115
180
224
240
227
185
122
61
23
7
2
0
0
0
0
14
45
101
167
217
239
235
204
148
83
34
10
3
1
1
1
1
2
8
28
72
136
197
232
239
218
169
105
49
17
5
0
0
0
0
33
81
147
204
236
239
215
164
100
46
15
4
2
1
1
1
1
1
4
12
39
90
155
209
237
236
208
153
89
38
12
0
0
0
0
65
127
189
229
240
224
180
116
57
21
6
2
1
1
1
1
1
1
2
5
17
50
107
172
221
240
231
195
134
70
26
0
0
0
0
103
170
219
239
232
196
136
72
28
8
3
1
1
1
1
1
1
1
1
2
7
24
65
128
190
229
240
223
177
112
53
0
0
0
0
132
196
230
232
207
155
90
38
12
4
2
1
1
1
0
0
1
1
1
1
3
10
34
83
149
204
232
233
206
152
87
0
0
0
0
133
187
209
200
163
106
51
17
5
2
1
1
1
0
0
0
0
1
1
1
2
4
15
47
101
160
200
213
202
166
107
0
0
0
0
99
138
150
137
102
57
23
7
2
1
1
1
1
0
0
0
0
1
1
1
1
2
6
21
55
101
138
154
151
131
90
0
0
0
0
50
69
75
66
45
23
8
3
1
1
1
1
0
0
0
0
0
0
1
1
1
1
2
8
22
46
67
77
77
69
49
0
0
0
0
0
0
0
0
0
0
0
0
0
0
0
0
0
0
0
0
0
0
0
0
0
0
0
0
0
0
0
0
0
0
0
0
0
0
0
0
0
0
0
0
0
0
0
0
0
0
0
0
0
0
0
0
0
0
0
0
0
0
0
0
0
0
0
0
0
0
0
0
