35
37
0
0
0
0
0
0
0
0
0
0
0
0
0
0
0
0
0
0
0
0
0
0
0
0
0
0
0
0
0
0
0
0
0
0
0
0
0
0
0
0
0
0
0
0
0
0
0
0
0
0
0
0
0
0
0
0
0
0
0
0
0
0
0
0
0
0
0
0
0
0
0
0
39
57
65
66
61
47
27
11
4
2
1
1
1
0
0
0
0
1
1
1
1
3
9
23
43
59
66
66
61
48
28
0
0
0
0
75
115
139
146
138
113
73
35
12
4
2
1
1
1
0
0
1
1
1
1
3
9
27
63
105
135
145
142
125
92
51
0
0
0
0
82
139
184
206
206
182
134
76
32
10
3
1
1
1
1
1
1
1
1
2
8
25
63
119
172
203
208
191
153
101
50
0
0
0
0
56
111
170
213
232
224
188
129
69
27
8
3
1
1
1
1
1
1
2
7
22
58
114
174
217
232
221
183
126
69
29
0
0
0
0
25
64
121
181
222
237
223
180
119
61
24
7
2
1
1
1
1
2
5
18
51
107
169
215
236
229
195
138
78
33
11
0
0
0
0
9
29
71
131
189
226
236
218
172
111
56
21
6
2
1
1
2
5
15
44
96
159
210
235
232
201
147
86
38
13
4
0
0
0
0
3
11
33
78
138
195
229
235
214
165
103
49
17
5
2
2
4
13
38
87
149
203
233
234
207
154
93
43
15
5
2
0
0
0
0
1
4
13
38
85
146
201
232
234
208
157
95
43
15
4
3
10
33
79
141
197
230
235
213
164
101
48
17
5
2
1
0
0
0
0
1
2
4
15
43
93
156
208
234
233
203
149
87
38
13
10
29
71
132
191
228
237
217
172
110
55
21
6
2
1
1
0
0
0
0
1
1
2
5
18
49
102
164
213
236
231
197
140
78
37
33
66
125
185
225
237
222
179
118
61
24
8
3
1
1
1
0
0
0
0
1
1
1
2
6
21
54
110
172
218
238
228
190
132
85
80
121
179
223
238
226
186
127
67
27
9
3
1
1
1
1
0
0
0
0
0
1
1
1
3
8
24
61
120
182
224
239
225
189
153
149
181
220
239
230
193
135
75
31
10
4
2
1
1
1
0
0
0
0
0
0
1
1
1
1
3
9
28
70
131
190
229
240
230
213
212
226
240
234
200
144
82
36
12
4
2
1
1
1
0
0
0
0
0
0
0
0
1
1
1
2
4
11
33
78
140
198
234
245
244
244
246
238
208
153
90
41
14
4
2
1
1
1
0
0
0
0
0
0
0
0
0
0
1
1
1
2
4
13
40
91
159
215
244
252
253
247
222
170
103
47
17
5
2
1
1
1
1
0
0
0
0
0
0
0
0
0
0
0
1
1
1
3
7
24
67
136
202
240
252
253
244
210
147
76
28
8
3
1
1
1
0
0
0
0
0
0
0
0
0
0
0
0
1
1
1
1
3
10
32
80
148
209
242
253
253
246
217
159
88
36
11
4
1
1
1
1
0
0
0
0
0
0
0
0
0
0
1
1
1
1
3
8
24
62
122
185
229
247
249
250
248
233
193
131
69
28
9
3
1
1
1
1
0
0
0
0
0
0
0
0
0
1
1
1
2
6
20
55
110
172
220
241
240
230
228
237
242
225
181
119
61
24
8
3
1
1
1
1
0
0
0
0
0
0
0
1
1
1
2
5
17
48
102
164
214
238
235
210
180
176
201
230
239
219
173
111
55
20
6
2
1
1
1
0
0
0
0
0
0
1
1
1
2
4
14
41
92
155
208
236
236
208
158
112
104
143
197
232
237
214
164
101
47
17
5
2
1
1
1
0
0
0
0
0
1
1
1
4
12
36
82
144
201
233
237
212
161
100
53
47
85
147
203
234
235
207
154
91
41
15
5
2
1
1
1
0
0
0
0
1
1
3
11
32
76
136
193
229
237
217
169
106
51
20
16
41
93
157
209
234
231
200
145
84
37
12
4
1
1
1
0
0
0
0
1
3
9
29
70
129
187
226
237
222
179
117
58
21
6
5
16
48
101
164
213
235
229
194
137
76
31
10
3
1
1
0
0
0
0
2
8
25
64
122
181
223
238
225
186
127
67
26
8
2
2
6
19
54
110
173
219
237
226
187
126
66
26
8
3
1
0
0
0
0
6
21
57
114
175
219
237
229
193
136
75
31
10
3
1
1
2
7
23
62
122
183
224
237
221
177
116
59
23
7
2
0
0
0
0
18
49
104
167
215
237
231
199
144
83
36
12
4
1
1
1
1
2
9
29
72
133
192
228
236
216
169
109
54
20
6
0
0
0
0
43
94
157
209
235
233
204
151
90
41
14
4
2
1
1
1
1
1
3
11
35
81
142
198
231
235
212
163
101
47
16
0
0
0
0
82
146
202
232
235
210
159
97
45
16
5
2
1
1
1
1
1
1
1
4
13
39
89
151
206
234
234
206
153
90
40
0
0
0
0
120
184
223
232
213
168
106
51
18
6
2
1
1
1
0
0
1
1
1
2
5
16
46
99
162
211
232
226
193
136
74
0
0
0
0
127
182
206
199
166
112
58
22
6
2
1
1
1
1
0
0
0
1
1
1
2
6
19
53
108
163
199
209
195
156
99
0
0
0
0
93
129
142
130
98
57
24
8
2
1
1
1
1
0
0
0
0
1
1
1
1
2
7
22
55
98
131
145
142
122
83
0
0
0
0
42
59
63
56
39
20
7
2
1
1
1
1
0
0
0
0
0
0
1
1
1
1
2
7
20
40
57
65
65
58
41
0
0
0
0
0
0
0
0
0
0
0
0
0
0
0
0
0
0
0
0
0
0
0
0
0
0
0
0
0
0
0
0
0
0
0
0
0
0
0
0
0
0
0
0
0
0
0
0
0
0
0
0
0
0
0
0
0
0
0
0
0
0
0
0
0
0
0
0
0
0
0
0
