36
48
0
0
0
0
0
0
0
0
0
0
0
0
0
0
0
0
0
0
0
0
0
0
0
0
0
0
0
0
0
0
0
0
0
0
0
0
0
0
0
0
0
0
0
0
0
0
0
0
0
0
0
0
0
0
0
0
0
0
0
0
0
0
0
0
0
0
0
0
0
0
0
0
0
0
13
27
38
42
42
37
27
15
6
2
1
1
1
1
0
0
0
0
0
1
1
1
2
4
12
25
36
41
42
40
33
20
0
0
0
0
30
63
91
104
106
97
74
43
17
5
2
1
1
1
0
0
0
0
1
1
1
1
4
13
36
68
94
105
106
98
77
45
0
0
0
0
42
92
142
170
178
168
137
88
40
13
4
2
1
1
1
0
0
1
1
1
1
3
9
31
75
127
163
177
174
154
113
62
0
0
0
0
38
92
155
201
221
219
191
138
75
29
8
3
1
1
1
1
0
1
1
1
2
6
21
60
120
180
215
223
208
170
113
56
0
0
0
0
24
65
128
188
227
238
224
181
116
54
18
5
2
1
1
1
1
1
1
2
4
14
44
99
165
215
237
232
200
143
81
34
0
0
0
0
11
35
85
151
207
236
238
213
157
89
37
11
3
1
1
1
1
1
1
3
9
30
78
143
202
234
240
218
168
101
45
15
0
0
0
0
5
16
49
108
174
222
241
232
194
131
67
25
7
2
1
1
1
1
2
5
19
57
119
184
227
241
229
190
127
63
23
7
0
0
0
0
2
7
25
69
134
196
232
241
222
173
108
50
16
4
2
1
1
1
3
11
38
92
160
214
239
237
207
150
85
35
11
3
0
0
0
0
2
3
12
39
91
157
211
238
237
208
151
85
34
10
3
2
1
2
7
25
68
133
195
233
241
221
173
107
49
17
5
2
0
0
0
0
1
2
5
19
54
113
178
224
241
230
190
126
63
22
6
2
2
4
16
49
108
174
222
241
232
194
132
68
25
7
2
1
0
0
0
0
1
1
2
8
28
73
138
199
234
240
219
168
102
45
14
4
3
9
34
85
152
208
237
239
212
158
90
38
12
3
1
1
0
0
0
0
1
1
1
4
13
42
96
163
216
239
236
204
146
79
30
9
7
22
62
127
191
231
241
225
180
115
55
19
5
2
1
1
0
0
0
0
1
1
1
2
6
21
59
121
185
228
241
228
186
120
57
21
17
45
102
169
220
241
234
199
139
74
29
9
3
1
1
1
0
0
0
0
0
1
1
1
3
10
32
79
145
203
236
240
216
162
93
45
40
81
147
206
237
240
216
163
96
41
13
4
2
1
1
1
0
0
0
0
0
1
1
1
2
4
15
45
102
169
220
241
235
198
138
86
81
127
189
231
243
228
185
120
58
20
6
2
1
1
1
0
0
0
0
0
0
0
1
1
1
2
7
23
63
128
192
232
243
226
185
143
138
176
221
243
237
203
144
79
31
9
3
2
1
1
1
0
0
0
0
0
0
0
1
1
1
2
4
11
35
87
155
212
240
242
223
198
196
217
240
243
220
168
101
45
15
5
2
1
1
1
0
0
0
0
0
0
0
0
0
1
1
1
2
5
18
52
112
178
226
245
244
236
235
242
246
233
191
126
63
23
7
3
1
1
1
0
0
0
0
0
0
0
0
0
0
1
1
1
1
3
8
27
71
136
199
236
249
251
251
250
241
209
152
85
35
11
3
2
1
1
1
0
0
0
0
0
0
0
0
0
0
0
1
1
1
2
4
13
40
95
164
219
246
253
254
248
226
176
108
49
17
5
2
1
1
1
0
0
0
0
0
0
0
0
0
0
0
0
0
1
1
1
2
7
23
66
134
201
240
252
253
243
210
146
75
27
8
3
1
1
1
0
0
0
0
0
0
0
0
0
0
0
0
0
0
1
1
1
2
5
18
57
125
196
238
252
253
242
204
137
65
21
6
2
1
1
1
0
0
0
0
0
0
0
0
0
0
0
0
0
0
1
1
1
3
8
27
73
142
206
242
253
253
245
214
153
81
30
9
3
1
1
1
1
0
0
0
0
0
0
0
0
0
0
0
0
1
1
1
2
5
15
47
106
174
225
248
253
254
249
230
184
115
53
18
5
2
1
1
1
0
0
0
0
0
0
0
0
0
0
0
1
1
1
1
3
9
31
79
146
206
240
250
249
249
250
243
214
156
88
36
11
4
2
1
1
1
0
0
0
0
0
0
0
0
0
0
1
1
1
2
6
21
59
121
185
230
246
242
230
229
239
246
234
194
130
67
25
7
3
1
1
1
1
0
0
0
0
0
0
0
0
1
1
1
2
4
13
42
97
164
217
242
241
218
190
186
210
237
243
223
174
107
49
16
5
2
1
1
1
0
0
0
0
0
0
0
0
1
1
1
3
8
27
73
140
201
236
243
225
180
133
126
165
214
241
239
208
150
82
32
10
3
2
1
1
1
0
0
0
0
0
0
1
1
1
2
5
17
51
112
179
226
243
233
195
134
79
70
115
181
228
243
230
188
122
59
21
6
3
1
1
1
0
0
0
0
0
1
1
1
1
3
11
36
87
154
211
239
239
211
155
88
40
34
73
140
202
236
241
217
163
96
42
14
4
2
1
1
1
0
0
0
0
1
1
1
2
7
25
66
130
192
231
242
225
178
111
50
18
14
41
97
166
218
240
234
199
139
75
29
9
3
1
1
1
0
0
0
0
1
1
2
5
16
49
107
173
221
241
234
199
137
71
26
7
6
20
59
122
186
228
241
225
181
116
55
19
5
2
1
1
0
0
0
0
1
2
3
11
34
84
150
207
237
240
216
164
96
40
12
3
3
9
31
79
146
205
236
239
213
159
91
38
11
3
2
1
0
0
0
0
1
2
7
23
64
126
189
230
242
228
186
122
59
20
5
2
2
4
14
45
103
171
220
241
233
195
132
67
24
7
2
1
0
0
0
0
2
4
15
46
103
169
219
241
236
204
146
80
32
9
3
1
1
2
6
23
66
131
194
232
241
221
172
105
47
16
4
2
0
0
0
0
3
9
31
80
146
205
236
241
220
170
103
46
15
4
2
1
1
1
3
11
37
91
159
213
239
236
205
148
82
34
10
3
0
0
0
0
5
19
57
119
185
228
242
230
191
128
65
23
7
2
1
1
1
1
2
5
19
56
117
182
226
241
229
188
126
63
23
7
0
0
0
0
12
40
93
161
215
240
237
207
151
85
35
11
3
1
1
1
1
1
1
2
8
29
76
141
201
235
240
219
169
102
45
14
0
0
0
0
26
71
136
197
233
241
222
173
107
49
17
5
2
1
1
1
1
1
1
1
4
13
43
98
165
218
240
236
203
144
76
29
0
0
0
0
46
107
175
223
240
232
195
133
67
25
7
3
1
1
1
0
0
1
1
1
2
6
21
60
124
189
230
241
226
181
115
54
0
0
0
0
63
134
199
233
235
211
158
91
38
12
3
2
1
1
1
0
0
1
1
1
1
3
10
33
84
152
207
235
236
209
154
87
0
0
0
0
69
139
196
220
211
173
114
55
19
5
2
1
1
1
0
0
0
0
1
1
1
2
4
16
50
108
170
210
223
211
173
110
0
0
0
0
57
113
157
172
158
119
68
28
8
2
1
1
1
1
0
0
0
0
1
1
1
1
2
7
26
65
118
159
176
173
150
103
0
0
0
0
34
68
94
101
89
62
31
11
3
1
1
1
1
0
0
0
0
0
0
1
1
1
1
3
11
31
63
91
104
104
93
66
0
0
0
0
0
0
0
0
0
0
0
0
0
0
0
0
0
0
0
0
0
0
0
0
0
0
0
0
0
0
0
0
0
0
0
0
0
0
0
0
0
0
0
0
0
0
0
0
0
0
0
0
0
0
0
0
0
0
0
0
0
0
0
0
0
0
0
0
0
0
0
0
0
0
