30
43
0
0
0
0
0
0
0
0
0
0
0
0
0
0
0
0
0
0
0
0
0
0
0
0
0
0
0
0
0
0
0
0
0
0
0
0
0
0
0
0
0
0
0
0
0
0
0
0
0
0
0
0
0
0
0
0
0
0
0
0
0
0
44
67
77
74
58
33
13
4
1
1
1
0
0
0
1
1
1
2
8
25
50
70
77
74
59
33
0
0
0
0
79
125
149
148
123
77
33
9
2
1
1
1
0
1
1
1
1
5
21
59
108
143
152
139
104
56
0
0
0
0
88
153
197
207
184
130
65
22
5
1
1
1
1
1
1
1
3
13
45
104
167
203
205
174
117
57
0
0
0
0
67
134
196
227
221
175
105
44
12
3
1
1
1
1
1
2
7
29
80
150
207
230
213
160
92
38
0
0
0
0
38
94
164
217
233
208
147
76
27
7
2
1
1
1
1
4
17
56
122
190
228
228
189
121
56
18
0
0
0
0
18
56
122
190
229
228
186
117
52
16
4
1
1
1
2
9
36
93
165
218
234
210
151
80
29
8
0
0
0
0
8
30
81
152
211
233
215
160
89
34
9
2
1
2
5
21
64
134
200
232
224
177
108
46
14
3
0
0
0
0
3
14
47
108
178
224
231
198
132
63
21
5
2
3
12
42
103
174
223
232
201
136
67
23
6
2
0
0
0
0
2
6
23
68
137
201
232
222
173
102
42
12
4
7
27
76
146
207
233
219
166
94
37
10
3
1
0
0
0
0
1
3
10
38
95
167
219
233
207
146
75
26
8
16
52
117
186
228
230
191
124
58
18
5
1
1
0
0
0
0
1
1
4
18
58
125
192
230
228
186
116
51
21
35
88
160
216
234
211
152
82
31
8
2
1
1
0
0
0
0
1
1
2
8
31
82
153
212
234
215
158
88
49
69
133
199
232
226
180
109
47
14
4
1
1
1
0
0
0
0
1
1
1
4
14
48
110
181
227
232
196
135
96
118
178
225
234
203
139
69
24
6
2
1
1
1
0
0
0
0
0
1
1
2
6
24
71
142
206
235
225
186
157
174
214
237
221
167
96
38
11
3
1
1
1
0
0
0
0
0
0
1
1
1
3
12
41
100
172
223
238
226
212
220
237
233
194
125
58
19
5
2
1
1
0
0
0
0
0
0
0
0
1
1
2
5
20
62
129
197
235
245
243
244
241
215
155
83
31
8
2
1
1
1
0
0
0
0
0
0
0
0
1
1
1
3
9
33
87
161
219
246
252
250
232
184
112
49
15
4
1
1
1
0
0
0
0
0
0
0
0
0
0
1
1
2
5
17
57
128
200
241
252
247
216
152
76
26
7
2
1
1
1
0
0
0
0
0
0
0
0
0
0
1
1
1
3
12
46
114
191
238
252
245
209
138
62
18
4
1
1
1
0
0
0
0
0
0
0
0
0
0
0
1
1
2
5
18
57
129
201
241
252
247
216
151
75
25
6
2
1
1
1
0
0
0
0
0
0
0
0
0
1
1
1
2
9
33
87
161
220
246
252
250
231
182
108
45
13
3
1
1
1
0
0
0
0
0
0
0
0
0
1
1
1
5
19
60
128
196
236
245
244
245
241
212
150
78
28
7
2
1
1
1
0
0
0
0
0
0
0
1
1
1
3
11
40
98
170
222
239
228
215
222
237
231
189
120
54
17
4
1
1
1
0
0
0
0
0
0
0
1
1
2
6
24
71
142
205
236
227
191
162
176
215
236
219
163
91
35
9
3
1
1
1
0
0
0
0
0
1
1
1
3
13
46
110
181
227
234
201
141
100
119
179
226
233
199
132
63
20
5
2
1
1
0
0
0
0
0
1
1
2
8
29
80
152
212
235
217
162
92
51
70
136
202
234
223
172
100
41
12
3
1
1
1
0
0
0
0
1
1
5
18
57
123
190
230
229
187
118
53
22
37
93
166
219
233
205
144
74
26
7
2
1
1
0
0
0
0
1
3
11
38
95
166
219
234
210
149
77
27
9
17
55
122
190
229
227
184
115
51
15
4
1
1
0
0
0
0
2
6
24
70
139
202
233
225
178
107
45
12
4
7
29
80
151
211
233
214
158
86
32
8
2
1
0
0
0
0
4
15
48
110
180
225
233
201
137
68
23
5
2
3
13
46
109
180
226
231
194
126
58
19
5
1
0
0
0
0
8
31
83
154
212
235
219
166
94
37
10
3
1
2
6
24
71
142
205
233
219
167
96
38
11
3
0
0
0
0
18
57
124
192
230
230
191
124
57
18
4
1
1
1
3
11
41
101
172
222
232
202
139
71
25
6
0
0
0
0
36
93
165
219
235
211
152
82
30
8
2
1
1
1
1
5
20
63
131
196
231
226
181
112
48
14
0
0
0
0
66
135
200
233
225
178
108
47
14
4
1
1
1
1
1
2
9
34
88
160
216
234
212
154
82
30
0
0
0
0
100
174
223
232
202
138
68
23
6
2
1
1
1
1
1
1
4
16
52
118
187
228
229
190
121
55
0
0
0
0
126
196
227
216
166
96
38
10
3
1
1
1
0
1
1
1
2
7
27
78
149
208
230
212
157
86
0
0
0
0
126
185
203
177
120
57
18
4
1
1
1
1
0
0
1
1
1
3
13
45
105
168
203
203
167
103
0
0
0
0
94
135
143
116
69
28
7
2
1
1
1
0
0
0
1
1
1
2
5
22
60
109
143
150
131
86
0
0
0
0
47
68
70
54
29
10
3
1
1
1
0
0
0
0
0
1
1
1
2
8
25
51
71
76
68
46
0
0
0
0
0
0
0
0
0
0
0
0
0
0
0
0
0
0
0
0
0
0
0
0
0
0
0
0
0
0
0
0
0
0
0
0
0
0
0
0
0
0
0
0
0
0
0
0
0
0
0
0
0
0
0
0
0
0
0
0
0
0
