26
36
0
0
0
0
0
0
0
0
0
0
0
0
0
0
0
0
0
0
0
0
0
0
0
0
0
0
0
0
0
0
0
0
0
0
0
0
0
0
0
0
0
0
0
0
0
0
0
0
0
0
0
0
0
0
29
51
61
58
42
20
6
2
1
1
1
0
1
1
1
3
12
31
52
62
59
43
0
0
0
0
57
106
137
136
104
56
19
5
1
1
1
1
1
1
2
10
36
82
125
141
127
86
0
0
0
0
63
130
185
201
170
106
44
12
3
1
1
1
1
2
6
25
73
141
191
199
162
97
0
0
0
0
43
106
177
220
211
154
80
27
6
2
1
1
1
3
15
52
120
189
222
204
142
70
0
0
0
0
20
65
137
203
226
194
124
55
15
3
1
1
2
7
33
91
166
218
221
173
98
37
0
0
0
0
8
33
91
166
218
219
169
95
35
8
2
1
4
18
63
136
203
226
196
128
57
16
0
0
0
0
3
14
52
120
190
225
205
142
68
21
5
3
10
41
104
179
223
214
157
82
28
6
0
0
0
0
1
5
25
75
149
210
224
185
112
46
12
7
25
77
151
211
224
184
111
45
12
2
0
0
0
0
1
2
10
40
104
178
222
215
159
83
30
19
53
122
193
226
205
141
68
21
5
1
0
0
0
0
1
1
4
19
62
133
200
226
198
129
63
48
95
169
220
220
169
94
35
9
2
1
0
0
0
0
1
1
2
8
32
87
162
217
222
175
114
99
147
207
227
193
123
54
16
4
1
1
0
0
0
0
1
1
1
3
14
50
117
190
227
212
174
164
197
227
213
152
78
27
7
2
1
1
0
0
0
0
0
1
1
2
6
24
74
149
211
232
223
219
231
226
181
106
42
11
3
1
1
1
0
0
0
0
0
1
1
1
3
11
40
102
178
228
245
246
239
205
137
64
19
4
1
1
1
0
0
0
0
0
0
0
1
1
1
4
19
63
140
211
245
250
229
172
93
33
8
2
1
1
1
0
0
0
0
0
0
0
0
1
1
3
11
45
119
198
242
248
220
152
70
19
4
1
1
1
0
0
0
0
0
0
0
0
1
1
1
3
15
55
130
205
244
249
225
162
80
25
5
1
1
1
0
0
0
0
0
0
0
1
1
1
2
7
31
87
164
223
247
249
237
192
117
48
13
3
1
1
1
0
0
0
0
0
0
1
1
2
4
18
60
132
201
234
235
233
237
219
162
86
30
7
2
1
1
1
0
0
0
0
1
1
1
3
10
40
102
177
224
224
197
189
212
228
201
132
61
18
4
2
1
1
0
0
0
0
1
1
2
6
24
73
148
210
227
193
139
124
166
216
223
176
101
39
10
3
1
1
0
0
0
0
1
1
3
14
49
116
188
226
210
148
82
65
115
186
225
209
146
73
24
6
2
1
0
0
0
0
1
2
8
32
88
162
216
222
175
100
41
28
69
143
207
225
188
117
50
14
3
1
0
0
0
0
1
4
19
63
134
200
227
200
131
59
17
10
35
96
171
220
216
163
88
31
7
2
0
0
0
0
2
10
42
105
179
223
216
162
86
30
7
4
15
55
126
196
226
200
132
60
17
4
0
0
0
0
5
25
78
152
212
225
187
116
48
13
3
2
6
27
82
158
215
222
176
101
39
10
0
0
0
0
14
52
122
193
227
208
145
72
23
5
1
1
2
12
46
114
186
224
209
148
74
24
0
0
0
0
33
91
167
219
221
172
99
38
10
2
1
1
1
5
22
70
144
207
226
191
119
50
0
0
0
0
62
136
203
227
196
127
57
17
4
1
1
1
1
2
9
37
98
173
221
218
164
88
0
0
0
0
90
169
218
212
157
82
29
7
2
1
1
1
1
1
4
17
58
129
197
223
196
128
0
0
0
0
97
167
197
171
107
45
12
3
1
1
1
0
1
1
2
7
30
83
152
196
194
145
0
0
0
0
70
118
132
105
56
19
4
1
1
1
0
0
1
1
1
3
12
42
90
130
138
112
0
0
0
0
0
0
0
0
0
0
0
0
0
0
0
0
0
0
0
0
0
0
0
0
0
0
0
0
0
0
0
0
0
0
0
0
0
0
0
0
0
0
0
0
0
0
0
0
0
0
0
0
0
0
