23
30
0
0
0
0
0
0
0
0
0
0
0
0
0
0
0
0
0
0
0
0
0
0
0
0
0
0
0
0
0
0
0
0
0
0
0
0
0
0
0
0
0
0
0
0
0
0
0
0
0
1
5
15
34
59
74
78
78
78
85
109
147
171
167
124
55
12
0
0
0
0
0
1
9
30
65
105
147
171
178
178
178
182
197
221
236
225
167
73
15
0
0
0
0
0
5
30
85
146
190
221
236
240
240
240
241
244
251
255
240
178
78
16
0
0
0
0
0
15
65
146
212
240
246
243
241
240
240
241
244
251
255
240
178
78
16
0
0
0
0
0
34
105
190
240
246
226
198
182
178
178
183
201
232
251
240
178
78
16
0
0
0
0
0
66
151
221
242
219
167
113
85
78
78
89
132
201
244
240
178
78
16
0
0
0
0
0
105
190
236
225
167
95
42
20
16
16
31
89
183
241
240
178
78
16
0
0
0
0
0
147
221
240
198
113
42
9
1
0
0
16
78
178
240
240
178
78
16
0
0
0
0
0
171
236
240
182
85
20
1
0
0
0
15
74
171
236
240
182
85
20
1
0
0
0
0
171
236
240
182
85
20
1
0
0
0
12
59
147
221
240
197
109
35
5
0
0
0
0
147
221
240
197
109
35
5
0
0
0
5
35
109
197
240
221
147
59
12
0
0
0
0
109
197
240
221
147
59
12
0
0
0
2
24
91
185
241
236
171
74
15
0
0
0
0
85
182
240
237
175
81
19
1
0
1
9
42
113
198
244
240
178
78
16
0
0
0
0
74
171
236
243
198
113
42
9
2
9
37
94
167
226
251
240
178
78
16
0
0
0
0
59
147
221
246
226
167
95
42
24
42
94
163
219
247
255
240
178
78
16
0
0
0
0
34
105
190
240
246
219
167
113
91
113
167
219
247
255
255
240
178
78
16
0
0
0
0
15
65
147
215
246
246
226
198
185
197
221
237
244
251
255
240
178
78
16
0
0
0
0
5
30
89
161
215
240
246
243
241
240
227
205
206
232
251
240
178
78
16
0
0
0
0
1
9
37
89
147
190
221
236
240
229
190
139
142
201
244
240
178
78
16
0
0
0
0
0
1
9
30
65
105
147
171
178
168
128
81
100
183
241
241
182
85
20
0
0
0
0
0
0
1
5
15
34
59
74
78
73
55
39
79
171
236
243
197
109
35
0
0
0
0
0
0
0
0
1
5
12
15
16
15
12
16
60
147
221
246
221
147
59
0
0
0
0
0
0
0
0
0
0
0
0
0
0
0
5
35
109
197
243
236
171
74
0
0
0
0
0
0
0
0
0
0
0
0
0
0
0
1
20
85
182
241
240
178
78
0
0
0
0
0
0
0
0
0
0
0
0
0
0
0
0
15
73
167
225
225
167
73
0
0
0
0
0
0
0
0
0
0
0
0
0
0
0
0
12
55
124
167
167
124
55
0
0
0
0
0
0
0
0
0
0
0
0
0
0
0
0
0
0
0
0
0
0
0
0
0
0
0
0
0
0
0
0
0
0
0
0
0
0
0
0
0
0
0
0
0
0
0
0
