23
30
0
0
0
0
0
0
0
0
0
0
0
0
0
0
0
0
0
0
0
0
0
0
0
0
0
0
0
0
0
0
0
0
0
0
0
0
0
0
0
0
0
0
0
0
0
0
0
0
0
0
1
5
12
19
35
56
56
39
45
90
143
160
124
55
12
0
0
0
0
0
0
1
5
15
34
59
81
109
141
141
115
119
166
214
221
167
73
15
0
0
0
0
0
0
9
30
65
105
147
175
197
217
217
200
201
226
247
239
178
78
16
0
0
0
0
0
0
30
85
146
190
221
236
240
239
236
234
241
250
255
241
182
85
20
1
0
0
0
0
0
58
142
211
241
250
246
226
198
185
197
222
241
251
243
197
109
35
5
0
0
0
0
0
74
171
236
254
247
219
167
113
91
109
152
195
232
246
221
147
59
12
0
0
0
0
0
78
178
239
247
219
163
94
42
24
35
71
128
201
243
236
171
74
15
0
0
0
0
0
85
182
236
226
167
94
37
9
2
5
27
88
183
241
240
178
78
16
0
0
0
0
0
109
197
233
198
113
42
9
1
0
0
16
78
178
240
241
182
85
20
1
0
0
0
0
147
221
237
185
91
24
2
0
0
0
15
74
171
236
243
197
109
35
5
0
0
0
0
165
232
242
197
109
35
5
0
0
0
12
59
147
221
246
221
147
59
12
0
0
0
0
147
221
246
221
147
59
12
0
0
0
5
35
109
197
243
236
171
74
15
0
0
0
0
109
197
243
236
171
74
15
0
0
0
2
24
91
185
241
240
178
78
16
0
0
0
0
85
182
241
241
182
85
20
1
0
1
9
42
113
198
244
240
178
78
16
0
0
0
0
78
178
240
244
198
113
43
14
13
19
42
95
167
226
251
241
182
85
20
0
0
0
0
73
168
229
246
225
167
99
60
63
81
113
167
219
247
255
244
197
109
35
0
0
0
0
55
128
186
225
239
218
173
143
154
175
198
226
247
255
255
251
221
147
59
0
0
0
0
24
61
108
167
218
239
228
216
225
237
243
246
244
245
251
254
236
171
74
0
0
0
0
5
15
41
94
162
214
236
240
240
240
236
221
201
205
232
251
240
178
78
0
0
0
0
0
1
9
37
89
147
186
202
193
182
171
147
120
139
201
244
240
178
78
0
0
0
0
0
0
1
9
30
65
99
116
102
85
74
59
49
89
176
237
240
182
85
0
0
0
0
0
0
0
1
5
15
30
41
31
20
15
12
16
60
147
221
240
197
109
0
0
0
0
0
0
0
0
0
1
4
7
4
1
0
0
5
35
109
197
240
221
147
0
0
0
0
0
0
0
0
0
0
0
0
0
0
0
0
1
20
85
182
240
236
171
0
0
0
0
0
0
0
0
0
0
0
0
0
0
0
0
0
15
73
167
225
225
167
0
0
0
0
0
0
0
0
0
0
0
0
0
0
0
0
0
12
55
124
167
167
124
0
0
0
0
0
0
0
0
0
0
0
0
0
0
0
0
0
0
0
0
0
0
0
0
0
0
0
0
0
0
0
0
0
0
0
0
0
0
0
0
0
0
0
0
0
0
0
0
