25
30
0
0
0
0
0
0
0
0
0
0
0
0
0
0
0
0
0
0
0
0
0
0
0
0
0
0
0
0
0
0
0
0
0
0
0
0
0
0
0
0
0
0
0
0
0
0
0
0
0
0
0
0
0
0
1
5
11
15
18
25
35
42
57
96
140
145
102
47
13
2
0
0
0
0
0
0
0
0
1
6
24
54
72
81
92
108
120
138
176
214
214
163
83
26
4
0
0
0
0
0
0
0
2
6
24
67
128
167
179
186
197
204
213
232
248
241
194
109
38
7
1
0
0
0
0
0
0
9
31
71
128
193
230
240
241
241
240
244
251
255
248
211
135
57
14
2
0
0
0
0
0
0
29
82
144
196
233
247
245
238
226
216
226
242
252
252
230
169
86
26
4
0
0
0
0
0
0
53
132
203
237
243
227
202
179
156
142
164
205
239
252
241
191
103
33
5
0
0
0
0
0
0
69
160
227
247
227
177
122
86
65
58
89
153
217
249
245
199
114
39
7
1
0
0
0
0
0
88
179
237
242
198
120
54
23
14
15
45
115
196
243
247
211
135
57
14
2
0
0
0
0
0
109
196
242
234
174
84
23
3
1
4
26
87
170
230
249
230
169
86
26
4
0
0
0
0
0
121
203
243
231
168
78
20
2
0
2
14
57
135
211
247
241
191
103
33
5
0
0
0
0
0
115
198
242
237
181
93
28
4
0
1
7
39
111
195
242
244
199
114
39
7
1
0
0
0
0
112
198
244
243
196
110
38
7
1
0
5
30
93
174
231
244
211
135
57
14
2
0
0
0
0
113
197
243
247
211
136
59
15
2
0
4
23
72
147
215
245
230
169
86
26
4
0
0
0
0
98
179
233
249
232
176
98
34
6
1
5
24
72
145
214
247
241
191
103
33
5
0
0
0
0
65
142
212
246
246
211
139
61
16
8
24
58
115
181
231
252
245
199
114
39
7
0
0
0
0
39
109
191
240
251
233
180
104
50
43
78
129
183
225
248
255
248
211
135
57
14
0
0
0
0
25
84
165
224
248
246
219
167
121
119
159
203
233
246
250
253
252
230
169
86
26
0
0
0
0
15
55
119
182
226
246
244
224
202
202
224
242
246
236
231
242
252
242
194
109
38
0
0
0
0
6
23
59
113
176
224
245
246
243
244
246
239
220
192
185
216
245
247
211
135
57
0
0
0
0
1
5
18
51
111
174
212
224
231
234
220
190
152
119
124
178
231
249
230
169
86
0
0
0
0
0
1
3
16
52
101
138
153
165
168
147
105
67
48
68
137
211
247
241
191
103
0
0
0
0
0
0
1
4
15
37
55
62
70
72
59
34
16
13
41
114
199
245
245
199
114
0
0
0
0
0
0
0
1
3
7
11
12
14
15
12
5
1
5
33
103
191
241
247
211
135
0
0
0
0
0
0
0
0
0
0
0
0
0
0
0
0
0
4
26
86
169
229
244
219
158
0
0
0
0
0
0
0
0
0
0
0
0
0
0
0
0
0
2
14
55
128
195
213
186
135
0
0
0
0
0
0
0
0
0
0
0
0
0
0
0
0
0
1
6
29
81
133
140
106
67
0
0
0
0
0
0
0
0
0
0
0
0
0
0
0
0
0
0
0
0
0
0
0
0
0
0
0
0
0
0
0
0
0
0
0
0
0
0
0
0
0
0
0
0
0
0
0
0
0
0
0
0
