22
31
0
0
0
0
0
0
0
0
0
0
0
0
0
0
0
0
0
0
0
0
0
0
0
0
0
0
0
0
0
0
0
0
0
0
0
0
0
0
0
0
0
0
0
0
0
0
0
1
9
30
65
105
147
171
171
143
90
45
39
59
74
73
55
24
0
0
0
0
0
5
30
85
146
190
221
236
236
214
166
119
115
147
171
167
124
55
0
0
0
0
1
15
65
146
212
240
246
243
241
236
221
200
200
221
236
225
167
73
0
0
0
0
5
34
105
190
240
246
226
198
185
197
221
237
244
251
255
240
178
78
0
0
0
0
15
66
151
221
242
219
167
113
91
113
166
215
241
251
255
240
178
78
0
0
0
0
34
105
190
236
225
167
95
42
24
42
90
148
195
232
251
240
178
78
0
0
0
0
59
147
221
240
198
113
42
9
2
9
30
70
128
201
244
240
178
78
0
0
0
0
74
171
236
240
182
85
20
1
0
1
5
27
88
183
241
240
178
78
0
0
0
0
85
182
240
236
171
74
15
0
0
0
1
20
85
182
241
240
178
78
0
0
0
0
109
197
240
221
147
59
12
0
0
0
5
35
109
197
243
236
171
74
0
0
0
0
147
221
240
197
109
35
5
0
0
0
12
59
147
221
246
221
147
59
0
0
0
0
171
236
241
185
91
24
2
0
0
0
15
74
171
236
243
197
109
35
0
0
0
0
171
236
243
198
113
42
9
1
0
1
20
85
182
241
241
182
85
20
0
0
0
0
147
221
246
226
167
95
42
20
16
20
46
114
198
244
240
178
78
16
0
0
0
0
105
190
240
246
219
167
113
85
78
85
114
170
226
251
240
178
78
16
0
0
0
0
65
147
215
246
246
226
198
182
178
182
198
226
247
255
240
178
78
16
0
0
0
0
30
89
161
215
240
246
243
241
240
241
244
251
255
255
240
178
78
16
0
0
0
0
9
37
89
147
190
221
236
241
243
246
244
245
251
255
240
178
78
16
0
0
0
0
1
9
30
65
105
147
171
182
193
202
198
205
232
251
240
178
78
16
0
0
0
0
0
1
5
15
34
59
74
85
102
116
114
139
201
244
240
178
78
16
0
0
0
0
0
0
0
1
5
12
15
20
31
42
50
100
186
241
236
171
74
15
0
0
0
0
0
0
0
0
0
0
0
1
4
12
39
110
197
240
221
147
59
12
0
0
0
0
0
0
0
0
0
0
0
0
0
12
59
147
221
240
197
109
35
5
0
0
0
0
0
0
0
0
0
0
0
0
0
15
74
171
236
240
182
85
20
1
0
0
0
0
0
0
0
0
0
0
0
0
0
16
78
178
240
240
178
78
16
0
0
0
0
0
0
0
0
0
0
0
0
0
0
15
73
167
225
225
167
73
15
0
0
0
0
0
0
0
0
0
0
0
0
0
0
12
55
124
167
167
124
55
12
0
0
0
0
0
0
0
0
0
0
0
0
0
0
0
0
0
0
0
0
0
0
0
0
0
0
0
0
0
0
0
0
0
0
0
0
0
0
0
0
0
0
0
0
0
0
0
