23
31
0
0
0
0
0
0
0
0
0
0
0
0
0
0
0
0
0
0
0
0
0
0
0
0
0
0
0
0
0
0
0
0
0
0
0
0
0
0
0
0
0
0
0
0
0
0
0
0
0
0
5
24
55
73
85
109
147
165
147
105
66
39
39
56
55
30
9
0
0
0
0
0
1
15
61
128
168
182
197
221
232
221
190
151
115
115
141
136
85
30
0
0
0
0
0
5
34
104
185
229
240
240
240
240
240
236
221
200
200
217
206
142
58
0
0
0
0
1
15
66
151
222
250
247
226
198
185
198
225
242
244
245
250
235
171
74
0
0
0
0
5
34
105
190
240
246
219
167
113
91
113
166
215
241
251
255
240
178
78
0
0
0
0
15
66
151
221
242
219
163
94
42
24
42
90
148
195
232
251
240
178
78
0
0
0
0
34
105
190
236
225
167
94
37
9
2
9
31
73
135
205
244
236
171
74
0
0
0
0
59
147
221
240
198
113
42
9
1
0
1
10
45
119
201
241
221
147
59
0
0
0
0
74
171
236
240
182
85
20
1
0
0
0
12
59
147
221
240
197
109
35
0
0
0
0
78
178
240
240
178
78
16
0
0
0
0
15
74
171
236
240
182
85
20
0
0
0
0
85
182
241
240
178
78
16
0
0
0
0
16
78
178
240
240
178
78
16
0
0
0
0
102
193
243
240
178
78
16
0
0
0
1
20
85
182
241
240
178
78
16
0
0
0
0
116
202
246
241
182
85
20
1
0
1
9
42
113
198
243
236
171
74
15
0
0
0
0
99
186
240
243
198
114
46
20
16
20
42
95
167
226
246
221
147
59
12
0
0
0
0
65
147
215
242
225
170
114
85
78
85
113
167
219
247
243
197
109
35
5
0
0
0
0
30
89
162
218
239
225
198
182
178
182
198
226
247
255
241
182
85
20
1
0
0
0
0
9
37
94
167
225
246
244
241
240
241
244
251
255
255
240
178
78
16
0
0
0
0
0
1
9
41
108
186
229
240
240
240
241
244
251
255
255
236
171
74
15
0
0
0
0
0
0
1
15
61
128
168
178
178
178
183
201
232
251
251
221
147
59
12
0
0
0
0
0
0
0
5
24
55
73
78
78
78
89
132
201
244
244
197
109
35
5
0
0
0
0
0
0
0
1
5
12
15
16
16
16
31
89
183
241
241
182
85
20
1
0
0
0
0
0
0
0
0
0
0
0
0
0
0
16
78
178
240
240
178
78
16
0
0
0
0
0
0
0
0
0
0
0
0
0
0
0
16
78
178
240
240
178
78
16
0
0
0
0
0
0
0
0
0
0
0
0
0
0
1
20
85
182
240
236
171
74
15
0
0
0
0
0
0
0
0
0
0
0
0
0
0
5
35
109
197
240
221
147
59
12
0
0
0
0
0
0
0
0
0
0
0
0
0
0
11
55
136
206
225
185
104
34
5
0
0
0
0
0
0
0
0
0
0
0
0
0
0
11
51
117
163
167
128
61
15
1
0
0
0
0
0
0
0
0
0
0
0
0
0
0
0
0
0
0
0
0
0
0
0
0
0
0
0
0
0
0
0
0
0
0
0
0
0
0
0
0
0
0
0
0
0
0
0
0
0
0
