24
31
0
0
0
0
0
0
0
0
0
0
0
0
0
0
0
0
0
0
0
0
0
0
0
0
0
0
0
0
0
0
0
0
0
0
0
0
0
0
0
0
0
0
0
0
0
0
0
0
0
0
0
1
2
7
16
42
83
119
136
155
164
147
107
72
43
22
15
15
12
5
0
0
0
0
1
2
10
30
62
107
160
198
213
225
232
221
193
159
116
79
71
72
59
32
0
0
0
0
1
6
27
74
133
184
221
241
244
243
244
246
241
224
191
162
163
166
141
85
0
0
0
0
4
17
55
120
190
232
248
246
228
206
203
223
240
245
235
225
230
230
199
128
0
0
0
0
13
45
103
169
223
246
242
218
172
127
121
153
191
221
239
247
252
246
207
127
0
0
0
0
28
86
160
214
241
237
207
158
99
53
43
68
109
162
211
242
253
245
199
114
0
0
0
0
40
113
195
239
246
217
155
87
39
13
8
18
48
108
181
232
251
241
191
103
0
0
0
0
48
127
207
247
245
202
120
47
11
2
1
5
31
97
181
236
250
230
169
86
0
0
0
0
63
145
217
249
242
191
104
34
5
0
0
5
33
104
192
242
247
211
135
57
0
0
0
0
83
169
231
250
231
171
87
26
4
0
1
7
39
114
199
244
242
194
109
38
0
0
0
0
88
177
235
248
218
147
64
16
2
0
2
14
57
135
211
244
230
169
86
26
0
0
0
0
80
169
231
247
219
145
59
12
1
0
4
26
86
169
230
244
211
135
57
14
0
0
0
0
71
159
226
249
229
161
70
16
3
5
12
43
111
194
242
244
199
114
39
7
0
0
0
0
64
147
219
249
238
181
92
36
25
34
49
86
149
214
247
241
191
103
33
5
0
0
0
0
44
116
198
243
244
204
138
96
91
106
127
162
203
237
249
230
169
86
26
4
0
0
0
0
22
77
160
224
246
233
204
186
186
195
207
226
242
252
247
211
135
57
14
2
0
0
0
0
8
41
109
181
227
244
244
241
241
244
247
251
254
255
245
199
114
39
7
1
0
0
0
0
3
16
55
115
174
217
236
239
239
242
247
252
255
255
241
191
103
33
5
0
0
0
0
0
1
4
18
49
96
145
171
177
179
191
213
238
252
252
230
169
86
26
4
0
0
0
0
0
0
1
3
12
32
59
74
78
84
108
157
215
248
248
211
135
57
14
2
0
0
0
0
0
0
0
0
1
5
12
15
17
25
58
126
204
245
242
195
111
39
7
1
0
0
0
0
0
0
0
0
0
0
0
0
2
15
58
136
211
244
231
174
93
30
5
0
0
0
0
0
0
0
0
0
0
0
0
0
4
26
86
169
230
244
213
142
68
21
4
0
0
0
0
0
0
0
0
0
0
0
0
0
5
33
103
191
241
244
200
118
47
11
2
0
0
0
0
0
0
0
0
0
0
0
0
1
7
39
114
199
244
241
191
104
35
6
1
0
0
0
0
0
0
0
0
0
0
0
0
2
12
50
123
197
233
225
168
86
26
4
0
0
0
0
0
0
0
0
0
0
0
0
0
2
16
53
109
159
186
180
125
55
14
2
0
0
0
0
0
0
0
0
0
0
0
0
0
0
0
0
0
0
0
0
0
0
0
0
0
0
0
0
0
0
0
0
0
0
0
0
0
0
0
0
0
0
0
0
0
0
0
0
0
0
0
0
0
