22
36
0
0
0
0
0
0
0
0
0
0
0
0
0
0
0
0
0
0
0
0
0
0
0
0
0
0
0
0
0
0
0
0
0
0
0
0
0
0
0
0
0
0
0
0
0
0
0
0
0
0
0
0
0
1
1
2
6
28
73
119
140
129
89
40
0
0
0
0
0
0
0
0
0
0
0
1
1
2
9
40
106
175
206
190
131
58
0
0
0
0
0
0
0
0
0
0
0
1
1
2
10
44
119
196
231
213
146
65
0
0
0
0
0
0
0
0
0
0
0
1
1
2
10
45
121
200
237
218
149
65
0
0
0
0
0
0
0
0
0
0
0
1
1
2
10
45
121
201
237
219
149
65
0
0
0
0
0
0
0
0
0
0
0
1
1
2
10
45
121
201
238
219
149
65
0
0
0
0
0
0
0
0
0
0
0
1
1
2
10
45
121
201
238
219
149
65
0
0
0
0
0
0
0
0
0
0
0
1
1
2
10
45
121
201
238
219
149
65
0
0
0
0
0
0
0
0
0
0
0
1
1
2
10
45
121
201
238
219
149
65
0
0
0
0
0
0
0
0
0
0
0
1
1
2
10
45
121
201
238
219
149
65
0
0
0
0
0
0
0
0
0
0
0
1
1
2
10
45
121
201
238
219
149
65
0
0
0
0
0
0
0
0
0
0
0
1
1
2
10
45
121
201
238
219
149
65
0
0
0
0
0
0
0
0
0
0
0
1
1
2
10
45
121
201
238
219
149
65
0
0
0
0
0
0
0
0
0
0
0
1
1
2
10
45
121
201
238
219
149
65
0
0
0
0
0
0
0
0
0
0
0
1
1
2
10
45
121
201
238
219
149
65
0
0
0
0
0
0
0
0
0
0
0
1
1
2
10
45
121
201
238
219
149
65
0
0
0
0
0
0
0
0
0
0
0
1
1
2
10
45
121
201
238
219
149
65
0
0
0
0
1
1
1
1
1
1
0
1
1
2
10
45
121
201
238
219
149
65
0
0
0
0
1
1
1
1
1
1
1
1
1
2
10
45
121
201
238
219
149
65
0
0
0
0
1
1
1
1
1
1
1
1
1
2
10
45
121
201
238
219
149
65
0
0
0
0
8
9
9
7
3
1
1
1
1
2
10
45
121
201
238
219
149
65
0
0
0
0
39
47
45
33
15
5
1
1
1
2
10
46
122
201
238
218
149
65
0
0
0
0
101
123
118
86
42
12
2
1
1
2
11
47
125
203
238
216
145
63
0
0
0
0
158
195
189
141
70
21
4
1
1
3
13
53
132
208
237
211
137
56
0
0
0
0
176
224
223
173
92
31
7
2
2
4
17
63
145
215
237
202
123
47
0
0
0
0
167
225
235
195
119
49
14
5
4
8
29
85
166
225
234
190
107
38
0
0
0
0
145
214
238
217
158
87
39
19
16
26
59
123
194
234
226
169
87
27
0
0
0
0
112
187
231
234
202
147
96
69
63
78
117
174
222
236
206
137
61
17
0
0
0
0
71
142
202
232
231
206
174
153
149
161
188
219
234
219
168
94
35
8
0
0
0
0
34
85
147
197
224
230
224
217
216
220
227
228
213
173
112
51
15
3
0
0
0
0
12
37
79
128
170
199
212
215
215
214
206
185
151
104
55
20
5
1
0
0
0
0
3
11
28
57
91
122
142
148
149
145
132
106
73
42
18
5
1
1
0
0
0
0
0
0
0
0
0
0
0
0
0
0
0
0
0
0
0
0
0
0
0
0
0
0
0
0
0
0
0
0
0
0
0
0
0
0
0
0
0
0
0
0
0
0
