27
43
0
0
0
0
0
0
0
0
0
0
0
0
0
0
0
0
0
0
0
0
0
0
0
0
0
0
0
0
0
0
0
0
0
0
0
0
0
0
0
0
0
0
0
0
0
0
0
0
0
0
0
0
0
0
0
0
0
0
0
0
0
0
0
0
0
1
1
1
2
6
25
66
113
144
152
135
95
47
15
0
0
0
0
0
0
0
0
0
0
0
0
0
1
1
1
2
9
34
91
157
200
210
187
132
65
21
0
0
0
0
0
0
0
0
0
0
0
0
0
1
1
1
3
9
38
100
174
223
235
209
146
71
22
0
0
0
0
0
0
0
0
0
0
0
0
0
1
1
1
3
9
38
102
178
228
240
213
148
72
22
0
0
0
0
0
0
0
0
0
0
0
0
0
0
1
1
3
9
38
102
178
230
242
214
149
72
22
0
0
0
0
0
0
0
0
0
0
0
0
0
0
1
1
3
9
38
102
179
230
242
214
149
72
22
0
0
0
0
0
0
0
0
0
0
0
0
0
0
1
1
3
9
38
102
179
230
242
215
149
72
22
0
0
0
0
0
0
0
0
0
0
0
0
0
0
1
1
3
9
38
103
179
230
242
214
149
72
22
0
0
0
0
0
0
0
0
0
0
0
0
0
0
1
1
3
9
38
103
179
230
242
214
149
72
22
0
0
0
0
0
0
0
0
0
0
0
0
0
0
1
1
3
9
38
103
179
230
242
214
149
72
22
0
0
0
0
0
0
0
0
0
0
0
0
0
0
1
1
3
9
38
103
179
230
242
214
149
72
22
0
0
0
0
0
0
0
0
0
0
0
0
0
0
1
1
3
9
38
103
179
230
242
214
149
72
22
0
0
0
0
0
0
0
0
0
0
0
0
0
0
1
1
3
9
38
103
179
230
242
214
149
72
22
0
0
0
0
0
0
0
0
0
0
0
0
0
0
1
1
3
9
38
103
179
230
242
214
149
72
22
0
0
0
0
0
0
0
0
0
0
0
0
0
0
1
1
3
9
38
103
179
230
242
214
149
72
22
0
0
0
0
0
0
0
0
0
0
0
0
0
0
1
1
3
9
38
103
179
230
242
214
149
72
22
0
0
0
0
0
0
0
0
0
0
0
0
0
0
1
1
3
9
38
103
179
230
242
214
149
72
22
0
0
0
0
0
0
0
0
0
0
0
0
0
0
1
1
3
9
38
103
179
230
242
214
149
72
22
0
0
0
0
0
0
0
0
0
0
0
0
0
0
1
1
3
9
38
103
179
230
242
214
149
72
22
0
0
0
0
0
0
0
0
0
0
0
0
0
0
1
1
3
9
38
103
179
230
242
214
149
72
22
0
0
0
0
0
0
0
0
0
0
0
0
0
0
1
1
3
9
38
103
179
230
242
215
149
72
22
0
0
0
0
1
1
1
1
1
1
1
1
0
0
1
1
3
9
38
102
179
230
242
215
149
72
22
0
0
0
0
1
1
1
1
1
1
1
1
1
0
1
1
3
9
38
102
179
230
242
215
149
72
22
0
0
0
0
1
1
1
1
1
1
1
1
1
0
1
1
3
9
38
102
179
230
242
214
149
72
22
0
0
0
0
5
7
8
8
7
5
2
1
1
1
1
1
3
9
38
102
179
230
242
214
149
72
22
0
0
0
0
20
32
38
38
32
21
9
3
1
1
1
1
3
9
38
102
179
230
242
214
149
72
22
0
0
0
0
54
85
102
102
87
57
26
8
2
1
1
1
3
10
39
104
180
231
242
213
147
71
22
0
0
0
0
91
144
174
176
151
101
46
14
3
1
1
2
3
11
42
109
184
232
241
209
141
66
20
0
0
0
0
108
177
217
223
194
133
63
20
5
2
1
2
4
13
48
117
191
235
238
201
131
58
17
0
0
0
0
104
179
227
238
213
153
79
27
7
3
2
3
5
18
59
131
201
238
235
192
118
49
13
0
0
0
0
91
168
223
242
225
174
102
43
14
5
4
4
10
30
79
153
214
241
230
180
103
40
10
0
0
0
0
75
149
212
241
236
200
139
75
33
15
11
13
23
55
113
181
228
242
220
162
85
30
7
0
0
0
0
54
121
190
232
242
225
182
126
77
50
41
44
62
102
159
211
238
236
200
134
63
20
4
0
0
0
0
33
85
154
210
237
239
220
184
145
119
109
113
131
166
206
233
240
220
168
98
40
11
3
0
0
0
0
16
50
107
168
213
235
238
227
208
192
186
188
199
218
234
238
224
185
124
61
21
5
2
0
0
0
0
6
23
59
111
163
202
225
235
234
231
229
230
233
234
230
214
181
131
74
30
9
2
1
0
0
0
0
2
8
24
56
97
140
176
201
214
218
218
218
216
206
186
156
116
71
33
11
3
1
1
0
0
0
0
1
2
7
20
41
71
103
132
150
157
158
158
153
139
113
83
53
28
11
3
1
1
1
0
0
0
0
1
1
2
5
12
24
42
60
73
79
79
79
76
65
48
30
16
7
3
1
1
1
1
0
0
0
0
0
0
0
0
0
0
0
0
0
0
0
0
0
0
0
0
0
0
0
0
0
0
0
0
0
0
0
0
0
0
0
0
0
0
0
0
0
0
0
0
0
0
0
0
0
0
0
0
0
0
0
0
