27
37
0
0
0
0
0
0
0
0
0
0
0
0
0
0
0
0
0
0
0
0
0
0
0
0
0
0
0
0
0
0
0
0
0
0
0
0
0
0
0
0
0
0
0
0
0
0
0
0
0
0
0
0
0
0
0
0
0
0
0
0
0
0
0
0
0
1
1
1
2
6
23
61
106
135
142
126
89
44
14
0
0
0
0
0
0
0
0
0
0
0
0
0
1
1
1
2
8
34
89
154
197
207
184
130
64
20
0
0
0
0
0
0
0
0
0
0
0
0
0
1
1
1
3
9
37
100
174
223
234
208
146
71
22
0
0
0
0
0
0
0
0
0
0
0
0
0
1
1
1
3
9
38
102
178
229
241
213
149
72
22
0
0
0
0
0
0
0
0
0
0
0
0
0
0
1
1
3
9
38
102
179
230
242
214
149
72
22
0
0
0
0
0
0
0
0
0
0
0
0
0
0
1
1
3
9
38
103
179
230
242
215
149
72
22
0
0
0
0
0
0
0
0
0
0
0
0
0
0
1
1
3
9
38
103
179
230
242
214
149
72
22
0
0
0
0
0
0
0
0
0
0
0
0
0
0
1
1
3
9
38
103
179
230
242
214
149
72
22
0
0
0
0
0
0
0
0
0
0
0
0
0
0
1
1
3
9
38
103
179
230
242
214
149
72
22
0
0
0
0
0
0
0
0
0
0
0
0
0
0
1
1
3
9
38
103
179
230
242
214
149
72
22
0
0
0
0
0
0
0
0
0
0
0
0
0
0
1
1
3
9
38
103
179
230
242
214
149
72
22
0
0
0
0
0
0
0
0
0
0
0
0
0
0
1
1
3
9
38
103
179
230
242
214
149
72
22
0
0
0
0
0
0
0
0
0
0
0
0
0
0
1
1
3
9
38
103
179
230
242
214
149
72
22
0
0
0
0
0
0
0
0
0
0
0
0
0
0
1
1
3
9
38
103
179
230
242
214
149
72
22
0
0
0
0
0
0
0
0
0
0
0
0
0
0
1
1
3
9
38
103
179
230
242
214
149
72
22
0
0
0
0
0
0
0
0
0
0
0
0
0
0
1
1
3
9
38
103
179
230
242
214
149
72
22
0
0
0
0
0
0
0
0
0
0
0
0
0
0
1
1
3
9
38
103
179
230
242
214
149
72
22
0
0
0
0
1
1
1
1
1
1
1
1
0
0
1
1
3
9
38
103
179
230
242
214
149
72
22
0
0
0
0
1
1
1
1
1
1
1
1
1
0
1
1
3
9
38
102
179
230
242
214
149
72
22
0
0
0
0
1
1
2
2
2
1
1
1
1
0
1
1
3
9
38
102
179
230
242
214
149
72
22
0
0
0
0
6
9
11
11
10
7
3
1
1
1
1
1
3
9
38
102
179
230
242
214
149
72
22
0
0
0
0
26
41
50
50
43
28
13
4
1
1
1
1
3
9
38
103
179
230
242
214
149
72
22
0
0
0
0
65
102
123
124
107
71
32
10
3
1
1
1
3
10
40
106
182
232
241
212
145
69
21
0
0
0
0
97
158
192
197
171
116
54
17
4
2
1
2
3
12
45
114
188
234
240
205
136
62
18
0
0
0
0
104
176
222
232
206
146
74
26
7
3
2
3
5
17
57
128
198
237
236
195
121
52
14
0
0
0
0
92
168
223
241
224
173
102
44
15
6
4
5
10
31
80
152
213
241
230
180
104
41
10
0
0
0
0
72
145
208
239
236
202
144
83
41
23
18
20
31
63
119
184
229
241
217
157
83
29
7
0
0
0
0
48
110
178
224
240
228
193
144
99
73
65
68
85
122
172
217
238
230
189
122
56
18
4
0
0
0
0
25
68
130
187
223
235
227
204
175
155
147
150
164
190
217
234
230
200
145
80
31
8
2
0
0
0
0
10
32
74
128
176
209
225
228
222
215
211
212
218
225
227
217
191
146
90
41
13
3
1
0
0
0
0
3
11
31
64
105
145
177
198
209
212
211
211
210
203
185
159
123
80
40
15
4
1
1
0
0
0
0
1
3
9
22
43
70
99
125
141
147
148
147
143
131
108
81
54
29
12
4
1
1
1
0
0
0
0
1
1
2
5
11
21
36
51
61
65
66
66
63
55
41
26
15
7
3
1
1
1
1
0
0
0
0
0
0
0
0
0
0
0
0
0
0
0
0
0
0
0
0
0
0
0
0
0
0
0
0
0
0
0
0
0
0
0
0
0
0
0
0
0
0
0
0
0
0
0
0
0
0
0
0
0
0
0
0
