27
48
0
0
0
0
0
0
0
0
0
0
0
0
0
0
0
0
0
0
0
0
0
0
0
0
0
0
0
0
0
0
0
0
0
0
0
0
0
0
0
0
0
0
0
0
0
0
0
0
0
0
0
0
0
0
0
0
0
0
0
0
0
0
0
0
0
1
1
1
2
4
17
45
78
99
104
93
65
32
10
0
0
0
0
0
0
0
0
0
0
0
0
0
1
1
1
2
7
29
76
130
166
175
156
110
54
17
0
0
0
0
0
0
0
0
0
0
0
0
0
1
1
1
3
9
36
95
164
210
221
197
139
68
22
0
0
0
0
0
0
0
0
0
0
0
0
0
1
1
1
3
9
38
101
176
226
237
211
148
72
22
0
0
0
0
0
0
0
0
0
0
0
0
0
1
1
1
3
9
38
102
178
229
240
213
148
72
22
0
0
0
0
0
0
0
0
0
0
0
0
0
0
1
1
3
9
38
102
178
230
242
214
149
72
22
0
0
0
0
0
0
0
0
0
0
0
0
0
0
1
1
3
9
38
102
179
230
242
215
149
72
22
0
0
0
0
0
0
0
0
0
0
0
0
0
0
1
1
3
9
38
103
179
230
242
215
149
72
22
0
0
0
0
0
0
0
0
0
0
0
0
0
0
1
1
3
9
38
103
179
230
242
215
149
72
22
0
0
0
0
0
0
0
0
0
0
0
0
0
0
1
1
3
9
38
103
179
230
242
215
149
72
22
0
0
0
0
0
0
0
0
0
0
0
0
0
0
1
1
3
9
38
103
179
230
242
215
149
72
22
0
0
0
0
0
0
0
0
0
0
0
0
0
0
1
1
3
9
38
103
179
230
242
214
149
72
22
0
0
0
0
0
0
0
0
0
0
0
0
0
0
1
1
3
9
38
103
179
230
242
214
149
72
22
0
0
0
0
0
0
0
0
0
0
0
0
0
0
1
1
3
9
38
103
179
230
242
214
149
72
22
0
0
0
0
0
0
0
0
0
0
0
0
0
0
1
1
3
9
38
103
179
230
242
214
149
72
22
0
0
0
0
0
0
0
0
0
0
0
0
0
0
1
1
3
9
38
103
179
230
242
214
149
72
22
0
0
0
0
0
0
0
0
0
0
0
0
0
0
1
1
3
9
38
103
179
230
242
214
149
72
22
0
0
0
0
0
0
0
0
0
0
0
0
0
0
1
1
3
9
38
103
179
230
242
214
149
72
22
0
0
0
0
0
0
0
0
0
0
0
0
0
0
1
1
3
9
38
103
179
230
242
214
149
72
22
0
0
0
0
0
0
0
0
0
0
0
0
0
0
1
1
3
9
38
103
179
230
242
214
149
72
22
0
0
0
0
0
0
0
0
0
0
0
0
0
0
1
1
3
9
38
103
179
230
242
214
149
72
22
0
0
0
0
0
0
0
0
0
0
0
0
0
0
1
1
3
9
38
103
179
230
242
214
149
72
22
0
0
0
0
0
0
0
0
0
0
0
0
0
0
1
1
3
9
38
103
179
230
242
214
149
72
22
0
0
0
0
0
0
0
0
0
0
0
0
0
0
1
1
3
9
38
103
179
230
242
214
149
72
22
0
0
0
0
1
1
1
1
1
1
1
1
0
0
1
1
3
9
38
103
179
230
242
214
149
72
22
0
0
0
0
1
1
1
1
1
1
1
1
0
0
1
1
3
9
38
102
179
230
242
214
149
72
22
0
0
0
0
1
1
1
1
1
1
1
1
1
0
1
1
3
9
38
102
179
230
242
214
149
72
22
0
0
0
0
1
2
2
2
2
1
1
1
1
0
1
1
3
9
38
102
179
230
242
214
149
72
22
0
0
0
0
6
9
10
10
9
6
3
1
1
1
1
1
3
9
38
102
179
230
242
214
149
72
22
0
0
0
0
22
35
42
42
36
23
10
3
1
1
1
1
3
9
38
103
179
230
242
214
149
72
22
0
0
0
0
56
88
105
106
90
59
26
8
2
1
1
1
3
10
39
104
180
231
242
213
148
71
22
0
0
0
0
92
145
174
176
151
101
46
14
3
1
1
2
3
10
42
108
184
232
241
210
142
67
20
0
0
0
0
110
178
217
221
193
131
61
19
5
2
1
2
3
12
46
115
189
234
239
203
133
60
17
0
0
0
0
107
182
228
237
210
147
73
24
6
2
2
2
4
16
55
126
198
237
236
195
121
52
14
0
0
0
0
97
173
226
241
220
164
90
34
10
4
3
3
7
23
69
142
209
241
233
185
109
44
11
0
0
0
0
84
161
220
242
231
187
118
54
19
7
5
6
13
38
92
165
221
243
227
173
96
35
8
0
0
0
0
67
141
207
240
240
211
155
90
43
21
15
17
31
67
128
193
233
242
215
153
78
26
6
0
0
0
0
48
113
184
230
244
232
195
142
91
61
51
55
75
117
173
219
241
235
194
125
57
17
4
0
0
0
0
29
79
148
207
237
242
227
196
158
132
122
125
144
178
214
238
241
217
163
92
36
10
2
0
0
0
0
14
47
104
167
214
237
242
232
215
200
195
197
207
224
238
241
225
184
121
58
19
5
2
0
0
0
0
6
22
60
114
169
209
231
240
240
236
235
235
238
240
235
220
187
135
76
30
9
2
1
0
0
0
0
2
8
26
61
107
153
190
214
226
230
230
230
228
219
200
170
128
79
37
12
3
1
1
0
0
0
0
1
3
9
24
51
86
124
155
174
181
182
182
177
162
135
101
66
35
13
4
1
1
1
0
0
0
0
1
1
3
7
17
35
59
84
101
107
108
108
103
90
67
43
24
11
4
1
1
1
1
0
0
0
0
0
0
0
0
0
0
0
0
0
0
0
0
0
0
0
0
0
0
0
0
0
0
0
0
0
0
0
0
0
0
0
0
0
0
0
0
0
0
0
0
0
0
0
0
0
0
0
0
0
0
0
0
