24
43
0
0
0
0
0
0
0
0
0
0
0
0
0
0
0
0
0
0
0
0
0
0
0
0
0
0
0
0
0
0
0
0
0
0
0
0
0
0
0
0
0
0
0
0
0
0
0
0
0
0
0
0
0
0
0
0
0
0
1
1
2
8
31
78
125
147
136
95
44
12
0
0
0
0
0
0
0
0
0
0
0
0
1
1
2
11
43
107
174
204
188
131
60
17
0
0
0
0
0
0
0
0
0
0
0
0
1
1
2
11
47
119
193
228
210
145
66
18
0
0
0
0
0
0
0
0
0
0
0
0
1
1
2
12
47
121
197
233
214
148
67
19
0
0
0
0
0
0
0
0
0
0
0
0
1
1
2
12
47
121
198
234
215
148
67
19
0
0
0
0
0
0
0
0
0
0
0
0
1
1
3
12
48
121
198
234
216
149
68
19
0
0
0
0
0
0
0
0
0
0
0
0
1
1
3
12
48
121
199
235
216
149
68
19
0
0
0
0
0
0
0
0
0
0
0
0
1
1
3
12
48
121
199
235
216
149
68
19
0
0
0
0
0
0
0
0
0
0
0
0
1
1
3
12
48
121
199
235
216
149
68
19
0
0
0
0
0
0
0
0
0
0
0
0
1
1
3
12
48
121
199
235
216
149
68
19
0
0
0
0
0
0
0
0
0
0
0
0
1
1
3
12
48
121
199
235
216
149
68
19
0
0
0
0
0
0
0
0
0
0
0
0
1
1
3
12
48
121
199
235
216
149
68
19
0
0
0
0
0
0
0
0
0
0
0
0
1
1
3
12
48
121
199
235
216
149
68
19
0
0
0
0
0
0
0
0
0
0
0
0
1
1
3
12
48
121
199
235
216
149
68
19
0
0
0
0
0
0
0
0
0
0
0
0
1
1
3
12
48
121
199
235
216
149
68
19
0
0
0
0
0
0
0
0
0
0
0
0
1
1
3
12
48
121
199
235
216
149
68
19
0
0
0
0
0
0
0
0
0
0
0
0
1
1
3
12
48
121
199
235
216
149
68
19
0
0
0
0
0
0
0
0
0
0
0
0
1
1
3
12
48
121
199
235
216
149
68
19
0
0
0
0
0
0
0
0
0
0
0
0
1
1
3
12
48
121
199
235
216
149
68
19
0
0
0
0
0
0
0
0
0
0
0
0
1
1
3
12
48
121
199
235
216
149
68
19
0
0
0
0
0
0
0
0
0
0
0
0
1
1
3
12
48
121
199
235
216
149
68
19
0
0
0
0
1
1
1
1
1
1
1
0
1
1
3
12
48
121
199
235
216
149
68
19
0
0
0
0
1
1
1
1
1
1
1
1
1
1
3
12
48
121
199
235
216
149
68
19
0
0
0
0
1
1
1
1
1
1
1
1
1
1
3
12
48
121
199
235
216
148
67
19
0
0
0
0
4
7
8
8
6
3
1
1
1
1
3
12
48
121
199
235
216
149
67
19
0
0
0
0
19
31
37
35
26
13
4
1
1
1
3
12
48
122
199
235
216
148
67
19
0
0
0
0
49
83
100
96
70
34
11
2
1
1
3
12
49
123
200
235
215
147
66
18
0
0
0
0
82
140
171
165
122
61
19
4
1
1
3
13
52
128
203
235
211
141
62
16
0
0
0
0
98
172
214
209
158
82
27
6
2
1
3
15
57
135
207
234
205
132
55
14
0
0
0
0
95
175
225
226
177
98
35
9
3
2
5
20
68
147
214
233
197
120
47
11
0
0
0
0
84
165
223
233
194
121
51
15
5
4
9
31
87
166
223
232
187
107
39
9
0
0
0
0
70
148
214
236
214
153
82
34
15
12
21
54
118
190
231
226
171
91
30
6
0
0
0
0
52
123
196
234
230
191
130
77
49
43
58
99
161
215
235
212
147
70
21
4
0
0
0
0
33
90
164
218
237
223
186
144
117
112
126
162
205
233
229
186
114
47
12
3
0
0
0
0
17
55
119
184
224
236
226
206
191
188
196
215
232
233
205
147
76
26
6
2
0
0
0
0
7
27
71
131
185
218
233
234
231
230
232
233
227
204
159
97
42
12
3
1
0
0
0
0
3
10
32
72
122
166
197
213
218
218
216
206
183
146
97
49
17
4
1
1
0
0
0
0
1
3
11
29
59
95
129
149
157
158
154
139
111
76
43
18
5
2
1
1
0
0
0
0
1
1
3
8
20
38
59
73
79
79
76
66
47
27
13
5
2
1
1
1
0
0
0
0
0
0
0
0
0
0
0
0
0
0
0
0
0
0
0
0
0
0
0
0
0
0
0
0
0
0
0
0
0
0
0
0
0
0
0
0
0
0
0
0
0
0
0
0
0
0
