20
36
0
0
0
0
0
0
0
0
0
0
0
0
0
0
0
0
0
0
0
0
0
0
0
0
0
0
0
0
0
0
0
0
0
0
0
0
0
0
0
0
0
0
0
0
0
0
0
0
1
1
4
17
53
103
133
122
78
31
0
0
0
0
0
0
0
0
0
0
1
2
5
24
77
151
194
179
114
45
0
0
0
0
0
0
0
0
0
0
1
2
6
27
86
169
219
202
128
50
0
0
0
0
0
0
0
0
0
0
1
2
6
27
87
172
223
206
130
50
0
0
0
0
0
0
0
0
0
0
1
2
6
27
87
173
224
206
130
50
0
0
0
0
0
0
0
0
0
0
1
2
6
27
87
173
224
206
130
50
0
0
0
0
0
0
0
0
0
0
1
2
6
27
87
173
224
206
130
50
0
0
0
0
0
0
0
0
0
0
1
2
6
27
87
173
224
206
130
50
0
0
0
0
0
0
0
0
0
0
1
2
6
27
87
173
224
206
130
50
0
0
0
0
0
0
0
0
0
0
1
2
6
27
87
173
224
206
130
50
0
0
0
0
0
0
0
0
0
0
1
2
6
27
87
173
224
206
130
50
0
0
0
0
0
0
0
0
0
0
1
2
6
27
87
173
224
206
130
50
0
0
0
0
0
0
0
0
0
0
1
2
6
27
87
173
224
206
130
50
0
0
0
0
0
0
0
0
0
0
1
2
6
27
87
173
224
206
130
50
0
0
0
0
0
0
0
0
0
0
1
2
6
27
87
173
224
206
130
50
0
0
0
0
0
0
0
0
0
0
1
2
6
27
87
173
224
206
130
50
0
0
0
0
0
0
0
0
0
0
1
2
6
27
87
173
224
206
130
50
0
0
0
0
1
1
1
1
1
1
1
2
6
27
87
173
224
206
130
50
0
0
0
0
1
1
1
1
1
1
1
2
6
27
87
173
224
206
130
50
0
0
0
0
1
1
1
1
1
1
1
2
6
27
87
173
224
206
130
50
0
0
0
0
7
9
9
6
3
1
1
2
6
27
87
173
224
206
130
50
0
0
0
0
35
45
42
27
11
3
1
2
6
27
88
174
224
206
130
50
0
0
0
0
90
117
110
72
30
8
2
2
6
28
90
176
225
204
127
48
0
0
0
0
139
185
176
118
50
13
3
3
7
31
96
181
225
199
119
43
0
0
0
0
155
213
209
147
66
18
5
3
9
38
108
190
225
191
108
37
0
0
0
0
146
214
222
169
88
30
8
6
15
53
128
203
225
179
94
30
0
0
0
0
127
203
229
196
125
59
26
19
36
85
159
218
220
161
77
22
0
0
0
0
99
178
226
221
175
116
77
67
88
139
198
228
204
132
55
13
0
0
0
0
64
137
201
229
217
186
159
152
167
199
225
220
171
94
33
7
0
0
0
0
32
85
152
202
225
226
219
217
221
227
219
183
120
54
15
3
0
0
0
0
12
39
87
140
183
206
214
215
211
197
166
118
63
23
5
1
0
0
0
0
3
12
34
68
106
134
146
148
142
122
89
52
23
7
2
1
0
0
0
0
0
0
0
0
0
0
0
0
0
0
0
0
0
0
0
0
0
0
0
0
0
0
0
0
0
0
0
0
0
0
0
0
0
0
0
0
0
0
