30
38
0
0
0
0
0
0
0
0
0
0
0
0
0
0
0
0
0
0
0
0
0
0
0
0
0
0
0
0
0
0
0
0
0
0
0
0
0
0
0
0
0
0
0
0
0
0
0
0
0
0
0
0
0
0
0
0
0
0
0
0
0
0
20
41
57
59
48
26
9
2
1
1
1
0
0
0
0
0
1
1
2
7
23
45
58
57
41
20
0
0
0
0
46
96
132
137
110
60
21
4
1
1
1
0
0
0
0
0
1
1
4
17
54
103
135
132
96
46
0
0
0
0
67
140
194
201
161
88
30
6
2
1
1
0
0
0
0
0
1
1
5
25
78
152
197
193
140
67
0
0
0
0
74
157
218
227
180
98
33
7
2
1
1
0
0
0
0
0
1
1
5
27
87
170
222
217
157
74
0
0
0
0
75
160
222
231
184
100
33
7
2
1
1
0
0
0
0
0
1
1
5
27
89
173
227
222
159
75
0
0
0
0
75
160
223
232
184
100
33
7
2
1
1
0
0
0
0
0
1
1
5
27
89
174
227
222
160
75
0
0
0
0
75
160
223
232
184
100
33
7
2
1
1
0
0
0
0
0
1
1
5
28
89
174
228
223
160
75
0
0
0
0
75
160
223
232
184
100
33
7
2
1
1
0
0
0
0
0
1
1
5
28
89
174
228
223
160
75
0
0
0
0
75
160
223
232
184
100
33
7
2
1
1
0
0
0
0
0
1
1
5
28
89
174
228
223
160
75
0
0
0
0
75
160
223
232
184
100
33
7
2
1
1
0
0
0
0
0
1
1
5
28
89
174
228
223
160
75
0
0
0
0
75
160
223
232
184
100
33
7
2
1
1
0
0
0
0
0
1
1
5
28
89
174
228
223
160
75
0
0
0
0
75
160
223
232
184
100
33
7
2
1
1
0
0
0
0
0
1
1
5
28
89
174
228
223
160
75
0
0
0
0
75
160
223
232
184
100
33
7
2
1
1
0
0
0
0
0
1
1
5
28
89
174
228
223
160
75
0
0
0
0
75
160
223
232
184
100
33
7
2
1
1
0
0
0
0
0
1
1
5
28
89
174
228
223
160
75
0
0
0
0
75
160
223
232
184
100
33
7
2
1
1
0
0
0
0
0
1
1
5
28
89
174
228
223
160
75
0
0
0
0
75
160
223
232
184
100
33
7
2
1
1
0
0
0
0
0
1
1
5
28
89
174
228
223
160
75
0
0
0
0
75
160
223
232
184
100
33
7
2
1
1
0
0
0
0
0
1
1
5
28
89
174
228
223
160
75
0
0
0
0
75
160
223
232
184
100
33
7
2
1
1
0
0
0
0
0
1
1
5
28
89
174
228
223
160
75
0
0
0
0
75
160
223
232
184
100
33
7
2
1
1
0
0
0
0
1
1
1
5
28
90
175
228
223
160
75
0
0
0
0
75
160
223
232
184
100
33
7
2
1
1
0
0
0
0
1
1
2
6
29
92
177
229
223
160
75
0
0
0
0
74
159
223
233
186
102
34
7
2
1
1
0
0
0
0
1
1
2
6
32
97
181
231
223
160
75
0
0
0
0
70
154
221
234
190
108
38
8
2
1
1
0
0
0
0
1
1
2
7
34
102
185
232
222
158
73
0
0
0
0
64
147
217
236
199
119
44
10
2
1
1
0
0
0
0
1
1
2
8
39
109
192
234
219
151
68
0
0
0
0
57
137
211
238
208
133
55
13
3
1
1
0
0
0
0
1
1
2
12
49
124
202
235
212
139
59
0
0
0
0
48
124
203
237
219
151
70
20
4
2
1
1
1
0
1
1
1
4
18
66
146
215
236
203
125
49
0
0
0
0
38
106
187
233
229
176
97
35
9
3
1
1
1
1
1
1
2
8
32
92
172
227
233
187
106
38
0
0
0
0
25
81
161
221
236
205
138
69
26
9
4
2
2
2
2
4
8
23
62
130
200
235
221
161
81
25
0
0
0
0
14
53
124
196
233
228
186
125
71
37
20
15
14
13
14
19
34
65
116
178
224
233
196
124
53
14
0
0
0
0
7
29
82
155
211
234
224
188
142
101
73
61
59
59
61
71
96
136
182
219
234
214
157
83
29
7
0
0
0
0
3
12
43
100
163
210
231
228
208
181
158
147
145
145
147
156
177
205
226
231
214
169
104
45
13
3
0
0
0
0
1
4
16
47
97
151
194
218
226
224
219
215
214
214
215
218
224
226
220
198
158
104
52
18
4
1
0
0
0
0
1
1
4
15
40
78
120
155
182
202
213
215
215
215
215
213
204
186
160
125
84
44
17
5
1
1
0
0
0
0
1
1
1
3
11
26
48
74
100
127
143
149
149
149
149
144
130
104
77
52
29
12
4
1
1
1
0
0
0
0
1
1
1
1
2
5
12
21
34
50
60
64
64
64
64
61
52
36
23
13
6
3
1
1
1
1
0
0
0
0
0
0
0
0
0
0
0
0
0
0
0
0
0
0
0
0
0
0
0
0
0
0
0
0
0
0
0
0
0
0
0
0
0
0
0
0
0
0
0
0
0
0
0
0
0
0
0
0
0
0
0
0
0
0
0
0
0
0
