37
44
0
0
0
0
0
0
0
0
0
0
0
0
0
0
0
0
0
0
0
0
0
0
0
0
0
0
0
0
0
0
0
0
0
0
0
0
0
0
0
0
0
0
0
0
0
0
0
0
0
0
0
0
0
0
0
0
0
0
0
0
0
0
0
0
0
0
0
0
0
0
0
0
0
0
0
0
8
25
49
69
76
72
55
31
12
3
1
1
1
0
0
0
0
0
0
0
1
1
1
3
10
27
51
70
76
69
49
25
8
0
0
0
0
16
50
98
136
151
142
109
61
23
6
2
1
1
1
0
0
0
0
0
0
1
1
2
5
19
54
101
138
150
136
98
50
16
0
0
0
0
22
68
135
189
210
197
151
84
31
8
2
1
1
1
0
0
0
0
0
0
1
1
2
7
26
74
140
191
208
189
135
68
22
0
0
0
0
24
75
150
210
234
220
168
93
34
9
2
1
1
1
0
0
0
0
0
0
1
1
2
7
28
81
156
213
232
210
150
75
24
0
0
0
0
24
76
152
214
239
225
171
94
35
9
3
2
1
1
0
0
0
0
0
0
1
1
2
7
28
82
159
218
237
214
152
76
24
0
0
0
0
24
76
153
215
241
226
171
94
35
9
3
2
1
1
0
0
0
0
0
0
1
1
2
7
28
82
159
219
238
215
153
76
24
0
0
0
0
24
76
153
216
241
226
172
95
35
9
3
2
1
1
0
0
0
0
0
0
1
1
2
7
28
83
160
219
239
216
153
76
24
0
0
0
0
24
76
153
216
241
226
172
95
35
9
3
2
1
1
0
0
0
0
0
0
1
1
2
7
28
83
160
219
239
216
153
76
24
0
0
0
0
24
76
153
216
241
226
172
95
35
9
3
2
1
1
0
0
0
0
0
0
1
1
2
7
28
83
160
219
239
216
153
76
24
0
0
0
0
24
76
153
216
241
226
172
95
35
9
3
2
1
1
0
0
0
0
0
0
1
1
2
7
28
83
160
219
239
216
153
76
24
0
0
0
0
24
76
153
216
241
226
172
95
35
9
3
2
1
1
0
0
0
0
0
0
1
1
2
7
28
83
160
219
239
216
153
76
24
0
0
0
0
24
76
153
216
241
226
172
95
35
9
3
2
1
1
0
0
0
0
0
0
1
1
2
7
28
83
160
219
239
216
153
76
24
0
0
0
0
24
76
153
216
241
226
172
95
35
9
3
2
1
1
0
0
0
0
0
0
1
1
2
7
28
83
160
219
239
216
153
76
24
0
0
0
0
24
76
153
216
241
226
172
95
35
9
3
2
1
1
0
0
0
0
0
0
1
1
2
7
28
83
160
219
239
216
153
76
24
0
0
0
0
24
76
153
216
241
226
172
95
35
9
3
2
1
1
0
0
0
0
0
0
1
1
2
7
28
83
160
219
239
216
153
76
24
0
0
0
0
24
76
153
216
241
226
172
95
35
9
3
2
1
1
0
0
0
0
0
0
1
1
2
7
28
83
160
219
239
216
153
76
24
0
0
0
0
24
76
153
216
241
226
172
95
35
9
3
2
1
1
0
0
0
0
0
0
1
1
2
7
28
83
160
219
239
216
153
76
24
0
0
0
0
24
76
153
216
241
226
172
95
35
9
3
2
1
1
0
0
0
0
0
0
1
1
2
7
28
83
160
219
239
216
153
76
24
0
0
0
0
24
76
153
216
241
226
172
95
35
9
3
2
1
1
0
0
0
0
0
0
1
1
2
7
28
83
160
219
239
216
153
76
24
0
0
0
0
24
76
153
216
241
226
172
95
35
9
3
2
1
1
0
0
0
0
0
0
1
1
2
7
28
83
160
219
239
216
153
76
24
0
0
0
0
24
76
153
216
241
226
172
95
35
9
3
2
1
1
0
0
0
0
0
0
1
1
2
7
28
83
160
219
239
216
153
76
24
0
0
0
0
24
76
153
216
241
226
172
95
35
9
3
2
1
1
0
0
0
0
0
0
1
1
2
7
29
83
160
219
239
216
153
76
24
0
0
0
0
25
76
153
216
241
226
172
95
35
9
3
2
1
1
0
0
0
0
0
1
1
1
2
7
29
85
162
220
239
216
153
76
24
0
0
0
0
25
76
153
216
241
226
172
95
35
9
3
2
1
1
0
0
0
0
0
1
1
1
2
8
31
88
165
223
240
216
153
76
25
0
0
0
0
24
75
151
215
241
227
174
97
36
9
3
2
1
1
0
0
0
0
0
1
1
2
3
9
34
93
169
225
241
216
153
76
24
0
0
0
0
22
71
147
212
241
230
179
103
40
10
3
2
1
1
0
0
0
0
0
1
1
2
3
9
36
96
173
227
241
215
151
74
24
0
0
0
0
19
65
140
208
240
234
188
113
46
13
3
2
1
1
0
0
0
0
0
1
1
2
3
10
40
103
179
230
240
211
145
69
21
0
0
0
0
17
59
131
202
239
238
198
126
55
16
4
2
1
1
0
0
0
0
0
1
1
2
3
13
48
115
189
234
239
203
134
61
18
0
0
0
0
14
52
121
194
236
241
208
141
67
21
5
2
1
1
1
0
0
0
1
1
1
2
5
19
61
132
202
239
236
194
121
52
15
0
0
0
0
11
43
107
182
231
243
219
160
86
32
8
3
2
1
1
1
1
1
1
1
1
3
8
29
81
155
216
242
231
182
107
43
11
0
0
0
0
8
33
89
164
221
243
230
185
114
52
17
6
3
2
1
1
1
1
1
2
2
5
15
47
108
180
229
242
221
164
89
33
8
0
0
0
0
6
22
67
137
202
237
239
211
153
87
39
16
7
4
3
2
2
2
2
3
6
14
34
78
144
205
238
237
202
137
67
22
6
0
0
0
0
3
13
44
103
173
223
241
231
194
138
84
46
24
14
10
9
9
9
9
13
22
41
76
128
185
227
241
224
173
103
44
13
3
0
0
0
0
2
7
25
69
136
197
232
240
226
192
148
105
71
50
41
39
38
38
40
47
66
98
140
184
221
239
233
198
137
70
25
7
2
0
0
0
0
1
3
12
39
91
153
203
232
239
229
206
175
143
120
109
106
106
106
108
117
138
169
201
225
238
234
208
157
94
40
12
3
1
0
0
0
0
1
2
5
18
48
97
152
197
225
236
235
224
208
193
186
184
184
184
185
191
205
221
233
237
228
203
159
104
52
19
5
2
1
0
0
0
0
1
1
2
6
19
47
89
136
178
206
222
230
232
231
229
228
228
228
229
230
232
231
224
210
183
144
97
52
22
7
2
1
1
0
0
0
0
1
1
1
2
6
16
38
70
108
141
167
189
207
216
218
218
218
218
218
217
209
193
171
146
114
76
42
19
7
2
1
1
1
0
0
0
0
1
1
1
1
2
5
11
25
46
68
91
116
140
154
158
158
158
159
158
155
143
121
95
72
49
28
13
5
2
1
1
1
1
0
0
0
0
0
1
1
1
1
2
3
6
13
21
33
49
66
76
79
80
80
80
79
77
68
52
36
23
14
7
3
2
1
1
1
1
0
0
0
0
0
0
0
0
0
0
0
0
0
0
0
0
0
0
0
0
0
0
0
0
0
0
0
0
0
0
0
0
0
0
0
0
0
0
0
0
0
0
0
0
0
0
0
0
0
0
0
0
0
0
0
0
0
0
0
0
0
0
0
0
0
0
0
0
0
0
0
0
0
0
0
0
0
