37
38
0
0
0
0
0
0
0
0
0
0
0
0
0
0
0
0
0
0
0
0
0
0
0
0
0
0
0
0
0
0
0
0
0
0
0
0
0
0
0
0
0
0
0
0
0
0
0
0
0
0
0
0
0
0
0
0
0
0
0
0
0
0
0
0
0
0
0
0
0
0
0
0
0
0
0
0
7
21
41
57
63
60
46
26
10
3
1
1
1
1
0
0
0
0
0
0
1
1
1
2
8
22
43
58
63
57
41
21
7
0
0
0
0
15
46
92
127
141
133
102
57
21
5
2
1
1
1
0
0
0
0
0
0
1
1
2
4
18
50
95
129
140
127
92
46
15
0
0
0
0
22
67
133
186
206
194
148
83
31
8
2
1
1
1
0
0
0
0
0
0
1
1
2
6
25
72
138
188
205
186
133
67
22
0
0
0
0
24
75
150
210
234
220
167
93
34
9
3
2
1
1
0
0
0
0
0
0
1
1
2
7
28
81
156
213
232
210
150
75
24
0
0
0
0
25
76
153
215
240
225
171
94
35
9
3
2
1
1
0
0
0
0
0
0
1
1
2
7
28
82
159
218
238
215
152
76
24
0
0
0
0
24
76
153
216
241
226
172
95
35
9
3
2
1
1
0
0
0
0
0
0
1
1
2
7
28
83
160
219
239
215
153
76
24
0
0
0
0
24
76
153
216
241
226
172
95
35
9
3
2
1
1
0
0
0
0
0
0
1
1
2
7
28
83
160
219
239
216
153
76
24
0
0
0
0
24
76
153
216
241
226
172
95
35
9
3
2
1
1
0
0
0
0
0
0
1
1
2
7
28
83
160
219
239
216
153
76
24
0
0
0
0
24
76
153
216
241
226
172
95
35
9
3
2
1
1
0
0
0
0
0
0
1
1
2
7
28
83
160
219
239
216
153
76
24
0
0
0
0
24
76
153
216
241
226
172
95
35
9
3
2
1
1
0
0
0
0
0
0
1
1
2
7
28
83
160
219
239
216
153
76
24
0
0
0
0
24
76
153
216
241
226
172
95
35
9
3
2
1
1
0
0
0
0
0
0
1
1
2
7
28
83
160
219
239
216
153
76
24
0
0
0
0
24
76
153
216
241
226
172
95
35
9
3
2
1
1
0
0
0
0
0
0
1
1
2
7
28
83
160
219
239
216
153
76
24
0
0
0
0
24
76
153
216
241
226
172
95
35
9
3
2
1
1
0
0
0
0
0
0
1
1
2
7
28
83
160
219
239
216
153
76
24
0
0
0
0
24
76
153
216
241
226
172
95
35
9
3
2
1
1
0
0
0
0
0
0
1
1
2
7
28
83
160
219
239
216
153
76
24
0
0
0
0
24
76
153
216
241
226
172
95
35
9
3
2
1
1
0
0
0
0
0
0
1
1
2
7
28
83
160
219
239
216
153
76
24
0
0
0
0
24
76
153
216
241
226
172
95
35
9
3
2
1
1
0
0
0
0
0
0
1
1
2
7
28
83
160
219
239
216
153
76
24
0
0
0
0
24
76
153
216
241
226
172
95
35
9
3
2
1
1
0
0
0
0
0
0
1
1
2
7
28
83
160
219
239
216
153
76
24
0
0
0
0
24
76
153
216
241
226
172
95
35
9
3
2
1
1
0
0
0
0
0
0
1
1
2
7
28
83
160
219
239
216
153
76
24
0
0
0
0
25
76
153
216
241
226
172
95
35
9
3
2
1
1
0
0
0
0
0
1
1
1
2
7
29
84
161
220
239
216
153
76
24
0
0
0
0
25
76
153
216
241
226
172
95
35
9
3
2
1
1
0
0
0
0
0
1
1
1
2
7
30
87
164
222
240
216
153
76
25
0
0
0
0
24
75
151
215
241
227
174
97
36
9
3
2
1
1
0
0
0
0
0
1
1
1
3
8
33
91
168
224
241
216
153
76
25
0
0
0
0
22
71
147
212
241
230
179
103
40
10
3
2
1
1
0
0
0
0
0
1
1
2
3
9
36
96
173
227
241
214
151
74
24
0
0
0
0
19
64
139
207
240
234
189
115
48
13
3
2
1
1
0
0
0
0
0
1
1
2
3
11
41
105
181
230
240
209
143
68
21
0
0
0
0
16
57
128
199
238
239
201
130
59
18
4
2
1
1
0
0
0
0
0
1
1
2
4
15
53
121
193
235
238
200
130
59
17
0
0
0
0
13
47
114
187
233
242
213
151
77
27
7
2
1
1
1
1
0
1
1
1
1
2
6
25
72
144
209
240
233
188
114
48
13
0
0
0
0
9
36
94
169
223
242
227
177
107
47
16
5
2
1
1
1
1
1
1
1
2
5
14
43
101
173
224
242
223
169
94
36
9
0
0
0
0
6
24
69
139
202
236
237
207
150
86
41
18
8
4
3
3
2
2
3
4
8
16
36
78
141
202
236
236
202
139
69
24
6
0
0
0
0
3
13
42
100
168
218
239
230
196
144
93
56
34
22
17
15
15
15
16
20
31
52
86
134
188
226
238
219
168
100
43
13
3
0
0
0
0
2
6
21
61
122
182
221
236
228
201
164
126
95
73
64
61
61
61
63
71
90
120
157
195
224
235
224
184
123
61
22
6
2
0
0
0
0
1
3
9
29
70
125
176
212
229
230
217
197
174
155
146
144
144
144
146
153
170
193
214
228
230
216
182
130
74
30
9
3
1
0
0
0
0
1
1
3
10
29
64
108
153
189
211
221
223
220
215
211
210
210
210
211
214
219
223
222
214
194
160
116
70
32
11
3
1
1
0
0
0
0
1
1
1
3
9
22
47
80
116
146
169
188
203
210
211
211
211
211
211
210
205
191
173
150
121
86
52
26
10
3
1
1
1
0
0
0
0
1
1
1
1
2
5
13
28
47
68
89
111
132
144
148
148
148
148
148
145
134
115
92
71
50
30
15
6
2
1
1
1
1
0
0
0
0
0
1
1
1
1
1
3
6
12
19
29
42
55
63
66
66
66
66
66
64
57
44
31
21
13
7
3
2
1
1
1
1
0
0
0
0
0
0
0
0
0
0
0
0
0
0
0
0
0
0
0
0
0
0
0
0
0
0
0
0
0
0
0
0
0
0
0
0
0
0
0
0
0
0
0
0
0
0
0
0
0
0
0
0
0
0
0
0
0
0
0
0
0
0
0
0
0
0
0
0
0
0
0
0
0
0
0
0
0
