37
48
0
0
0
0
0
0
0
0
0
0
0
0
0
0
0
0
0
0
0
0
0
0
0
0
0
0
0
0
0
0
0
0
0
0
0
0
0
0
0
0
0
0
0
0
0
0
0
0
0
0
0
0
0
0
0
0
0
0
0
0
0
0
0
0
0
0
0
0
0
0
0
0
0
0
0
0
11
34
67
94
104
98
75
42
16
4
1
1
1
1
0
0
0
0
0
0
1
1
1
3
13
37
70
95
103
93
67
34
11
0
0
0
0
19
57
113
157
174
164
126
70
26
7
2
1
1
1
0
0
0
0
0
0
1
1
2
6
22
62
117
159
173
157
113
57
19
0
0
0
0
24
72
142
198
220
207
159
89
33
8
2
1
1
1
0
0
0
0
0
0
1
1
2
7
27
78
147
201
218
198
142
72
24
0
0
0
0
25
76
151
212
236
222
169
94
35
9
3
1
1
1
0
0
0
0
0
0
1
1
2
7
29
82
157
215
234
212
151
76
25
0
0
0
0
24
76
152
214
239
225
171
94
35
9
3
2
1
1
0
0
0
0
0
0
1
1
2
7
28
82
159
218
237
214
152
76
24
0
0
0
0
24
76
153
215
240
226
171
94
35
9
3
2
1
1
0
0
0
0
0
0
1
1
2
7
28
82
159
219
238
215
152
76
24
0
0
0
0
24
76
153
216
241
226
172
95
35
9
3
2
1
1
0
0
0
0
0
0
1
1
2
7
28
83
160
219
239
216
153
76
24
0
0
0
0
24
76
153
216
241
226
172
95
35
9
3
2
1
1
0
0
0
0
0
0
1
1
2
7
28
83
160
219
239
216
153
76
24
0
0
0
0
24
76
153
216
241
226
172
95
35
9
3
2
1
1
0
0
0
0
0
0
1
1
2
7
28
83
160
219
239
216
153
76
24
0
0
0
0
24
76
153
216
241
226
172
95
35
9
3
2
1
1
0
0
0
0
0
0
1
1
2
7
28
83
160
219
239
216
153
76
24
0
0
0
0
24
76
153
216
241
226
172
95
35
9
3
2
1
1
0
0
0
0
0
0
1
1
2
7
28
83
160
219
239
216
153
76
24
0
0
0
0
24
76
153
216
241
226
172
95
35
9
3
2
1
1
0
0
0
0
0
0
1
1
2
7
28
83
160
219
239
216
153
76
24
0
0
0
0
24
76
153
216
241
226
172
95
35
9
3
2
1
1
0
0
0
0
0
0
1
1
2
7
28
83
160
219
239
216
153
76
24
0
0
0
0
24
76
153
216
241
226
172
95
35
9
3
2
1
1
0
0
0
0
0
0
1
1
2
7
28
83
160
219
239
216
153
76
24
0
0
0
0
24
76
153
216
241
226
172
95
35
9
3
2
1
1
0
0
0
0
0
0
1
1
2
7
28
83
160
219
239
216
153
76
24
0
0
0
0
24
76
153
216
241
226
172
95
35
9
3
2
1
1
0
0
0
0
0
0
1
1
2
7
28
83
160
219
239
216
153
76
24
0
0
0
0
24
76
153
216
241
226
172
95
35
9
3
2
1
1
0
0
0
0
0
0
1
1
2
7
28
83
160
219
239
216
153
76
24
0
0
0
0
24
76
153
216
241
226
172
95
35
9
3
2
1
1
0
0
0
0
0
0
1
1
2
7
28
83
160
219
239
216
153
76
24
0
0
0
0
24
76
153
216
241
226
172
95
35
9
3
2
1
1
0
0
0
0
0
0
1
1
2
7
28
83
160
219
239
216
153
76
24
0
0
0
0
24
76
153
216
241
226
172
95
35
9
3
2
1
1
0
0
0
0
0
0
1
1
2
7
28
83
160
219
239
216
153
76
24
0
0
0
0
24
76
153
216
241
226
172
95
35
9
3
2
1
1
0
0
0
0
0
0
1
1
2
7
28
83
160
219
239
216
153
76
24
0
0
0
0
24
76
153
216
241
226
172
95
35
9
3
2
1
1
0
0
0
0
0
0
1
1
2
7
28
83
160
219
239
216
153
76
24
0
0
0
0
24
76
153
216
241
226
172
95
35
9
3
2
1
1
0
0
0
0
0
0
1
1
2
7
28
83
160
219
239
216
153
76
24
0
0
0
0
24
76
153
216
241
226
172
95
35
9
3
2
1
1
0
0
0
0
0
0
1
1
2
7
28
83
160
219
239
216
153
76
24
0
0
0
0
25
76
153
216
241
226
172
95
35
9
3
2
1
1
0
0
0
0
0
0
1
1
2
7
29
84
161
220
239
216
153
76
24
0
0
0
0
25
76
153
216
241
226
172
95
35
9
3
2
1
1
0
0
0
0
0
1
1
1
2
8
31
87
163
221
240
216
153
76
24
0
0
0
0
24
76
152
216
241
226
172
95
35
9
3
2
1
1
0
0
0
0
0
1
1
1
3
8
33
91
168
224
241
216
153
76
25
0
0
0
0
23
73
150
214
241
228
175
98
37
9
3
2
1
1
0
0
0
0
0
1
1
2
3
9
35
94
171
226
241
216
153
76
25
0
0
0
0
21
69
145
211
241
231
181
105
41
11
3
2
1
1
0
0
0
0
0
1
1
2
3
9
36
97
174
227
241
214
150
74
24
0
0
0
0
19
64
139
207
240
234
189
115
48
13
3
2
1
1
0
0
0
0
0
1
1
2
3
11
40
104
180
230
240
210
144
69
21
0
0
0
0
17
59
131
202
239
238
198
126
56
16
4
2
1
1
0
0
0
0
0
1
1
2
3
13
48
115
189
234
239
203
134
61
18
0
0
0
0
14
52
122
194
237
241
207
139
66
21
5
2
1
1
0
0
0
0
0
1
1
2
4
18
60
131
201
238
236
195
122
52
15
0
0
0
0
12
44
110
185
233
243
217
155
81
28
7
2
1
1
1
1
0
0
1
1
1
2
7
26
77
151
214
242
233
185
110
44
12
0
0
0
0
9
36
95
171
226
244
227
177
104
43
13
4
2
1
1
1
1
1
1
1
2
4
11
39
99
173
226
243
226
171
95
36
9
0
0
0
0
6
26
76
150
212
241
237
201
136
69
26
9
4
2
2
1
1
1
2
2
4
8
22
62
128
196
235
241
212
150
76
26
7
0
0
0
0
4
17
55
121
190
232
242
223
175
110
55
24
11
5
4
3
3
3
3
5
9
21
49
99
164
217
241
232
190
121
55
17
4
0
0
0
0
3
10
35
90
161
216
241
238
210
160
106
62
34
19
13
12
12
12
13
18
31
57
97
150
202
234
240
217
161
90
35
10
3
0
0
0
0
2
5
20
60
124
189
229
242
234
207
167
124
86
61
50
48
47
47
49
58
81
117
160
200
230
241
230
191
126
60
20
5
2
0
0
0
0
1
3
10
34
83
145
199
231
242
236
217
189
158
133
121
119
118
118
120
130
152
183
213
233
242
234
204
151
86
35
10
3
1
0
0
0
0
1
2
4
15
44
93
149
197
227
240
239
230
215
202
194
192
192
192
194
200
213
228
238
240
230
204
158
100
49
17
5
2
1
0
0
0
0
1
1
2
6
18
46
90
141
184
213
229
236
238
236
235
234
234
234
234
236
238
237
231
216
190
149
99
53
21
6
2
1
1
0
0
0
0
1
1
1
2
6
17
41
78
119
155
182
203
220
228
230
230
230
230
230
229
222
207
186
160
125
84
47
20
7
2
1
1
1
0
0
0
0
1
1
1
1
2
5
14
31
57
84
111
138
163
178
182
183
183
183
183
179
167
143
116
89
61
35
16
6
2
1
1
1
1
0
0
0
0
0
1
1
1
1
2
4
9
18
31
47
69
91
104
108
109
109
109
108
105
94
73
51
33
20
10
4
2
1
1
1
1
0
0
0
0
0
0
0
0
0
0
0
0
0
0
0
0
0
0
0
0
0
0
0
0
0
0
0
0
0
0
0
0
0
0
0
0
0
0
0
0
0
0
0
0
0
0
0
0
0
0
0
0
0
0
0
0
0
0
0
0
0
0
0
0
0
0
0
0
0
0
0
0
0
0
0
0
0
