32
44
0
0
0
0
0
0
0
0
0
0
0
0
0
0
0
0
0
0
0
0
0
0
0
0
0
0
0
0
0
0
0
0
0
0
0
0
0
0
0
0
0
0
0
0
0
0
0
0
0
0
0
0
0
0
0
0
0
0
0
0
0
0
0
0
0
0
8
25
51
70
73
58
33
12
3
1
1
1
0
0
0
0
0
1
1
3
10
29
55
71
70
51
25
8
0
0
0
0
15
50
101
139
144
116
65
23
5
1
1
1
0
0
0
0
0
1
1
5
20
58
109
141
138
101
50
15
0
0
0
0
21
69
140
192
200
160
90
32
7
2
1
1
0
0
0
0
0
1
2
6
27
80
151
195
191
140
69
21
0
0
0
0
23
76
155
214
223
178
99
35
8
2
1
1
0
0
0
0
0
1
2
7
30
89
168
218
213
155
76
23
0
0
0
0
23
77
158
219
228
181
101
36
8
2
1
1
0
0
0
0
0
1
2
7
30
90
171
223
218
158
76
23
0
0
0
0
23
77
159
220
229
182
101
36
8
2
1
1
0
0
0
0
0
1
2
7
30
90
172
224
219
158
77
23
0
0
0
0
23
77
159
220
229
182
101
36
8
2
1
1
0
0
0
0
0
1
2
7
30
90
172
224
219
159
77
23
0
0
0
0
23
77
159
221
229
182
101
36
8
2
1
1
0
0
0
0
0
1
2
7
30
91
172
225
219
159
77
23
0
0
0
0
23
77
159
221
229
182
101
36
8
2
1
1
0
0
0
0
0
1
2
7
30
91
172
225
219
159
77
23
0
0
0
0
23
77
159
221
229
182
101
36
8
2
1
1
0
0
0
0
0
1
2
7
30
91
172
225
219
159
77
23
0
0
0
0
23
77
159
221
229
182
101
36
8
2
1
1
0
0
0
0
0
1
2
7
30
91
172
225
219
159
77
23
0
0
0
0
23
77
159
221
229
182
101
36
8
2
1
1
0
0
0
0
0
1
2
7
30
91
172
225
219
159
77
23
0
0
0
0
23
77
159
221
229
182
101
36
8
2
1
1
0
0
0
0
0
1
2
7
30
91
172
225
219
159
77
23
0
0
0
0
23
77
159
221
229
182
101
36
8
2
1
1
0
0
0
0
0
1
2
7
30
91
172
225
219
159
77
23
0
0
0
0
23
77
159
221
229
182
101
36
8
2
1
1
0
0
0
0
0
1
2
7
30
91
172
225
219
159
77
23
0
0
0
0
23
77
159
221
229
182
101
36
8
2
1
1
0
0
0
0
0
1
2
7
30
91
172
225
219
159
77
23
0
0
0
0
23
77
159
221
229
182
101
36
8
2
1
1
0
0
0
0
0
1
2
7
30
91
172
225
219
159
77
23
0
0
0
0
23
77
159
221
229
182
101
36
8
2
1
1
0
0
0
0
0
1
2
7
30
91
172
225
219
159
77
23
0
0
0
0
23
77
159
221
229
182
101
36
8
2
1
1
0
0
0
0
0
1
2
7
30
91
172
225
219
159
77
23
0
0
0
0
23
77
159
221
229
182
101
36
8
2
1
1
0
0
0
0
0
1
2
7
30
90
172
225
219
159
77
23
0
0
0
0
23
77
159
221
229
182
101
36
8
2
1
1
0
0
0
0
0
1
2
7
30
90
172
224
219
159
77
23
0
0
0
0
23
77
159
221
229
182
101
36
8
2
1
1
0
0
0
0
1
1
2
7
30
91
172
224
219
159
77
23
0
0
0
0
23
77
159
221
229
182
101
36
8
2
1
1
0
0
0
0
1
1
2
7
31
92
174
225
219
159
77
23
0
0
0
0
23
77
159
220
229
182
101
36
8
2
1
1
0
0
0
0
1
1
2
7
33
95
177
227
220
159
77
23
0
0
0
0
22
75
157
219
230
184
103
37
9
2
1
1
0
0
0
0
1
1
2
8
35
99
181
228
220
159
77
23
0
0
0
0
21
72
153
218
231
188
108
40
9
2
1
1
0
0
0
0
1
1
2
8
37
103
184
229
219
157
75
22
0
0
0
0
19
67
147
215
233
195
118
46
11
2
1
1
0
0
0
0
1
1
2
9
40
108
188
231
217
152
71
20
0
0
0
0
17
61
140
210
234
203
129
53
14
3
1
1
0
0
0
0
1
1
2
12
47
119
196
232
211
142
63
17
0
0
0
0
14
55
131
204
235
211
142
64
18
4
1
1
1
0
0
1
1
1
4
16
59
135
207
233
205
131
55
14
0
0
0
0
11
47
118
196
234
220
159
80
26
6
2
1
1
1
1
1
1
2
6
24
76
155
218
233
196
118
46
11
0
0
0
0
8
37
102
181
229
229
182
106
42
12
4
2
1
1
1
1
2
3
10
38
100
177
227
229
181
102
37
8
0
0
0
0
6
26
80
158
218
235
206
142
72
27
9
4
3
2
2
2
4
8
24
64
133
201
233
218
158
80
26
6
0
0
0
0
3
16
56
127
198
233
226
183
119
63
30
15
10
9
9
10
14
27
58
110
174
222
232
198
127
56
16
3
0
0
0
0
2
9
35
93
167
220
236
218
175
123
80
52
41
38
38
40
50
75
117
167
212
234
221
169
94
35
9
2
0
0
0
0
1
4
19
59
124
188
226
235
219
188
151
122
109
106
106
108
120
146
183
215
234
229
192
128
61
19
4
1
0
0
0
0
1
2
8
30
76
137
191
224
235
228
211
195
186
184
184
185
193
209
226
235
227
197
144
81
32
9
2
1
0
0
0
0
1
1
3
11
35
79
133
181
211
226
231
231
229
228
228
229
230
231
227
214
186
141
86
40
13
3
1
1
0
0
0
0
1
1
1
3
12
34
70
113
150
180
202
214
218
218
218
218
215
204
183
155
118
76
38
14
4
1
1
1
0
0
0
0
1
1
1
1
3
10
26
49
76
105
134
152
158
158
158
158
153
137
109
80
53
28
12
4
1
1
1
1
0
0
0
0
0
1
1
1
1
3
7
14
26
43
62
74
79
79
79
79
75
64
45
28
16
7
3
1
1
1
1
0
0
0
0
0
0
0
0
0
0
0
0
0
0
0
0
0
0
0
0
0
0
0
0
0
0
0
0
0
0
0
0
0
0
0
0
0
0
0
0
0
0
0
0
0
0
0
0
0
0
0
0
0
0
0
0
0
0
0
0
0
0
0
0
0
0
0
