27
37
0
0
0
0
0
0
0
0
0
0
0
0
0
0
0
0
0
0
0
0
0
0
0
0
0
0
0
0
0
0
0
0
0
0
0
0
0
0
0
0
0
0
0
0
0
0
0
0
0
0
0
0
0
0
0
0
35
83
125
129
94
43
12
2
1
1
0
0
0
1
1
2
10
39
88
126
124
84
35
0
0
0
0
50
122
183
189
137
63
17
3
1
1
0
0
0
1
1
3
15
57
129
184
182
122
50
0
0
0
0
56
136
205
213
153
70
19
4
2
1
0
0
0
1
1
3
16
63
144
207
204
136
56
0
0
0
0
56
139
209
217
156
71
19
4
2
1
0
0
0
1
1
3
16
64
147
211
208
139
56
0
0
0
0
57
139
210
217
156
71
19
4
2
1
0
0
0
1
1
3
16
63
147
212
208
139
57
0
0
0
0
57
139
210
217
157
71
19
4
2
1
0
0
0
1
1
3
16
63
147
212
209
139
57
0
0
0
0
57
139
210
217
156
71
19
4
2
1
0
0
0
1
1
3
16
63
147
212
209
139
57
0
0
0
0
57
139
210
217
156
71
19
4
2
1
0
0
0
1
1
3
16
63
147
212
209
139
57
0
0
0
0
57
139
210
217
156
71
19
4
2
1
0
0
0
1
1
3
16
63
147
212
209
139
57
0
0
0
0
57
139
210
217
156
71
19
4
2
1
0
0
0
1
1
3
16
63
147
212
209
139
57
0
0
0
0
57
139
210
217
156
71
19
4
2
1
0
0
0
1
1
3
16
63
147
212
209
139
57
0
0
0
0
57
139
210
217
156
71
19
4
2
1
0
0
0
1
1
3
16
63
147
212
209
139
57
0
0
0
0
57
139
210
217
156
71
19
4
2
1
0
0
0
1
1
3
16
63
147
212
209
139
57
0
0
0
0
57
139
210
217
156
71
19
4
2
1
0
0
0
1
1
3
16
63
147
212
209
139
57
0
0
0
0
57
139
210
217
156
71
19
4
2
1
0
0
0
1
1
3
16
63
147
212
209
139
57
0
0
0
0
57
139
210
217
156
71
19
4
2
1
0
0
0
1
1
3
16
63
147
212
209
139
57
0
0
0
0
57
139
210
217
156
71
19
4
2
1
0
0
0
1
1
3
16
63
147
212
209
139
57
0
0
0
0
57
139
210
217
156
71
19
4
2
1
0
0
0
1
1
3
16
64
148
212
209
139
57
0
0
0
0
57
139
210
217
157
71
19
4
2
1
0
0
0
1
1
3
17
66
150
214
209
139
57
0
0
0
0
56
138
210
218
158
72
20
4
2
1
0
0
0
1
2
4
19
69
154
216
210
139
57
0
0
0
0
53
134
208
220
163
77
22
4
2
1
1
0
0
1
2
4
20
72
158
218
209
137
55
0
0
0
0
49
128
204
223
172
86
26
5
2
1
1
0
1
1
2
5
23
79
164
220
206
131
51
0
0
0
0
44
120
199
226
182
98
32
7
2
1
1
0
1
1
2
6
29
91
175
222
199
121
45
0
0
0
0
38
108
191
227
195
114
42
10
2
1
1
1
1
1
2
9
39
109
190
225
191
108
38
0
0
0
0
29
92
177
225
209
139
61
17
4
2
1
1
1
2
4
15
57
134
206
225
177
92
29
0
0
0
0
20
71
153
216
223
172
96
38
12
5
3
2
2
4
10
34
89
166
220
216
153
71
20
0
0
0
0
11
48
120
195
228
207
147
84
41
21
15
14
14
20
38
77
139
201
226
195
120
48
11
0
0
0
0
6
27
83
159
215
227
200
152
105
74
61
59
61
71
100
145
194
225
216
161
84
28
6
0
0
0
0
3
13
47
109
175
218
227
210
182
158
147
145
147
156
179
207
226
220
180
113
48
13
3
0
0
0
0
1
5
19
56
113
169
207
223
224
218
215
214
215
218
223
224
210
175
120
61
21
5
1
0
0
0
0
1
2
6
20
52
97
142
176
200
212
215
215
215
213
202
179
146
103
57
23
6
2
1
0
0
0
0
1
1
2
5
16
37
65
95
125
143
149
149
149
144
127
99
68
40
18
6
2
1
1
0
0
0
0
1
1
1
1
4
9
18
32
49
60
64
64
64
61
50
34
19
9
4
2
1
1
1
0
0
0
0
0
0
0
0
0
0
0
0
0
0
0
0
0
0
0
0
0
0
0
0
0
0
0
0
0
0
0
0
0
0
0
0
0
0
0
0
0
0
0
0
0
0
0
0
0
0
0
0
0
0
0
0
