20
31
0
0
0
0
0
0
0
0
0
0
0
0
0
0
0
0
0
0
0
0
0
0
0
0
0
0
0
0
0
0
0
0
0
0
0
0
0
0
0
0
0
0
55
124
167
167
124
55
12
0
0
0
0
0
0
0
0
0
0
0
0
0
73
167
225
225
167
73
15
0
0
0
0
0
0
0
0
0
0
0
0
0
78
178
240
240
178
78
16
0
0
0
0
0
0
0
0
0
0
0
0
0
78
178
240
240
178
78
16
0
0
0
0
0
0
0
0
0
0
0
0
0
78
178
240
240
178
78
16
0
0
0
0
0
0
0
0
0
0
0
0
0
78
178
240
240
178
78
16
0
0
1
5
12
15
16
15
12
0
0
0
0
78
178
240
240
178
78
16
0
1
9
30
58
74
77
70
48
0
0
0
0
78
178
240
240
178
78
16
1
9
37
89
143
170
170
142
89
0
0
0
0
78
178
240
240
178
78
17
9
37
93
162
213
227
203
147
78
0
0
0
0
78
178
240
240
178
79
25
37
93
163
218
239
218
163
93
37
0
0
0
0
78
178
240
240
179
86
53
93
163
218
239
218
163
93
37
9
0
0
0
0
78
178
240
241
186
114
109
163
218
239
218
163
93
37
9
1
0
0
0
0
78
178
240
244
208
167
178
218
239
218
163
93
37
9
1
0
0
0
0
0
78
178
240
251
236
221
230
243
228
173
98
38
9
1
0
0
0
0
0
0
78
178
240
255
252
249
252
248
217
147
67
17
2
0
0
0
0
0
0
0
78
178
240
255
255
255
255
252
229
172
94
31
5
0
0
0
0
0
0
0
78
178
240
255
251
245
245
250
246
215
147
65
15
1
0
0
0
0
0
0
78
178
240
251
232
205
202
226
246
240
191
109
41
9
1
0
0
0
0
0
78
178
240
244
201
139
124
167
219
242
225
166
90
30
5
0
0
0
0
0
78
178
240
241
183
93
57
95
167
225
242
215
147
65
15
1
0
0
0
0
78
178
240
240
178
79
25
41
109
191
240
240
191
109
41
9
0
0
0
0
78
178
240
240
178
78
17
15
65
147
215
242
225
166
90
30
0
0
0
0
78
178
240
240
178
78
16
5
30
90
166
225
242
215
147
65
0
0
0
0
78
178
240
240
178
78
16
1
9
41
109
191
240
240
191
109
0
0
0
0
73
167
225
225
167
73
15
0
1
15
65
146
211
231
210
151
0
0
0
0
55
124
167
167
124
55
12
0
0
5
30
85
142
170
170
142
0
0
0
0
24
55
73
73
55
24
5
0
0
1
9
30
58
74
77
70
0
0
0
0
0
0
0
0
0
0
0
0
0
0
0
0
0
0
0
0
0
0
0
0
0
0
0
0
0
0
0
0
0
0
0
0
0
0
0
0
0
0
