22
30
0
0
0
0
0
0
0
0
0
0
0
0
0
0
0
0
0
0
0
0
0
0
0
0
0
0
0
0
0
0
0
0
0
0
0
0
0
0
0
0
0
0
0
0
0
0
55
124
167
167
124
55
12
0
0
0
0
0
0
0
0
0
0
0
0
0
0
0
73
167
225
225
167
73
15
0
0
0
0
0
0
0
0
0
0
0
0
0
0
0
78
178
240
240
178
78
16
0
0
0
0
0
0
0
0
0
0
0
0
0
0
0
78
178
240
240
178
78
16
0
0
0
0
0
0
0
0
0
0
0
0
0
0
0
78
178
240
240
178
78
16
0
0
0
1
5
12
15
15
12
5
1
0
0
0
0
78
178
240
240
178
78
16
0
0
1
9
30
58
73
70
48
20
4
0
0
0
0
78
178
240
240
178
78
16
0
1
9
37
89
142
163
142
89
35
7
0
0
0
0
78
178
240
240
178
78
16
1
9
37
93
161
206
199
147
78
26
4
0
0
0
0
78
178
240
240
178
78
16
5
30
89
162
214
217
166
94
37
9
1
0
0
0
0
74
171
236
240
182
85
21
16
65
147
214
232
190
109
41
9
1
0
0
0
0
0
59
147
221
240
197
110
43
45
109
191
236
221
151
66
15
1
0
0
0
0
0
0
35
109
197
240
222
156
96
105
167
225
236
190
105
34
5
0
0
0
0
0
0
0
20
85
182
240
241
201
163
177
218
239
214
147
65
15
1
0
0
0
0
0
0
0
16
78
178
240
251
236
221
230
243
228
172
94
31
5
0
0
0
0
0
0
0
0
16
78
178
240
255
252
249
252
248
217
147
67
17
2
0
0
0
0
0
0
0
0
16
78
178
240
255
255
255
255
252
229
173
98
38
9
1
0
0
0
0
0
0
0
16
78
178
240
255
251
245
245
250
246
219
163
93
37
9
1
0
0
0
0
0
0
16
78
178
240
251
232
205
202
226
246
246
219
162
89
30
5
0
0
0
0
0
0
16
78
178
240
244
201
139
124
167
219
246
246
215
147
65
15
1
0
0
0
0
0
16
78
178
240
241
183
93
57
95
167
226
250
241
191
109
41
9
1
0
0
0
0
15
74
171
236
240
182
85
29
42
108
186
230
240
221
166
94
37
9
0
0
0
0
12
59
147
221
240
197
109
36
20
61
128
172
200
224
214
163
93
37
0
0
0
0
5
35
109
197
240
221
147
59
16
24
55
84
128
194
232
218
163
93
0
0
0
0
1
20
85
182
240
236
171
74
16
5
12
26
70
147
210
227
203
147
0
0
0
0
0
15
73
167
225
225
167
73
15
0
0
5
30
85
142
170
170
142
0
0
0
0
0
12
55
124
167
167
124
55
12
0
0
1
9
30
58
74
77
70
0
0
0
0
0
0
0
0
0
0
0
0
0
0
0
0
0
0
0
0
0
0
0
0
0
0
0
0
0
0
0
0
0
0
0
0
0
0
0
0
0
0
0
0
0
0
