23
29
0
0
0
0
0
0
0
0
0
0
0
0
0
0
0
0
0
0
0
0
0
0
0
0
0
0
0
0
0
0
0
0
0
0
0
0
0
0
0
0
0
0
0
0
0
0
0
0
124
170
182
148
70
15
0
0
0
0
0
0
0
0
0
0
0
0
0
0
0
0
0
167
226
228
173
77
16
0
0
0
0
0
0
0
0
0
0
0
0
0
0
0
0
0
171
236
240
182
85
20
1
0
0
0
0
0
0
1
4
7
4
1
0
0
0
0
0
147
221
240
197
109
35
5
0
0
1
5
12
15
19
27
29
16
4
0
0
0
0
0
109
197
240
221
147
59
12
0
1
9
30
58
74
80
79
62
29
7
0
0
0
0
0
85
182
240
236
171
74
15
1
9
37
89
143
170
167
132
75
26
4
0
0
0
0
0
78
178
240
240
178
78
16
5
30
89
161
213
227
200
136
60
15
1
0
0
0
0
0
78
178
240
241
182
85
20
13
58
143
214
242
225
166
90
30
5
0
0
0
0
0
0
74
171
236
243
197
109
36
24
81
175
236
240
191
109
41
9
1
0
0
0
0
0
0
59
147
221
246
221
148
68
53
113
197
236
215
147
65
15
1
0
0
0
0
0
0
0
35
109
197
243
237
180
111
109
166
217
214
162
89
30
5
0
0
0
0
0
0
0
0
20
85
182
241
244
208
167
178
215
221
172
98
38
9
1
0
0
0
0
0
0
0
0
16
78
178
240
251
236
221
230
241
216
148
71
24
6
1
0
0
0
0
0
0
0
0
15
74
171
236
254
252
249
252
251
229
177
113
62
24
5
0
0
0
0
0
0
0
0
12
59
147
221
251
255
255
255
255
247
226
187
131
61
15
1
0
0
0
0
0
0
0
5
35
109
197
244
255
251
245
245
250
250
234
187
108
41
9
1
0
0
0
0
0
0
1
20
85
182
241
251
232
205
201
222
241
246
225
166
90
30
5
0
0
0
0
0
0
0
16
78
178
240
244
201
139
120
152
195
231
242
215
148
69
22
5
1
0
0
0
0
0
16
78
178
240
241
183
93
50
70
124
191
233
236
194
125
69
30
9
0
0
0
0
0
15
74
171
236
240
182
85
25
23
65
132
187
221
224
194
148
89
37
0
0
0
0
0
12
59
147
221
240
197
109
35
10
24
61
109
170
221
236
215
162
93
0
0
0
0
0
5
35
109
197
240
221
147
59
13
5
15
44
110
190
235
235
204
147
0
0
0
0
0
1
20
85
182
240
236
171
74
15
0
1
15
65
142
192
192
173
142
0
0
0
0
0
0
16
77
173
228
226
167
73
15
0
0
5
30
79
112
102
84
70
0
0
0
0
0
0
15
70
148
182
170
124
55
12
0
0
1
9
27
40
31
20
15
0
0
0
0
0
0
0
0
0
0
0
0
0
0
0
0
0
0
0
0
0
0
0
0
0
0
0
0
0
0
0
0
0
0
0
0
0
0
0
0
0
0
0
0
0
0
0
0
