25
29
0
0
0
0
0
0
0
0
0
0
0
0
0
0
0
0
0
0
0
0
0
0
0
0
0
0
0
0
0
0
0
0
0
0
0
0
0
0
0
0
0
0
0
0
0
0
0
0
0
0
0
0
64
129
168
170
137
75
25
4
0
0
0
0
0
0
0
0
0
0
0
0
0
0
0
0
0
94
180
228
229
184
102
35
6
1
0
0
0
0
0
0
1
3
6
4
1
1
0
0
0
0
101
190
241
244
200
118
47
11
2
0
0
1
5
12
15
18
23
24
14
4
1
0
0
0
0
86
169
230
244
213
142
68
21
4
1
3
12
32
59
74
76
69
51
24
6
1
0
0
0
0
57
135
211
244
231
174
93
30
5
5
19
50
96
145
169
159
118
63
21
4
1
0
0
0
0
39
114
199
244
242
195
111
39
9
16
54
115
174
217
227
197
127
53
12
1
1
0
0
0
0
33
103
191
241
247
211
135
57
19
34
96
174
226
244
229
178
101
35
6
0
0
0
0
0
0
26
86
169
230
249
230
169
86
35
54
130
207
243
235
190
123
57
17
3
0
0
0
0
0
0
14
57
135
211
247
241
191
106
56
85
166
229
244
210
137
65
22
5
1
0
0
0
0
0
0
7
39
114
199
245
245
201
126
90
130
201
243
240
185
95
29
5
1
0
0
0
0
0
0
0
5
33
103
191
241
247
215
162
144
182
230
248
226
159
69
15
1
0
0
0
0
0
0
0
0
4
26
86
169
230
249
236
209
201
224
245
241
200
123
46
9
1
0
0
0
0
0
0
0
0
2
14
57
135
211
247
251
242
239
246
251
235
184
106
43
14
4
1
0
0
0
0
0
0
0
1
7
38
109
194
242
254
254
253
254
254
241
201
140
87
50
20
5
1
0
0
0
0
0
0
0
4
26
86
169
230
252
255
255
255
255
250
233
203
166
117
58
18
3
1
0
0
0
0
0
0
2
14
57
135
211
248
255
253
247
243
243
246
242
225
182
112
50
17
6
2
0
0
0
0
0
1
7
39
114
199
245
253
241
217
200
204
227
245
247
224
172
110
63
32
12
0
0
0
0
0
0
5
33
103
191
241
249
223
173
133
134
172
216
242
245
223
185
140
89
40
0
0
0
0
0
0
4
26
86
169
230
246
219
158
95
71
100
160
216
244
247
235
207
155
85
0
0
0
0
0
0
2
14
57
135
211
244
232
175
96
42
46
100
169
216
239
248
241
206
140
0
0
0
0
0
0
1
7
39
114
199
244
242
195
111
40
21
50
105
156
196
228
241
224
178
0
0
0
0
0
0
0
5
33
103
191
241
247
211
135
57
18
20
46
80
124
175
202
189
160
0
0
0
0
0
0
0
4
26
86
169
230
249
230
169
86
27
8
12
27
58
103
123
104
81
0
0
0
0
0
0
0
2
14
57
134
206
236
227
178
97
31
5
2
5
17
38
46
33
20
0
0
0
0
0
0
0
1
7
37
103
168
187
174
137
75
25
4
0
1
3
7
9
5
1
0
0
0
0
0
0
0
0
0
0
0
0
0
0
0
0
0
0
0
0
0
0
0
0
0
0
0
0
0
0
0
0
0
0
0
0
0
0
0
0
0
0
0
0
0
0
0
0
0
0
0
0
