20
31
0
0
0
0
0
0
0
0
0
0
0
0
0
0
0
0
0
0
0
0
0
0
0
0
0
0
0
0
0
0
0
0
0
0
0
0
0
0
0
0
0
0
12
55
124
167
167
124
55
12
0
0
0
0
0
0
0
0
0
0
0
0
15
73
167
225
225
167
73
15
0
0
0
0
0
0
0
0
0
0
0
0
16
78
178
240
240
178
78
16
0
0
0
0
0
0
0
0
0
0
0
0
16
78
178
240
240
178
78
16
0
0
0
0
0
0
0
0
0
0
0
0
16
78
178
240
240
178
78
16
0
0
0
0
0
0
0
0
0
0
0
0
16
78
178
240
240
178
78
16
0
0
0
0
0
0
0
0
0
0
0
0
16
78
178
240
240
178
78
16
0
0
1
5
12
15
16
15
0
0
0
0
16
78
178
240
240
178
78
16
1
5
15
34
59
74
77
70
0
0
0
0
16
78
178
240
240
178
78
17
9
30
65
105
147
170
170
142
0
0
0
0
20
85
182
240
236
172
79
30
41
90
147
189
216
221
199
146
0
0
0
0
35
109
197
240
222
156
89
76
109
166
214
232
221
190
147
89
0
0
0
0
59
147
221
241
205
145
124
152
190
221
232
214
166
109
65
30
0
0
0
0
74
171
236
244
212
173
181
215
232
221
190
147
90
41
15
5
0
0
0
0
78
178
240
251
236
221
230
243
228
177
114
66
30
9
1
0
0
0
0
0
78
178
240
255
252
249
252
248
217
148
71
24
6
1
0
0
0
0
0
0
78
178
240
255
255
255
255
252
229
172
94
31
5
0
0
0
0
0
0
0
78
178
240
255
251
245
245
250
246
214
143
58
12
0
0
0
0
0
0
0
78
178
240
251
232
205
202
226
246
236
175
81
19
1
0
0
0
0
0
0
78
178
240
244
201
139
124
167
219
236
197
113
42
9
1
0
0
0
0
0
78
178
240
241
183
93
57
95
167
221
221
166
90
30
5
0
0
0
0
0
85
182
240
236
171
75
24
41
109
190
232
214
147
65
15
1
0
0
0
0
109
197
240
221
147
59
13
15
66
151
221
236
190
105
34
5
0
0
0
0
147
221
240
197
109
35
5
5
35
109
197
240
221
147
59
12
0
0
0
0
171
236
240
182
85
20
1
1
19
81
175
236
236
175
81
19
0
0
0
0
167
225
225
167
73
15
0
0
12
59
147
221
240
198
113
42
0
0
0
0
124
167
167
124
55
12
0
0
5
34
104
185
225
210
151
79
0
0
0
0
55
73
73
55
24
5
0
0
1
15
61
128
167
170
142
89
0
0
0
0
0
0
0
0
0
0
0
0
0
0
0
0
0
0
0
0
0
0
0
0
0
0
0
0
0
0
0
0
0
0
0
0
0
0
0
0
0
0
