21
32
0
0
0
0
0
0
0
0
0
0
0
0
0
0
0
0
0
0
0
0
0
0
0
0
0
0
0
0
0
0
0
0
0
0
0
0
0
0
0
0
0
0
0
0
0
0
0
12
55
124
160
142
85
30
5
0
0
0
0
0
0
0
0
0
0
0
0
1
19
80
170
221
206
136
55
11
0
0
0
0
0
0
0
0
0
0
0
0
5
35
109
197
239
217
141
56
11
0
0
0
0
0
0
0
0
0
0
0
0
12
59
147
221
240
197
109
35
5
0
0
0
0
0
0
0
0
0
0
0
0
15
74
171
236
240
182
85
20
1
0
0
0
0
0
0
0
0
0
0
0
0
16
78
178
240
240
178
78
16
0
0
0
0
0
0
0
0
0
0
0
0
0
16
78
178
240
240
178
78
16
0
0
0
0
0
0
0
0
0
0
0
0
1
20
85
182
240
236
171
74
15
1
5
12
15
16
16
16
0
0
0
0
0
5
35
109
197
240
221
147
59
13
9
30
58
74
78
77
73
0
0
0
0
0
12
59
147
221
240
197
109
36
14
37
89
143
171
177
170
148
0
0
0
0
0
15
74
171
236
240
182
85
29
38
93
162
214
235
231
203
151
0
0
0
0
0
16
78
178
240
240
179
86
53
93
163
219
246
246
219
163
94
0
0
0
0
1
20
85
182
241
241
186
114
109
163
219
246
246
219
163
93
37
0
0
0
0
5
35
109
197
244
244
208
167
177
214
236
236
214
162
93
37
9
0
0
0
0
12
59
147
221
251
251
236
221
227
227
207
180
144
89
37
9
1
0
0
0
0
15
74
171
236
255
255
252
249
245
220
167
111
67
31
9
1
0
0
0
0
0
16
78
178
240
255
255
255
255
252
230
177
104
42
10
1
0
0
0
0
0
0
16
78
178
240
255
251
245
245
250
246
214
143
58
12
0
0
0
0
0
0
0
20
85
182
240
247
226
201
201
226
246
236
175
81
19
1
0
0
0
0
0
0
35
109
197
240
226
170
120
120
170
226
240
197
109
35
5
0
0
0
0
0
0
59
147
221
240
198
114
50
50
114
198
240
221
147
59
12
0
0
0
0
0
0
74
171
236
240
182
85
21
20
81
175
236
236
175
81
19
1
0
0
0
0
0
78
178
240
240
178
78
16
12
58
143
214
236
197
113
42
9
1
0
0
0
0
78
178
240
240
178
78
16
5
30
90
166
221
221
166
90
30
5
0
0
0
0
73
167
225
225
167
73
15
1
9
42
113
197
236
215
147
65
15
0
0
0
0
55
124
167
167
124
55
12
0
1
20
85
182
240
241
190
105
34
0
0
0
0
24
55
73
73
55
24
5
0
0
15
73
167
225
235
206
136
55
0
0
0
0
5
12
15
15
12
5
1
0
0
12
55
124
167
177
163
117
51
0
0
0
0
0
0
0
0
0
0
0
0
0
0
0
0
0
0
0
0
0
0
0
0
0
0
0
0
0
0
0
0
0
0
0
0
0
0
0
0
0
0
0
0
