22
33
0
0
0
0
0
0
0
0
0
0
0
0
0
0
0
0
0
0
0
0
0
0
0
0
0
0
0
0
0
0
0
0
0
0
0
0
0
0
0
0
0
0
0
0
0
0
0
0
0
4
25
75
137
164
144
91
40
11
2
0
0
0
0
0
0
0
0
0
0
0
0
5
33
101
184
225
213
155
79
25
4
0
0
0
0
0
0
0
0
0
0
0
1
7
39
114
199
244
240
189
102
33
5
0
0
0
0
0
0
0
0
0
0
0
2
14
57
135
211
247
241
191
103
33
5
0
0
0
0
0
0
0
0
0
0
0
4
26
86
169
230
249
230
169
86
26
4
0
0
0
0
0
0
0
0
0
0
0
5
33
103
191
241
247
211
135
57
14
2
0
0
0
0
0
0
0
0
0
0
1
7
39
114
199
244
242
195
111
39
7
1
0
0
0
0
0
0
0
0
0
0
2
14
57
135
211
244
231
174
93
30
5
3
7
9
5
1
0
0
0
0
0
0
4
26
86
169
230
244
213
142
68
22
8
19
39
47
33
20
15
0
0
0
0
1
6
35
104
191
241
244
200
118
48
17
23
60
107
125
105
84
72
0
0
0
0
2
11
47
118
200
244
242
193
112
53
40
66
124
182
205
194
177
154
0
0
0
0
4
21
68
142
213
245
233
184
126
98
106
138
188
227
239
231
211
174
0
0
0
0
5
30
93
174
231
246
225
184
162
171
191
210
230
233
220
198
165
118
0
0
0
0
7
39
111
195
242
250
232
209
209
227
241
242
230
200
159
119
81
47
0
0
0
0
14
57
135
211
248
253
246
239
242
249
248
232
192
138
90
51
25
10
0
0
0
0
26
86
169
230
252
255
254
253
253
248
230
191
129
71
34
15
4
1
0
0
0
0
33
103
191
241
255
255
255
255
253
241
208
148
76
27
8
3
1
0
0
0
0
0
39
114
199
245
255
253
248
247
249
242
207
139
62
15
2
0
0
0
0
0
0
0
57
135
211
247
250
235
216
214
233
244
225
165
85
27
5
1
0
0
0
0
0
0
86
169
230
249
234
193
154
158
205
241
240
196
118
48
12
2
0
0
0
0
0
0
103
191
241
247
212
143
92
109
179
234
245
213
142
64
18
3
0
0
0
0
0
0
114
199
244
242
194
111
55
72
146
216
245
227
164
80
23
3
0
0
0
0
0
0
135
211
244
230
169
86
33
42
109
194
241
238
186
100
33
6
1
0
0
0
0
0
161
226
243
211
135
57
16
23
85
178
237
245
203
122
49
12
2
0
0
0
0
0
150
210
225
187
107
37
7
16
73
166
231
246
215
144
68
20
3
0
0
0
0
0
91
144
164
137
75
25
4
11
56
139
212
243
229
174
97
34
7
1
0
0
0
0
32
59
71
60
33
11
2
6
33
96
170
219
231
204
139
65
18
2
0
0
0
0
5
12
15
13
7
3
1
2
14
50
107
157
190
201
167
97
34
6
0
0
0
0
0
0
0
0
0
0
0
1
4
17
42
72
106
140
139
94
38
8
0
0
0
0
0
0
0
0
0
0
0
0
0
0
0
0
0
0
0
0
0
0
0
0
0
0
0
0
0
0
0
0
0
0
0
0
0
0
0
0
0
0
0
0
0
0
