23
24
0
0
0
0
0
0
0
0
0
0
0
0
0
0
0
0
0
0
0
0
0
0
0
0
0
0
0
0
0
0
0
0
0
0
0
0
0
0
0
0
0
0
0
0
0
0
0
0
0
0
1
5
15
34
59
74
85
102
116
99
66
34
15
5
1
0
0
0
0
0
0
1
5
15
34
66
105
147
171
182
193
202
186
151
104
61
24
5
0
0
0
0
0
0
5
24
61
104
151
190
221
236
241
243
246
240
222
186
131
61
15
1
0
0
0
0
0
15
61
131
186
221
236
240
240
240
240
241
243
246
233
186
104
34
5
0
0
0
0
0
34
104
186
233
242
225
198
182
178
178
182
197
222
236
217
151
70
22
5
0
0
0
0
59
147
221
246
226
170
114
85
78
78
85
109
152
194
217
190
124
65
24
0
0
0
0
74
171
236
243
198
114
46
20
16
16
20
35
71
128
197
221
190
128
55
0
0
0
0
78
178
240
241
182
85
20
1
0
0
1
5
27
88
182
236
229
168
73
0
0
0
0
78
178
240
240
178
78
16
0
0
0
0
0
16
78
178
240
240
178
78
0
0
0
0
78
178
240
240
178
78
16
0
0
0
0
0
16
78
178
240
240
178
78
0
0
0
0
78
178
240
240
178
78
16
0
0
0
0
0
16
78
178
240
240
178
78
0
0
0
0
78
178
240
240
178
78
16
0
0
0
0
1
20
85
182
240
236
171
74
0
0
0
0
74
171
236
240
182
85
20
1
0
0
1
9
42
113
198
240
221
147
59
0
0
0
0
59
147
221
240
198
113
42
9
1
1
9
37
94
167
225
236
190
105
34
0
0
0
0
34
105
190
236
225
167
95
42
20
20
42
94
163
218
239
214
147
65
15
0
0
0
0
15
66
151
221
242
219
167
113
85
85
113
167
218
239
218
162
89
30
5
0
0
0
0
5
34
104
185
229
236
221
197
182
182
198
225
239
218
163
93
37
9
1
0
0
0
0
1
15
61
128
171
196
217
229
236
239
240
236
214
162
93
37
9
1
0
0
0
0
0
0
5
24
55
80
109
151
190
221
232
221
190
147
89
37
9
1
0
0
0
0
0
0
0
1
5
12
19
35
66
105
147
165
147
105
65
30
9
1
0
0
0
0
0
0
0
0
0
0
0
0
0
0
0
0
0
0
0
0
0
0
0
0
0
0
0
0
0
0
0
0
0
0
0
0
0
0
0
0
0
0
0
0
0
0
0
0
0
0
0
