22
24
0
0
0
0
0
0
0
0
0
0
0
0
0
0
0
0
0
0
0
0
0
0
0
0
0
0
0
0
0
0
0
0
0
0
0
0
0
0
0
0
0
0
0
0
0
0
0
1
5
15
34
66
105
147
165
147
105
70
49
40
20
5
0
0
0
0
0
0
5
15
34
66
105
151
190
221
232
221
190
157
129
103
55
15
1
0
0
0
0
0
24
61
104
151
190
221
236
240
240
240
236
225
205
170
100
34
5
0
0
0
0
0
55
128
185
221
236
236
221
197
185
198
225
243
243
218
151
70
22
5
0
0
0
0
80
171
230
246
231
195
152
109
91
113
166
215
240
236
194
124
65
24
0
0
0
0
102
193
242
241
195
125
70
35
24
42
90
148
195
227
227
190
128
55
0
0
0
0
123
206
242
222
152
70
22
5
2
9
30
70
128
200
240
229
168
73
0
0
0
0
133
212
237
197
109
35
5
0
0
1
5
27
88
183
241
240
178
78
0
0
0
0
154
225
237
182
85
20
1
0
0
0
0
16
78
178
240
240
178
78
0
0
0
0
171
236
239
178
78
16
0
0
0
0
0
15
74
171
236
240
182
85
0
0
0
0
171
236
240
182
85
20
1
0
0
0
0
13
63
154
225
240
193
102
0
0
0
0
147
221
240
197
109
35
5
0
0
0
0
10
54
140
215
240
202
116
0
0
0
0
109
197
240
222
151
66
15
1
0
0
1
16
70
157
225
236
186
99
0
0
0
0
81
175
236
240
191
109
42
14
13
15
20
45
110
190
232
214
147
65
0
0
0
0
58
143
214
242
225
167
99
60
63
74
85
114
170
217
214
162
89
30
0
0
0
0
30
90
166
225
242
219
173
143
154
171
182
198
221
217
166
94
37
9
0
0
0
0
9
41
108
186
229
236
225
215
225
236
241
243
236
190
109
41
9
1
0
0
0
0
1
15
61
128
171
196
217
229
236
239
240
236
211
146
65
15
1
0
0
0
0
0
0
5
24
55
80
109
147
171
178
178
178
171
142
85
30
5
0
0
0
0
0
0
0
1
5
12
19
35
59
74
78
78
78
74
58
30
9
1
0
0
0
0
0
0
0
0
0
0
0
0
0
0
0
0
0
0
0
0
0
0
0
0
0
0
0
0
0
0
0
0
0
0
0
0
0
0
0
0
0
0
0
0
0
0
0
0
