23
24
0
0
0
0
0
0
0
0
0
0
0
0
0
0
0
0
0
0
0
0
0
0
0
0
0
0
0
0
0
0
0
0
0
0
0
0
0
0
0
0
0
0
0
0
0
0
0
0
0
1
4
19
47
69
83
109
145
159
143
122
108
76
35
10
2
1
0
0
0
0
0
1
5
19
55
113
158
179
197
220
228
218
204
190
149
88
38
13
4
1
0
0
0
0
8
27
61
112
174
219
238
243
246
244
243
243
238
210
157
99
52
19
4
0
0
0
0
27
76
135
184
223
243
246
239
223
208
214
235
248
242
217
173
111
47
11
0
0
0
0
51
129
198
234
243
232
210
182
152
128
144
192
234
250
246
219
156
73
19
0
0
0
0
69
159
227
248
233
189
136
93
64
49
71
133
200
239
250
235
180
95
31
0
0
0
0
88
179
237
245
207
135
67
29
14
10
28
81
154
209
240
240
202
127
54
0
0
0
0
109
196
242
240
189
104
36
7
1
1
11
44
103
167
221
244
226
166
84
0
0
0
0
121
203
244
238
186
101
33
5
0
1
4
20
64
134
208
245
239
186
98
0
0
0
0
114
198
243
240
191
106
35
6
0
0
1
10
47
123
204
245
239
186
99
0
0
0
0
108
195
243
244
198
114
41
8
1
0
0
7
40
113
196
241
239
189
104
0
0
0
0
106
192
242
247
212
139
64
18
3
1
0
4
29
96
183
236
241
197
112
0
0
0
0
91
173
230
249
233
183
109
42
9
1
1
6
33
101
187
239
241
192
104
0
0
0
0
60
135
208
245
248
219
155
76
25
9
14
29
69
138
210
245
235
175
84
0
0
0
0
36
101
181
232
249
240
197
127
68
48
64
94
138
193
235
247
221
152
65
0
0
0
0
22
71
139
197
234
247
231
188
142
128
152
182
210
233
242
230
190
119
46
0
0
0
0
11
38
82
137
197
238
248
234
213
207
223
239
245
239
214
175
126
68
23
0
0
0
0
4
13
33
76
145
207
238
243
242
242
245
243
234
205
150
94
53
23
7
0
0
0
0
1
2
9
32
85
149
190
203
214
222
216
196
174
138
81
34
12
4
1
0
0
0
0
0
1
2
10
35
76
108
120
137
149
139
107
80
57
28
8
1
0
0
0
0
0
0
0
0
0
0
0
0
0
0
0
0
0
0
0
0
0
0
0
0
0
0
0
0
0
0
0
0
0
0
0
0
0
0
0
0
0
0
0
0
0
0
0
0
0
0
