23
24
0
0
0
0
0
0
0
0
0
0
0
0
0
0
0
0
0
0
0
0
0
0
0
0
0
0
0
0
0
0
0
0
0
0
0
0
0
0
0
0
0
0
0
0
0
0
0
0
0
0
1
5
15
34
66
105
147
171
171
143
90
41
15
5
1
0
0
0
0
0
0
0
0
5
24
61
104
151
190
221
236
236
214
166
109
66
34
15
5
1
0
0
0
0
0
1
15
61
131
186
221
236
240
241
243
242
225
191
151
104
61
24
5
0
0
0
0
0
5
34
104
186
233
242
225
198
185
197
221
236
236
221
186
131
61
15
0
0
0
0
5
22
70
151
217
236
215
166
113
91
109
152
195
231
246
234
186
104
34
0
0
0
0
24
65
124
190
217
194
148
90
42
24
35
70
125
195
241
250
221
147
59
0
0
0
0
55
128
190
221
197
128
70
30
9
2
5
22
70
152
222
250
236
171
74
0
0
0
0
73
168
229
236
182
88
27
5
1
0
0
5
35
109
197
244
240
178
78
0
0
0
0
78
178
240
240
178
78
16
0
0
0
0
1
20
85
182
241
240
178
78
0
0
0
0
78
178
240
240
178
78
16
0
0
0
0
0
16
78
178
240
240
178
78
0
0
0
0
78
178
240
240
178
78
16
0
0
0
0
0
16
78
178
240
240
178
78
0
0
0
0
74
171
236
240
182
85
20
1
0
0
0
0
16
78
178
240
240
178
78
0
0
0
0
59
147
221
240
198
113
42
9
1
0
0
1
20
85
182
240
236
171
74
0
0
0
0
34
105
190
236
225
167
95
42
20
15
13
14
43
113
198
240
221
147
59
0
0
0
0
15
66
151
221
242
219
167
113
85
74
63
60
99
167
225
236
190
105
34
0
0
0
0
5
34
105
190
240
246
226
198
182
171
154
143
173
218
239
214
147
65
15
0
0
0
0
1
15
65
146
212
240
246
243
241
236
225
215
225
232
214
161
89
30
5
0
0
0
0
0
5
30
85
146
190
221
236
240
239
236
229
217
189
147
89
37
9
1
0
0
0
0
0
1
9
30
65
105
147
171
178
178
178
171
147
105
65
30
9
1
0
0
0
0
0
0
0
1
5
15
34
59
74
78
78
78
74
59
34
15
5
1
0
0
0
0
0
0
0
0
0
0
0
0
0
0
0
0
0
0
0
0
0
0
0
0
0
0
0
0
0
0
0
0
0
0
0
0
0
0
0
0
0
0
0
0
0
0
0
0
0
0
