22
24
0
0
0
0
0
0
0
0
0
0
0
0
0
0
0
0
0
0
0
0
0
0
0
0
0
0
0
0
0
0
0
0
0
0
0
0
0
0
0
0
0
0
0
0
0
0
0
0
1
5
15
34
59
74
78
78
78
74
58
30
9
1
0
0
0
0
0
0
0
1
9
30
65
105
147
171
178
178
178
171
143
89
37
9
1
0
0
0
0
0
1
9
37
89
147
189
217
229
236
239
240
236
214
162
93
37
9
1
0
0
0
0
9
37
93
162
214
232
225
215
225
236
241
243
242
218
162
89
30
5
0
0
0
0
30
89
162
218
239
218
173
143
154
171
182
198
225
239
214
147
65
15
0
0
0
0
58
143
214
242
225
167
99
60
63
74
85
114
170
225
236
190
105
34
0
0
0
0
74
171
236
243
198
113
43
14
13
15
20
45
110
191
236
221
151
66
0
0
0
0
85
182
240
237
175
81
19
1
0
0
1
15
66
151
221
236
190
105
0
0
0
0
109
197
240
221
147
59
12
0
0
0
0
6
39
115
200
240
217
141
0
0
0
0
147
221
240
197
109
35
5
0
0
0
0
6
39
115
200
240
217
141
0
0
0
0
165
232
239
182
85
20
1
0
0
0
0
12
59
147
221
240
197
109
0
0
0
0
147
221
236
182
85
20
1
0
0
0
0
15
74
171
236
240
182
85
0
0
0
0
109
197
233
198
113
42
9
1
0
0
1
20
85
182
241
240
178
78
0
0
0
0
85
182
236
226
167
94
37
9
2
5
15
45
114
198
243
236
171
74
0
0
0
0
78
178
239
247
219
163
94
42
24
35
66
110
170
225
242
214
143
58
0
0
0
0
73
168
229
250
246
219
167
113
91
109
151
191
225
239
218
162
89
30
0
0
0
0
55
128
185
222
240
242
225
198
185
197
222
240
242
218
163
93
37
9
0
0
0
0
24
61
104
151
190
221
236
240
240
240
240
236
214
162
93
37
9
1
0
0
0
0
5
15
34
66
105
151
190
221
232
221
197
175
143
89
37
9
1
0
0
0
0
0
0
1
5
15
34
66
105
147
165
147
109
81
58
30
9
1
0
0
0
0
0
0
0
0
0
0
0
0
0
0
0
0
0
0
0
0
0
0
0
0
0
0
0
0
0
0
0
0
0
0
0
0
0
0
0
0
0
0
0
0
0
0
0
0
