24
25
0
0
0
0
0
0
0
0
0
0
0
0
0
0
0
0
0
0
0
0
0
0
0
0
0
0
0
0
0
0
0
0
0
0
0
0
0
0
0
0
0
0
0
0
0
0
0
0
0
0
0
1
1
4
7
12
28
53
68
72
74
73
59
35
18
10
4
1
0
0
0
0
0
0
0
1
6
20
37
52
87
132
160
167
172
170
147
108
76
49
20
4
1
0
0
0
0
0
1
3
19
57
100
128
165
205
228
233
236
235
221
195
165
117
55
14
2
1
0
0
0
0
1
8
39
104
169
204
226
243
249
245
242
244
246
242
226
177
100
38
9
2
0
0
0
0
4
21
71
149
215
242
249
247
233
210
193
199
224
243
245
218
156
87
35
10
0
0
0
0
12
48
115
190
237
249
241
218
181
133
103
114
158
204
234
238
210
153
84
30
0
0
0
0
26
84
164
224
247
238
203
155
104
58
33
40
79
137
197
236
240
205
133
55
0
0
0
0
35
107
192
241
248
217
152
85
40
15
5
7
29
82
161
224
247
226
157
68
0
0
0
0
43
120
203
245
243
196
115
44
11
2
1
1
14
61
145
218
247
228
160
68
0
0
0
0
58
138
213
245
231
171
87
27
4
0
0
1
12
55
138
214
246
230
164
72
0
0
0
0
80
164
228
245
215
142
61
15
2
0
0
2
15
58
136
211
246
233
170
79
0
0
0
0
83
170
231
246
213
137
55
12
1
0
0
5
26
78
152
217
245
227
160
73
0
0
0
0
68
153
222
246
224
158
73
19
2
0
1
8
41
111
185
234
244
209
131
53
0
0
0
0
53
134
211
246
238
187
102
33
6
3
6
19
64
142
213
246
242
195
108
36
0
0
0
0
44
117
196
241
246
212
138
62
26
25
38
62
110
178
230
249
233
177
92
28
0
0
0
0
27
81
157
220
246
233
183
121
90
92
113
141
180
221
244
240
205
141
67
19
0
0
0
0
10
40
104
183
234
246
228
199
184
186
200
215
233
247
246
218
156
85
33
8
0
0
0
0
2
15
59
134
200
234
245
243
241
242
245
247
246
241
225
179
105
41
10
2
0
0
0
0
1
5
26
75
134
183
219
236
240
242
242
233
213
189
163
117
57
16
2
0
0
0
0
0
0
1
8
26
58
101
146
171
180
187
191
172
136
100
74
48
21
5
1
0
0
0
0
0
0
1
1
5
14
33
59
74
82
93
101
84
55
30
18
10
4
1
0
0
0
0
0
0
0
0
0
0
0
0
0
0
0
0
0
0
0
0
0
0
0
0
0
0
0
0
0
0
0
0
0
0
0
0
0
0
0
0
0
0
0
0
0
0
0
0
0
0
0
0
