37
28
0
0
0
0
0
0
0
0
0
0
0
0
0
0
0
0
0
0
0
0
0
0
0
0
0
0
0
0
0
0
0
0
0
0
0
0
0
0
0
0
0
0
0
0
0
0
0
0
0
0
0
0
0
0
0
0
0
0
0
0
0
0
0
0
0
0
0
0
0
0
0
0
0
0
0
0
12
32
55
66
60
40
20
14
24
43
60
69
69
62
46
26
11
4
2
4
12
28
48
63
70
69
61
44
25
11
4
1
1
0
0
0
0
26
72
122
145
133
91
52
49
77
113
141
154
155
144
118
80
41
16
8
18
45
83
121
146
156
155
143
115
77
41
15
4
1
0
0
0
0
37
101
173
206
190
139
101
112
151
187
207
216
218
213
194
154
98
49
33
58
107
157
193
211
217
218
212
191
151
97
45
14
3
0
0
0
0
40
111
191
229
218
180
159
175
199
207
206
208
215
228
232
212
163
107
88
120
169
201
208
207
208
216
228
230
209
159
90
34
8
0
0
0
0
40
112
193
235
235
216
203
198
184
158
138
135
153
189
225
236
213
175
159
176
191
180
155
137
136
155
191
225
233
203
135
60
17
0
0
0
0
40
113
194
238
244
230
201
163
118
79
57
55
76
128
193
234
240
224
206
187
155
112
75
56
56
79
131
194
231
224
167
85
27
0
0
0
0
41
113
194
238
240
210
156
97
52
25
15
14
30
79
157
221
246
238
204
149
91
47
23
14
15
32
84
161
221
231
187
105
36
0
0
0
0
41
113
194
235
227
175
101
44
16
6
3
4
14
55
133
209
242
227
171
96
41
14
5
3
4
16
60
140
212
233
197
117
43
0
0
0
0
41
113
194
233
216
149
69
20
5
2
2
2
10
46
122
202
237
214
143
63
18
4
2
2
2
12
51
130
206
233
200
121
45
0
0
0
0
41
113
194
232
212
140
59
15
3
1
1
2
10
43
118
200
235
208
131
51
12
3
1
1
2
11
49
126
204
233
201
122
46
0
0
0
0
41
113
194
232
211
139
57
14
2
1
1
2
10
43
118
199
235
207
129
50
11
2
1
1
2
10
48
126
203
233
201
122
46
0
0
0
0
41
113
194
232
212
139
57
14
2
1
1
2
10
43
118
199
235
207
129
50
11
2
1
1
2
10
48
126
203
233
201
122
46
0
0
0
0
41
113
194
232
211
139
57
14
2
1
1
2
10
43
118
199
235
207
129
50
11
2
1
1
2
10
48
126
203
233
201
122
46
0
0
0
0
41
113
194
232
211
139
57
14
2
1
1
2
10
43
118
199
235
207
129
50
11
2
1
1
2
10
48
126
203
233
201
122
46
0
0
0
0
41
113
194
232
211
139
57
14
2
1
1
2
10
43
118
199
235
207
129
50
11
2
1
1
2
10
48
126
203
233
201
122
46
0
0
0
0
41
113
194
232
211
139
57
14
2
1
1
2
10
43
118
199
235
207
129
50
11
2
1
1
2
10
48
126
203
233
201
122
46
0
0
0
0
41
113
194
232
211
139
57
14
2
1
1
2
10
43
118
199
235
207
129
50
11
2
1
1
2
10
48
126
203
233
201
122
46
0
0
0
0
41
113
194
232
212
139
57
14
2
1
1
2
10
43
118
199
235
207
129
50
11
2
1
1
2
10
48
126
203
233
201
122
46
0
0
0
0
40
113
194
232
211
139
57
14
2
1
1
2
9
43
118
199
234
207
129
50
11
2
1
1
2
10
48
126
203
232
201
122
46
0
0
0
0
40
112
193
231
211
138
57
14
2
1
1
2
9
43
117
199
234
206
129
50
11
2
1
1
2
10
48
125
203
232
200
121
45
0
0
0
0
40
111
190
228
207
136
56
14
2
1
1
2
9
43
116
196
230
203
127
49
11
2
1
1
2
10
48
124
200
228
198
120
45
0
0
0
0
37
101
173
206
188
123
51
12
2
1
1
2
9
39
106
177
208
184
116
45
10
2
1
1
2
10
44
112
181
206
179
109
41
0
0
0
0
26
72
122
145
132
87
37
9
2
1
1
2
7
28
75
125
147
130
82
32
7
2
1
1
1
7
31
80
128
146
126
77
30
0
0
0
0
12
32
55
66
60
40
17
4
1
1
1
1
3
13
34
57
66
59
37
15
4
1
1
1
1
3
14
36
58
66
57
35
13
0
0
0
0
0
0
0
0
0
0
0
0
0
0
0
0
0
0
0
0
0
0
0
0
0
0
0
0
0
0
0
0
0
0
0
0
0
0
0
0
0
0
0
0
0
0
0
0
0
0
0
0
0
0
0
0
0
0
0
0
0
0
0
0
0
0
0
0
0
0
0
0
0
0
0
0
