43
33
0
0
0
0
0
0
0
0
0
0
0
0
0
0
0
0
0
0
0
0
0
0
0
0
0
0
0
0
0
0
0
0
0
0
0
0
0
0
0
0
0
0
0
0
0
0
0
0
0
0
0
0
0
0
0
0
0
0
0
0
0
0
0
0
0
0
0
0
0
0
0
0
0
0
0
0
0
0
0
0
0
0
0
0
0
0
0
0
6
14
23
27
28
23
15
7
4
6
12
19
25
29
29
27
22
14
7
3
2
1
1
2
4
9
17
24
28
29
29
25
18
10
5
2
1
1
1
0
0
0
0
18
42
67
82
82
68
44
21
15
24
42
63
79
86
87
83
69
48
28
13
5
2
3
7
16
34
55
74
85
87
86
78
61
39
21
9
3
1
1
0
0
0
0
34
79
128
155
155
129
84
48
44
68
102
134
155
165
166
160
143
112
75
40
16
7
9
23
50
86
123
150
163
167
165
155
131
97
61
31
12
4
1
0
0
0
0
45
106
171
208
208
174
122
88
97
134
172
199
214
220
222
220
208
183
142
91
45
23
30
62
108
154
190
210
219
222
222
216
199
167
123
74
33
11
3
0
0
0
0
49
116
187
228
230
199
157
139
159
191
212
220
221
223
227
234
237
228
200
150
93
62
75
120
170
204
218
222
222
225
230
236
234
219
183
129
69
26
7
0
0
0
0
49
117
190
233
239
220
196
189
201
208
199
183
172
172
182
205
229
241
233
200
152
123
136
174
202
206
192
177
171
175
191
215
234
239
221
176
110
49
15
0
0
0
0
49
117
191
235
245
238
225
214
200
175
141
112
96
95
110
147
194
231
243
232
205
186
189
197
188
159
125
102
93
99
123
165
209
236
237
207
144
73
25
0
0
0
0
50
118
191
236
248
244
228
198
156
112
73
46
35
34
49
88
149
208
241
246
237
223
205
175
134
91
57
39
33
38
61
110
173
222
240
223
169
94
36
0
0
0
0
50
118
191
235
247
235
202
150
95
53
27
13
9
9
18
49
112
183
232
249
245
222
179
124
73
38
18
10
9
11
27
71
142
206
238
231
186
111
46
0
0
0
0
50
118
191
235
242
217
163
98
47
19
8
4
3
4
9
32
89
165
224
247
238
200
136
73
31
12
5
3
3
5
15
52
122
194
235
235
195
122
52
0
0
0
0
50
118
191
234
237
202
135
65
22
7
3
2
2
3
7
26
78
155
219
244
229
177
103
42
13
5
2
2
2
3
11
44
112
186
232
236
198
126
55
0
0
0
0
50
118
191
234
235
194
122
52
15
4
2
1
1
2
6
24
75
150
216
242
224
165
88
31
8
3
1
1
1
2
10
41
107
182
230
236
199
127
55
0
0
0
0
50
118
191
234
234
193
120
50
13
3
2
1
1
2
6
24
74
149
215
241
222
162
84
28
7
2
1
1
1
2
10
40
106
181
230
236
199
127
55
0
0
0
0
50
118
191
234
234
193
120
50
13
3
2
1
1
2
6
24
73
149
215
241
222
162
84
28
7
2
1
1
1
2
10
40
106
181
230
236
199
127
55
0
0
0
0
50
118
191
234
234
193
120
50
13
3
2
1
1
2
6
24
74
149
215
242
223
162
84
28
7
2
1
1
1
2
10
41
106
181
230
236
199
127
55
0
0
0
0
50
118
191
234
234
193
120
49
13
3
2
1
1
2
6
24
74
149
215
242
222
162
84
28
7
2
1
1
1
2
10
41
106
181
230
236
199
127
55
0
0
0
0
50
118
191
234
234
193
120
49
13
3
2
1
1
2
6
24
74
149
215
242
222
162
84
28
7
2
1
1
1
2
10
41
106
181
230
236
199
127
55
0
0
0
0
50
118
191
234
234
193
120
49
13
3
2
1
1
2
6
24
74
149
215
242
222
162
84
28
7
2
1
1
1
2
10
41
106
181
230
236
199
127
55
0
0
0
0
50
118
191
234
234
193
120
49
13
3
2
1
1
2
6
24
74
149
215
242
222
162
84
28
7
2
1
1
1
2
10
41
106
181
230
236
199
127
55
0
0
0
0
50
118
191
234
234
193
120
49
13
3
2
1
1
2
6
24
74
149
215
242
222
162
84
28
7
2
1
1
1
2
10
41
106
181
230
236
199
127
55
0
0
0
0
50
118
191
234
234
193
120
49
13
3
2
1
1
2
6
24
74
149
215
242
222
162
84
28
7
2
1
1
1
2
10
41
106
181
230
236
199
127
55
0
0
0
0
50
118
191
234
234
193
120
49
13
3
2
1
1
2
6
24
74
149
215
242
222
162
84
28
7
2
1
1
1
2
10
41
106
181
230
236
199
127
55
0
0
0
0
50
118
191
234
234
193
120
49
13
3
2
1
1
2
6
24
73
149
215
241
222
161
84
28
7
2
1
1
1
2
10
40
106
181
230
236
199
127
55
0
0
0
0
50
117
191
233
234
192
119
49
13
3
2
1
1
2
6
23
73
149
215
241
222
161
84
28
7
2
1
1
1
2
10
40
106
181
229
236
199
127
55
0
0
0
0
49
117
190
232
233
192
119
49
13
3
2
1
1
2
6
23
73
148
214
240
221
161
84
28
7
2
1
1
1
2
10
40
105
180
228
235
198
127
55
0
0
0
0
49
116
187
228
229
189
117
49
13
3
2
1
1
2
6
23
73
147
211
235
217
159
83
28
7
2
1
1
1
2
10
40
104
178
225
231
195
125
55
0
0
0
0
45
106
171
208
209
172
107
45
12
3
2
1
1
2
5
22
67
135
193
215
198
146
77
26
6
2
1
1
1
2
9
37
96
162
205
210
178
115
51
0
0
0
0
34
79
128
155
156
129
80
34
9
2
1
1
1
1
4
17
51
101
144
160
148
109
58
20
5
2
1
1
1
2
7
28
72
121
153
157
133
86
38
0
0
0
0
18
42
67
82
82
68
42
18
5
1
1
1
1
1
2
9
27
53
76
84
78
57
30
10
3
1
1
1
1
1
4
15
38
64
81
83
70
45
20
0
0
0
0
0
0
0
0
0
0
0
0
0
0
0
0
0
0
0
0
0
0
0
0
0
0
0
0
0
0
0
0
0
0
0
0
0
0
0
0
0
0
0
0
0
0
0
0
0
0
0
0
0
0
0
0
0
0
0
0
0
0
0
0
0
0
0
0
0
0
0
0
0
0
0
0
0
0
0
0
0
0
0
0
0
0
0
0
