43
28
0
0
0
0
0
0
0
0
0
0
0
0
0
0
0
0
0
0
0
0
0
0
0
0
0
0
0
0
0
0
0
0
0
0
0
0
0
0
0
0
0
0
0
0
0
0
0
0
0
0
0
0
0
0
0
0
0
0
0
0
0
0
0
0
0
0
0
0
0
0
0
0
0
0
0
0
0
0
0
0
0
0
0
0
0
0
0
0
15
35
56
68
68
56
36
18
13
21
36
53
66
71
72
68
58
41
24
12
5
2
3
6
15
29
46
62
70
72
71
65
51
34
19
9
3
1
1
0
0
0
0
32
74
119
145
145
121
80
47
45
67
98
126
146
154
155
150
134
107
74
41
18
8
11
25
51
84
116
140
152
155
154
145
124
93
61
32
13
4
1
0
0
0
0
45
104
169
205
205
174
125
95
105
138
171
194
207
212
214
214
205
183
146
98
53
31
39
71
115
156
186
204
211
214
215
211
197
169
129
81
39
14
4
0
0
0
0
49
115
187
228
232
205
169
153
169
192
203
204
202
203
210
221
231
229
207
164
112
83
95
135
176
199
205
204
203
206
214
226
230
221
192
142
82
34
10
0
0
0
0
49
117
191
234
242
228
209
198
197
189
168
147
134
133
146
175
210
234
237
215
178
154
161
182
191
180
157
139
132
137
156
188
220
236
228
190
126
61
20
0
0
0
0
50
118
191
235
247
241
224
199
167
131
95
69
56
56
70
107
163
214
241
241
225
208
195
178
149
112
80
61
54
60
82
127
184
226
239
217
161
87
32
0
0
0
0
50
118
191
235
246
235
202
153
103
63
36
21
15
15
25
57
118
187
233
248
242
218
179
129
82
48
27
17
14
18
34
78
146
208
238
230
183
108
44
0
0
0
0
50
118
191
235
241
216
162
97
48
21
9
5
3
4
10
33
90
165
224
247
237
197
135
73
34
15
7
4
4
5
16
53
122
194
234
235
194
121
52
0
0
0
0
50
118
191
234
237
200
133
63
21
7
3
2
2
3
7
26
78
154
218
243
228
174
100
41
13
5
2
2
2
3
11
44
111
185
231
236
198
126
55
0
0
0
0
50
118
191
234
235
194
122
51
14
4
2
1
1
2
6
24
74
150
216
242
223
164
87
30
8
3
1
1
1
2
10
41
107
182
230
236
199
127
55
0
0
0
0
50
118
191
234
234
193
120
50
13
3
2
1
1
2
6
24
74
149
215
242
223
162
84
28
7
2
1
1
1
2
10
40
106
181
230
236
199
127
55
0
0
0
0
50
118
191
234
234
193
120
50
13
3
2
1
1
2
6
24
74
149
215
242
222
162
84
28
7
2
1
1
1
2
10
40
106
181
230
236
199
127
55
0
0
0
0
50
118
191
234
234
193
120
49
13
3
2
1
1
2
6
24
74
149
215
242
222
162
84
28
7
2
1
1
1
2
10
41
106
181
230
236
199
127
55
0
0
0
0
50
118
191
234
234
193
120
49
13
3
2
1
1
2
6
24
74
149
215
242
222
162
84
28
7
2
1
1
1
2
10
41
106
181
230
236
199
127
55
0
0
0
0
50
118
191
234
234
193
120
49
13
3
2
1
1
2
6
24
74
149
215
242
222
162
84
28
7
2
1
1
1
2
10
41
106
181
230
236
199
127
55
0
0
0
0
50
118
191
234
234
193
120
49
13
3
2
1
1
2
6
24
74
149
215
242
222
162
84
28
7
2
1
1
1
2
10
41
106
181
230
236
199
127
55
0
0
0
0
50
118
191
234
234
193
120
49
13
3
2
1
1
2
6
24
74
149
215
242
222
162
84
28
7
2
1
1
1
2
10
41
106
181
230
236
199
127
55
0
0
0
0
50
118
191
234
234
193
120
49
13
3
2
1
1
2
6
24
74
149
215
242
222
162
84
28
7
2
1
1
1
2
10
41
106
181
230
236
199
127
55
0
0
0
0
50
118
191
233
234
193
119
49
13
3
2
1
1
2
6
24
73
149
215
241
222
161
84
28
7
2
1
1
1
2
10
40
106
181
230
236
199
127
55
0
0
0
0
49
117
190
233
233
192
119
49
13
3
2
1
1
2
6
23
73
149
214
240
221
161
84
28
7
2
1
1
1
2
10
40
106
181
229
235
199
127
55
0
0
0
0
49
115
187
228
229
188
117
49
13
3
2
1
1
2
6
23
72
146
210
235
217
158
83
28
7
2
1
1
1
2
10
40
104
177
225
231
195
125
55
0
0
0
0
45
104
169
205
205
169
106
44
12
3
2
1
1
2
5
21
66
133
189
211
195
143
75
26
6
2
1
1
1
2
9
36
94
160
201
207
175
113
50
0
0
0
0
32
74
119
145
145
120
75
32
9
2
1
1
1
1
4
15
47
94
134
149
138
101
54
18
4
1
1
1
1
2
7
26
67
113
143
147
124
80
36
0
0
0
0
15
35
56
68
68
56
35
15
4
1
1
1
1
1
2
7
22
44
63
70
65
47
25
9
2
1
1
1
1
1
3
12
31
53
67
69
58
38
17
0
0
0
0
0
0
0
0
0
0
0
0
0
0
0
0
0
0
0
0
0
0
0
0
0
0
0
0
0
0
0
0
0
0
0
0
0
0
0
0
0
0
0
0
0
0
0
0
0
0
0
0
0
0
0
0
0
0
0
0
0
0
0
0
0
0
0
0
0
0
0
0
0
0
0
0
0
0
0
0
0
0
0
0
0
0
0
0
