43
37
0
0
0
0
0
0
0
0
0
0
0
0
0
0
0
0
0
0
0
0
0
0
0
0
0
0
0
0
0
0
0
0
0
0
0
0
0
0
0
0
0
0
0
0
0
0
0
0
0
0
0
0
0
0
0
0
0
0
0
0
0
0
0
0
0
0
0
0
0
0
0
0
0
0
0
0
0
0
0
0
0
0
0
0
0
0
0
0
9
22
36
43
44
36
23
11
6
9
18
30
40
45
46
43
34
22
11
5
2
1
1
3
6
14
26
37
44
46
45
40
29
16
8
3
2
1
1
0
0
0
0
23
54
87
105
106
88
56
27
19
31
55
81
102
111
112
106
89
63
37
17
6
2
3
8
21
44
72
96
109
112
111
101
79
51
27
12
4
2
1
0
0
0
0
38
89
143
173
173
144
94
54
50
78
116
151
174
184
185
179
160
128
86
46
18
7
10
26
57
98
138
168
182
186
184
173
148
110
70
35
13
4
2
0
0
0
0
47
110
177
215
215
180
125
90
101
141
181
209
224
229
231
228
217
192
149
95
46
22
30
64
113
162
199
220
228
231
230
225
208
176
129
77
34
11
3
0
0
0
0
49
116
189
230
231
199
155
136
159
195
219
227
229
231
234
240
241
231
202
150
90
57
70
117
171
208
225
229
230
232
237
241
238
221
184
127
67
25
7
0
0
0
0
49
117
190
232
237
216
190
184
202
216
212
198
188
187
197
216
235
244
233
196
143
111
126
170
206
216
205
192
186
190
204
224
239
240
220
172
104
45
13
0
0
0
0
50
117
191
234
244
235
222
216
211
194
164
133
117
115
131
166
208
237
244
227
194
172
181
201
202
180
147
123
114
120
144
182
220
240
236
202
137
66
22
0
0
0
0
50
118
192
236
248
245
234
214
181
139
97
65
50
49
66
107
167
219
244
244
230
217
209
194
161
117
79
55
48
53
79
129
187
228
240
219
161
86
31
0
0
0
0
50
118
191
236
249
243
221
179
127
78
43
23
15
15
26
63
128
196
237
250
246
231
201
154
102
58
30
17
14
17
37
85
155
214
240
228
179
103
41
0
0
0
0
50
118
191
235
245
230
189
129
72
34
15
7
4
5
12
39
100
175
229
249
245
217
165
103
52
23
9
5
4
6
19
60
131
200
237
234
190
117
49
0
0
0
0
50
118
191
234
241
213
154
85
36
13
5
3
2
3
8
29
85
161
222
246
236
193
125
61
23
8
4
2
3
4
13
49
118
191
234
236
197
124
54
0
0
0
0
50
118
191
234
236
199
130
60
19
6
3
2
1
2
6
25
77
153
218
243
228
173
98
38
11
4
2
1
2
3
11
43
110
185
231
236
199
127
55
0
0
0
0
50
118
191
234
235
194
121
51
14
4
2
1
1
2
6
24
74
150
216
242
223
163
86
30
8
3
1
1
1
2
10
41
107
182
230
236
199
127
55
0
0
0
0
50
118
191
234
234
193
120
50
13
3
2
1
1
2
6
24
74
149
215
241
222
161
84
28
7
2
1
1
1
2
10
40
106
181
230
236
199
127
55
0
0
0
0
50
118
191
234
234
193
120
50
13
3
2
1
1
2
6
24
73
149
215
241
222
162
84
28
7
2
1
1
1
2
10
40
106
181
230
236
199
127
55
0
0
0
0
50
118
191
234
234
193
120
50
13
3
2
1
1
2
6
24
74
149
215
242
222
162
84
28
7
2
1
1
1
2
10
40
106
181
230
236
199
127
55
0
0
0
0
50
118
191
234
234
193
120
49
13
3
2
1
1
2
6
24
74
149
215
242
222
162
84
28
7
2
1
1
1
2
10
41
106
181
230
236
199
127
55
0
0
0
0
50
118
191
234
234
193
120
49
13
3
2
1
1
2
6
24
74
149
215
242
222
162
84
28
7
2
1
1
1
2
10
41
106
181
230
236
199
127
55
0
0
0
0
50
118
191
234
234
193
120
49
13
3
2
1
1
2
6
24
74
149
215
242
222
162
84
28
7
2
1
1
1
2
10
41
106
181
230
236
199
127
55
0
0
0
0
50
118
191
234
234
193
120
49
13
3
2
1
1
2
6
24
74
149
215
242
222
162
84
28
7
2
1
1
1
2
10
41
106
181
230
236
199
127
55
0
0
0
0
50
118
191
234
234
193
120
49
13
3
2
1
1
2
6
24
74
149
215
242
222
162
84
28
7
2
1
1
1
2
10
41
106
181
230
236
199
127
55
0
0
0
0
50
118
191
234
234
193
120
49
13
3
2
1
1
2
6
24
74
149
215
242
222
162
84
28
7
2
1
1
1
2
10
41
106
181
230
236
199
127
55
0
0
0
0
50
118
191
234
234
193
120
49
13
3
2
1
1
2
6
24
74
149
215
242
222
162
84
28
7
2
1
1
1
2
10
41
106
181
230
236
199
127
55
0
0
0
0
50
118
191
234
234
193
120
49
13
3
2
1
1
2
6
24
74
149
215
242
222
162
84
28
7
2
1
1
1
2
10
41
106
181
230
236
199
127
55
0
0
0
0
50
118
191
234
234
193
120
49
13
3
2
1
1
2
6
24
74
149
215
242
222
162
84
28
7
2
1
1
1
2
10
41
106
181
230
236
199
127
55
0
0
0
0
50
118
191
234
234
193
120
49
13
3
2
1
1
2
6
24
73
149
215
241
222
161
84
28
7
2
1
1
1
2
10
40
106
181
230
236
199
127
55
0
0
0
0
50
117
191
233
234
192
119
49
13
3
2
1
1
2
6
23
73
149
215
241
222
161
84
28
7
2
1
1
1
2
10
40
105
181
229
236
199
127
55
0
0
0
0
49
117
190
232
233
191
119
49
13
3
2
1
1
2
6
23
73
148
214
239
221
160
83
28
7
2
1
1
1
2
10
40
105
180
228
235
198
126
55
0
0
0
0
49
116
188
230
230
190
118
49
13
3
2
1
1
2
6
24
73
148
212
237
219
160
84
28
7
2
1
1
1
2
10
40
105
179
226
232
197
126
55
0
0
0
0
47
110
177
216
216
178
111
47
13
3
2
1
1
2
6
23
70
140
199
222
205
151
79
27
6
2
1
1
1
2
9
38
99
168
212
218
185
119
53
0
0
0
0
38
89
143
173
173
143
90
38
10
3
1
1
1
2
5
18
56
112
160
178
165
121
64
22
5
2
1
1
1
2
8
31
80
135
170
175
148
96
42
0
0
0
0
23
54
87
105
106
87
55
23
6
2
1
1
1
1
3
11
34
68
97
109
100
73
39
13
3
1
1
1
1
1
5
19
48
82
104
106
90
58
26
0
0
0
0
9
22
36
43
44
36
23
10
3
1
1
1
1
1
2
5
14
28
40
45
41
30
16
6
2
1
1
1
1
1
2
8
20
34
43
44
37
24
11
0
0
0
0
0
0
0
0
0
0
0
0
0
0
0
0
0
0
0
0
0
0
0
0
0
0
0
0
0
0
0
0
0
0
0
0
0
0
0
0
0
0
0
0
0
0
0
0
0
0
0
0
0
0
0
0
0
0
0
0
0
0
0
0
0
0
0
0
0
0
0
0
0
0
0
0
0
0
0
0
0
0
0
0
0
0
0
0
