37
32
0
0
0
0
0
0
0
0
0
0
0
0
0
0
0
0
0
0
0
0
0
0
0
0
0
0
0
0
0
0
0
0
0
0
0
0
0
0
0
0
0
0
0
0
0
0
0
0
0
0
0
0
0
0
0
0
0
0
0
0
0
0
0
0
0
0
0
0
0
0
0
0
0
0
0
0
15
40
67
80
74
50
25
18
31
53
74
85
85
77
57
33
14
5
3
5
16
35
59
78
86
85
76
55
31
14
5
2
1
0
0
0
0
30
77
128
152
139
96
56
52
80
119
149
163
164
152
124
83
43
16
9
19
47
87
127
154
165
164
151
121
81
42
16
5
1
0
0
0
0
39
103
172
205
188
137
98
107
147
186
210
219
221
214
192
149
92
44
28
52
100
153
193
213
220
221
213
189
146
91
41
13
3
0
0
0
0
42
112
188
225
212
171
147
166
198
216
221
224
229
235
230
203
149
91
71
104
159
200
218
222
224
229
234
228
200
146
79
29
7
0
0
0
0
43
113
191
231
227
204
193
201
204
191
176
174
188
214
234
232
197
149
132
160
194
202
188
175
175
189
215
233
228
188
119
51
14
0
0
0
0
43
113
192
235
240
228
214
195
163
126
101
98
120
165
214
238
229
203
189
193
186
157
121
100
99
122
167
214
234
213
151
73
23
0
0
0
0
43
113
192
236
245
230
197
149
99
59
39
37
59
113
182
230
243
234
215
186
141
92
55
37
38
61
116
183
227
225
172
93
32
0
0
0
0
43
113
192
236
239
208
152
90
45
20
10
11
27
76
153
218
245
238
203
145
84
41
18
10
11
29
80
157
217
229
187
108
40
0
0
0
0
43
113
192
233
226
176
104
46
16
6
3
4
16
57
134
207
240
227
172
99
42
15
5
3
5
18
62
140
209
230
195
117
45
0
0
0
0
43
113
191
231
215
151
73
24
6
2
2
3
12
49
123
201
235
213
145
68
21
6
2
2
3
14
54
131
204
230
198
121
47
0
0
0
0
43
113
191
229
210
140
62
17
4
1
1
2
11
46
119
198
232
206
132
55
15
3
2
1
2
12
51
127
202
230
198
122
48
0
0
0
0
43
113
191
229
209
138
60
16
3
1
1
2
11
46
118
197
231
205
129
52
13
3
1
1
2
12
50
126
201
229
198
122
48
0
0
0
0
43
113
191
229
208
138
60
16
3
1
1
3
11
46
118
197
232
205
129
52
13
3
1
1
2
12
50
126
201
229
198
122
48
0
0
0
0
43
113
191
229
208
138
60
16
3
1
1
3
11
46
118
197
232
205
130
52
13
3
1
1
2
12
50
126
201
229
198
122
48
0
0
0
0
43
113
191
229
208
138
60
16
3
1
1
3
11
46
118
197
232
205
130
52
13
3
1
1
2
12
50
126
201
229
198
122
48
0
0
0
0
43
113
191
229
208
138
60
16
3
1
1
3
11
46
118
197
232
205
130
52
13
3
1
1
2
12
50
126
201
229
198
122
48
0
0
0
0
43
113
191
229
208
138
60
16
3
1
1
3
11
46
118
197
232
205
129
52
13
3
1
1
2
12
50
126
201
229
198
122
48
0
0
0
0
43
113
191
229
208
138
60
16
3
1
1
3
11
46
118
197
232
205
129
52
13
3
1
1
2
12
50
126
201
229
198
122
48
0
0
0
0
43
113
191
229
208
138
60
16
3
1
1
3
11
46
118
197
232
205
129
52
13
3
1
1
2
12
50
126
201
229
198
122
48
0
0
0
0
43
113
191
229
208
138
60
16
3
1
1
3
11
46
118
197
232
205
129
52
13
3
1
1
2
12
50
126
201
229
198
122
48
0
0
0
0
43
113
191
229
208
138
60
16
3
1
1
3
11
46
118
197
232
205
130
52
13
3
1
1
2
12
50
126
201
229
198
122
48
0
0
0
0
43
113
191
229
208
138
59
16
3
1
1
3
11
46
118
197
232
205
129
52
13
3
1
1
2
12
50
126
201
229
198
122
48
0
0
0
0
43
113
191
228
208
138
59
16
3
1
1
2
11
45
118
196
231
204
129
52
13
3
1
1
2
12
50
125
200
229
198
122
48
0
0
0
0
43
113
190
227
207
137
59
16
3
1
1
2
11
45
118
196
230
203
129
52
13
3
1
1
2
12
50
125
200
228
197
121
48
0
0
0
0
42
111
188
224
204
135
58
15
3
1
1
2
11
45
117
193
226
200
127
52
13
3
1
1
2
12
49
123
197
224
194
120
47
0
0
0
0
39
102
172
204
186
124
54
14
3
1
1
2
10
42
107
176
206
183
117
48
12
2
1
1
2
11
46
113
179
205
178
110
44
0
0
0
0
29
77
128
152
139
93
40
11
2
1
1
2
8
31
80
131
154
136
87
36
9
2
1
1
2
8
34
85
134
153
133
82
33
0
0
0
0
15
40
67
80
74
49
21
6
1
1
1
1
4
17
42
69
81
72
46
19
5
1
1
1
1
5
18
45
71
80
70
43
17
0
0
0
0
0
0
0
0
0
0
0
0
0
0
0
0
0
0
0
0
0
0
0
0
0
0
0
0
0
0
0
0
0
0
0
0
0
0
0
0
0
0
0
0
0
0
0
0
0
0
0
0
0
0
0
0
0
0
0
0
0
0
0
0
0
0
0
0
0
0
0
0
0
0
0
0
