33
28
0
0
0
0
0
0
0
0
0
0
0
0
0
0
0
0
0
0
0
0
0
0
0
0
0
0
0
0
0
0
0
0
0
0
0
0
0
0
0
0
0
0
0
0
0
0
0
0
0
0
0
0
0
0
0
0
0
0
0
0
0
0
0
0
0
0
0
0
8
25
50
63
55
33
18
23
41
59
68
66
52
31
13
4
3
9
24
46
63
69
65
50
30
12
4
1
1
0
0
0
0
18
56
109
137
121
78
54
71
109
140
153
149
127
87
44
17
14
34
73
116
145
155
149
125
85
43
15
4
1
0
0
0
0
25
80
155
195
176
127
110
140
181
206
216
215
199
159
100
50
45
85
142
186
209
217
215
197
156
98
43
12
2
0
0
0
0
27
88
171
218
208
174
169
190
204
207
210
221
229
211
161
109
103
145
189
206
207
211
222
228
209
155
82
28
6
0
0
0
0
27
89
174
226
229
211
199
185
161
141
143
171
210
229
209
175
167
181
180
158
140
144
172
211
227
195
121
48
11
0
0
0
0
27
89
174
230
239
218
179
130
85
61
65
103
168
221
234
220
198
168
124
81
59
65
105
170
219
214
149
67
18
0
0
0
0
27
89
175
229
231
189
125
67
31
17
22
57
129
203
238
227
182
118
62
28
16
23
60
133
204
220
168
83
25
0
0
0
0
27
89
174
225
212
148
74
27
9
5
9
37
106
189
231
211
143
70
25
8
5
10
41
112
193
221
177
92
29
0
0
0
0
27
89
174
221
198
121
47
12
4
3
7
31
96
181
223
194
115
43
11
3
3
8
35
103
186
220
180
96
31
0
0
0
0
27
89
174
220
193
112
40
9
3
2
6
30
93
178
220
187
104
35
8
2
2
7
33
100
184
219
181
96
31
0
0
0
0
27
89
174
219
192
111
39
8
2
2
6
30
93
178
219
186
102
34
7
2
2
7
33
100
183
219
180
96
31
0
0
0
0
27
88
174
219
192
111
39
8
2
2
6
30
93
178
219
186
102
34
7
2
2
7
33
100
183
219
180
96
31
0
0
0
0
27
88
174
219
192
111
39
8
2
2
6
30
93
178
219
186
102
34
7
2
2
7
33
100
183
219
180
96
31
0
0
0
0
27
88
174
219
192
111
39
8
2
2
6
30
93
178
219
186
102
34
7
2
2
7
33
100
183
219
180
96
31
0
0
0
0
27
88
174
219
192
111
39
8
2
2
6
30
93
178
219
186
102
34
7
2
2
7
33
100
183
219
180
96
31
0
0
0
0
27
88
174
219
192
111
39
8
2
2
6
30
93
178
219
186
102
34
7
2
2
7
33
100
183
219
180
96
31
0
0
0
0
27
88
174
219
192
111
39
8
2
2
6
30
93
178
219
186
102
34
7
2
2
7
33
100
183
219
180
96
31
0
0
0
0
27
88
174
219
192
111
39
8
2
2
6
30
93
178
219
186
102
34
7
2
2
7
33
100
183
219
180
96
31
0
0
0
0
27
88
173
219
192
110
39
8
2
2
6
29
93
178
219
186
102
34
7
2
2
7
33
100
183
219
180
96
31
0
0
0
0
27
88
173
219
191
110
39
8
2
2
6
29
92
177
219
185
102
34
7
2
2
7
33
99
183
219
180
96
31
0
0
0
0
27
87
171
215
188
109
38
8
2
2
6
29
91
175
216
183
101
34
8
2
2
7
33
98
180
215
178
95
30
0
0
0
0
25
80
155
195
170
98
35
8
2
2
6
27
84
159
195
166
92
31
7
2
2
6
30
89
163
194
161
86
28
0
0
0
0
18
56
109
138
120
70
25
5
2
2
4
19
59
112
138
117
65
22
5
2
2
5
21
63
115
137
114
61
20
0
0
0
0
8
25
50
63
55
32
11
3
1
1
2
9
27
51
63
53
30
10
3
1
1
2
10
29
52
63
52
28
9
0
0
0
0
0
0
0
0
0
0
0
0
0
0
0
0
0
0
0
0
0
0
0
0
0
0
0
0
0
0
0
0
0
0
0
0
0
0
0
0
0
0
0
0
0
0
0
0
0
0
0
0
0
0
0
0
0
0
0
0
0
0
0
0
0
0
0
0
