20
25
0
0
0
0
0
0
0
0
0
0
0
0
0
0
0
0
0
0
0
0
0
0
0
0
0
0
0
0
0
0
0
0
0
0
0
0
0
0
0
0
0
0
0
1
5
15
34
59
74
78
78
74
59
34
15
5
1
0
0
0
0
0
1
9
30
65
105
147
171
178
178
171
147
105
65
30
9
1
0
0
0
0
5
30
85
146
190
221
236
240
240
236
221
190
147
89
37
9
0
0
0
0
15
65
146
212
240
246
243
241
240
240
240
236
214
161
89
30
0
0
0
0
34
105
190
240
246
226
198
182
178
182
198
225
239
213
143
58
0
0
0
0
59
147
221
247
230
181
124
89
79
85
113
166
213
217
160
70
0
0
0
0
74
171
236
248
221
164
100
55
36
35
53
95
144
160
124
55
0
0
0
0
74
171
236
251
236
201
156
110
85
75
68
65
77
81
59
25
0
0
0
0
58
143
214
246
250
241
222
197
182
171
148
114
92
72
42
14
0
0
0
0
30
89
161
215
241
250
250
244
241
236
221
197
175
143
89
37
0
0
0
0
9
37
89
147
190
221
236
241
244
250
250
244
237
214
161
89
0
0
0
0
6
20
45
80
116
152
172
182
197
221
237
244
250
246
214
143
0
0
0
0
24
56
78
88
88
83
79
85
109
147
176
201
232
250
236
171
0
0
0
0
55
124
167
169
132
72
30
21
35
60
89
139
205
245
240
178
0
0
0
0
70
160
221
228
186
109
45
21
21
31
60
125
202
244
236
171
0
0
0
0
59
147
221
246
226
170
114
85
78
85
114
170
226
246
221
147
0
0
0
0
34
105
190
240
246
226
198
182
178
182
198
226
246
240
190
105
0
0
0
0
15
65
146
212
240
246
243
241
240
241
243
246
240
212
146
65
0
0
0
0
5
30
85
146
190
221
236
240
240
240
236
221
190
146
85
30
0
0
0
0
1
9
30
65
105
147
171
178
178
178
171
147
105
65
30
9
0
0
0
0
0
1
5
15
34
59
74
78
78
78
74
59
34
15
5
1
0
0
0
0
0
0
0
0
0
0
0
0
0
0
0
0
0
0
0
0
0
0
0
0
0
0
0
0
0
0
0
0
0
0
0
0
0
0
0
0
0
0
