20
24
0
0
0
0
0
0
0
0
0
0
0
0
0
0
0
0
0
0
0
0
0
0
0
0
0
0
0
0
0
0
0
0
0
0
0
0
0
0
0
0
0
0
1
5
15
34
59
74
78
78
78
78
74
58
30
9
1
0
0
0
0
0
9
30
65
105
147
171
178
178
178
178
171
143
89
37
9
1
0
0
0
0
30
85
146
190
221
236
240
240
240
240
236
214
161
89
30
5
0
0
0
0
65
146
212
240
246
243
241
240
240
241
243
242
213
143
58
12
0
0
0
0
105
190
240
246
226
198
182
178
178
182
197
220
217
160
70
15
0
0
0
0
141
217
246
230
182
128
96
83
80
88
115
151
161
124
55
12
0
0
0
0
141
217
243
221
168
115
79
51
40
51
75
90
88
66
29
6
0
0
0
0
105
190
237
235
208
180
148
109
91
103
121
114
95
70
35
10
0
0
0
0
65
147
214
242
243
237
221
197
185
193
202
193
175
143
89
37
0
0
0
0
30
89
161
215
241
250
250
244
241
243
246
243
237
214
161
89
0
0
0
0
9
37
89
147
190
221
236
241
244
250
251
249
251
246
214
143
0
0
0
0
6
20
45
80
116
152
172
182
197
217
222
220
236
250
236
171
0
0
0
0
24
56
78
88
88
83
79
85
109
142
156
170
212
245
240
178
0
0
0
0
55
124
167
169
132
72
30
21
35
60
89
139
205
244
236
171
0
0
0
0
70
160
221
228
186
109
45
21
21
37
81
156
223
246
221
147
0
0
0
0
59
147
221
246
226
170
114
85
78
88
128
195
240
240
190
105
0
0
0
0
34
104
186
233
242
225
198
182
178
183
201
231
242
215
147
65
0
0
0
0
15
61
131
186
221
236
240
240
240
240
240
236
214
161
89
30
0
0
0
0
5
24
61
104
151
190
221
236
240
236
221
190
147
89
37
9
0
0
0
0
1
5
15
34
66
105
147
171
178
171
147
105
65
30
9
1
0
0
0
0
0
0
0
0
0
0
0
0
0
0
0
0
0
0
0
0
0
0
0
0
0
0
0
0
0
0
0
0
0
0
0
0
0
0
0
0
0
0
