21
25
0
0
0
0
0
0
0
0
0
0
0
0
0
0
0
0
0
0
0
0
0
0
0
0
0
0
0
0
0
0
0
0
0
0
0
0
0
0
0
0
0
0
0
0
0
0
5
24
55
73
78
78
78
78
74
58
30
9
1
0
0
0
0
0
0
1
5
22
65
128
168
178
178
178
178
171
143
89
37
9
1
0
0
0
0
0
9
30
69
124
190
229
240
240
240
240
236
214
161
89
30
5
0
0
0
0
0
30
85
147
194
227
240
241
240
240
241
243
242
213
143
58
12
0
0
0
0
0
65
146
212
236
227
200
183
178
178
182
197
220
217
160
70
15
0
0
0
0
0
99
186
240
244
206
142
100
83
79
85
109
147
160
124
55
12
0
0
0
0
0
116
202
246
245
206
140
85
51
36
36
51
75
85
66
29
6
0
0
0
0
0
102
193
243
251
232
195
152
109
85
79
83
89
88
70
35
10
1
0
0
0
0
81
175
237
254
251
241
222
197
182
178
178
178
171
143
89
37
9
0
0
0
0
58
143
214
247
255
255
251
244
241
240
240
240
236
214
161
89
30
0
0
0
0
30
89
161
214
236
240
240
240
241
243
246
244
244
242
214
147
65
0
0
0
0
9
37
89
144
175
185
182
179
182
193
202
198
205
231
236
190
105
0
0
0
0
2
14
42
77
104
114
98
83
85
102
117
117
145
205
241
221
147
0
0
0
0
5
25
59
91
114
113
71
31
21
32
49
71
128
202
243
232
165
0
0
0
0
12
55
124
170
186
168
105
45
21
24
48
99
168
226
246
221
147
0
0
0
0
15
70
160
222
239
221
170
114
85
85
113
167
219
247
243
197
109
0
0
0
0
12
58
143
214
246
246
226
198
182
182
198
226
246
250
230
171
80
0
0
0
0
5
30
89
162
218
242
243
241
240
241
243
246
240
222
185
128
55
0
0
0
0
1
9
37
93
158
199
212
225
236
240
236
221
190
151
104
61
24
0
0
0
0
0
1
9
37
83
119
133
154
171
178
171
147
105
66
34
15
5
0
0
0
0
0
0
1
9
27
43
50
63
74
78
74
59
34
15
5
1
0
0
0
0
0
0
0
0
0
0
0
0
0
0
0
0
0
0
0
0
0
0
0
0
0
0
0
0
0
0
0
0
0
0
0
0
0
0
0
0
0
0
0
0
0
