22
25
0
0
0
0
0
0
0
0
0
0
0
0
0
0
0
0
0
0
0
0
0
0
0
0
0
0
0
0
0
0
0
0
0
0
0
0
0
0
0
0
0
0
0
0
0
0
1
2
6
12
19
35
59
74
76
74
69
53
27
9
2
1
0
0
0
0
0
0
2
12
34
60
80
109
147
170
173
168
160
130
78
31
7
1
0
0
0
0
0
0
10
41
95
145
175
196
221
235
236
233
227
200
141
71
25
6
1
1
0
0
0
0
38
93
164
215
236
239
240
240
241
244
247
236
194
125
60
20
4
1
0
0
0
0
86
157
217
245
246
226
198
184
188
204
221
229
213
161
89
32
6
1
0
0
0
0
132
204
242
246
220
169
114
88
95
122
150
168
165
130
71
23
4
1
0
0
0
0
154
223
248
234
185
114
55
36
43
63
81
91
89
72
41
15
3
1
0
0
0
0
167
230
248
230
178
112
70
68
79
89
96
96
92
83
65
38
14
3
0
0
0
0
169
230
249
241
211
171
148
158
173
179
180
178
175
168
145
95
39
9
0
0
0
0
146
211
244
251
243
228
219
227
237
239
239
239
238
233
210
152
75
23
0
0
0
0
97
169
220
240
246
248
245
242
242
246
248
246
248
250
239
193
118
49
0
0
0
0
50
111
165
189
206
222
218
198
192
204
211
207
218
240
247
225
163
82
0
0
0
0
19
52
85
105
133
158
148
113
102
120
133
136
169
220
248
237
183
96
0
0
0
0
8
24
43
65
98
113
86
45
32
44
60
88
148
215
246
235
176
88
0
0
0
0
17
44
76
110
145
140
89
40
22
27
53
106
175
229
247
225
158
72
0
0
0
0
33
87
144
188
211
195
143
98
81
85
114
168
219
246
245
210
136
56
0
0
0
0
32
90
160
215
241
235
209
188
179
182
198
226
245
248
229
178
99
34
0
0
0
0
16
53
117
185
228
244
245
242
240
241
243
246
238
219
182
125
58
16
0
0
0
0
4
21
65
128
180
216
234
240
240
240
236
220
188
148
102
59
23
5
0
0
0
0
1
7
27
64
104
144
170
179
179
178
171
147
103
64
34
16
5
1
0
0
0
0
1
2
8
19
36
58
75
81
80
79
74
59
34
15
5
2
1
0
0
0
0
0
0
0
0
0
0
0
0
0
0
0
0
0
0
0
0
0
0
0
0
0
0
0
0
0
0
0
0
0
0
0
0
0
0
0
0
0
0
0
0
0
0
0
