20
24
0
0
0
0
0
0
0
0
0
0
0
0
0
0
0
0
0
0
0
0
0
0
0
0
0
0
0
0
0
0
0
0
0
0
0
0
0
0
0
0
0
0
1
9
30
65
105
147
171
178
171
143
90
41
15
5
1
0
0
0
0
0
5
30
85
146
190
221
236
240
236
214
166
109
65
30
9
1
0
0
0
0
15
65
146
212
240
246
243
241
240
236
221
190
147
89
37
9
0
0
0
0
34
105
190
240
246
226
198
182
182
197
221
232
214
161
89
30
0
0
0
0
66
151
222
247
229
177
117
85
85
114
170
225
241
211
137
55
0
0
0
0
105
190
241
248
217
149
76
40
35
57
114
187
225
206
136
55
0
0
0
0
141
217
250
252
229
177
117
85
74
70
85
132
161
142
85
30
0
0
0
0
137
211
246
254
247
226
198
182
168
133
89
80
81
63
31
9
0
0
0
0
89
161
215
241
250
250
244
241
229
191
132
96
72
42
14
2
0
0
0
0
37
89
147
190
221
236
241
244
246
231
201
176
143
89
37
9
0
0
0
0
20
45
80
116
152
172
182
198
225
242
243
237
214
161
89
30
0
0
0
0
56
78
88
88
83
79
85
113
166
215
241
250
246
214
143
58
0
0
0
0
124
167
169
132
72
30
21
42
90
148
195
232
250
236
171
74
0
0
0
0
160
221
228
186
109
45
21
24
43
78
136
205
245
240
178
78
0
0
0
0
147
221
246
226
170
114
85
75
68
75
128
202
244
236
171
74
0
0
0
0
109
197
243
247
226
198
182
171
154
144
177
226
246
221
147
59
0
0
0
0
80
171
230
250
250
244
241
236
225
216
228
242
233
186
104
34
0
0
0
0
55
128
185
221
236
240
240
240
240
240
236
221
186
131
61
15
0
0
0
0
24
61
104
147
171
178
178
182
193
202
186
151
104
61
24
5
0
0
0
0
5
15
34
59
74
78
78
85
102
116
99
66
34
15
5
1
0
0
0
0
0
0
0
0
0
0
0
0
0
0
0
0
0
0
0
0
0
0
0
0
0
0
0
0
0
0
0
0
0
0
0
0
0
0
0
0
0
0
