20
24
0
0
0
0
0
0
0
0
0
0
0
0
0
0
0
0
0
0
0
0
0
0
0
0
0
0
0
0
0
0
0
0
0
0
0
0
0
0
0
0
0
0
0
1
9
30
65
105
141
141
109
85
74
58
30
9
1
0
0
0
0
0
5
15
41
90
147
190
217
217
197
182
171
143
89
37
9
1
0
0
0
0
24
61
108
166
214
237
243
246
243
241
236
214
161
89
30
5
0
0
0
0
55
128
186
225
239
228
216
225
236
241
243
242
214
147
65
15
0
0
0
0
73
168
229
247
229
187
155
158
172
182
198
225
232
189
105
34
0
0
0
0
78
178
240
249
221
167
114
86
79
85
113
167
214
213
146
59
0
0
0
0
74
171
236
251
236
199
142
78
42
35
53
99
162
196
156
70
0
0
0
0
59
147
221
250
251
234
191
128
88
75
68
71
104
137
118
55
0
0
0
0
34
104
186
234
251
250
232
201
183
171
148
113
91
77
56
24
0
0
0
0
22
65
132
186
221
236
240
240
240
236
221
187
136
71
26
6
0
0
0
0
41
54
80
115
152
176
198
226
247
254
251
234
187
108
41
9
0
0
0
0
94
102
95
88
83
85
113
166
214
237
244
246
225
166
90
30
0
0
0
0
142
178
171
132
72
34
43
90
143
176
201
231
242
214
143
58
0
0
0
0
149
213
227
186
108
42
17
32
63
96
142
206
244
236
171
74
0
0
0
0
133
212
243
226
167
95
43
29
46
85
140
206
244
236
171
74
0
0
0
0
123
206
246
247
219
167
113
91
109
152
195
231
242
214
143
58
0
0
0
0
98
183
233
250
246
226
198
185
197
222
241
246
225
166
90
30
0
0
0
0
61
131
186
221
236
240
240
241
243
246
243
230
186
108
41
9
0
0
0
0
24
61
104
147
175
197
221
236
236
221
197
171
128
61
15
1
0
0
0
0
5
15
34
59
81
109
147
171
171
147
109
80
55
24
5
0
0
0
0
0
0
0
0
0
0
0
0
0
0
0
0
0
0
0
0
0
0
0
0
0
0
0
0
0
0
0
0
0
0
0
0
0
0
0
0
0
0
0
