22
24
0
0
0
0
0
0
0
0
0
0
0
0
0
0
0
0
0
0
0
0
0
0
0
0
0
0
0
0
0
0
0
0
0
0
0
0
0
0
0
0
0
0
0
0
0
0
0
1
4
15
35
60
83
113
142
140
108
85
74
57
29
8
1
1
0
0
0
0
1
4
19
54
99
143
172
197
217
217
196
182
170
139
83
35
13
4
0
0
0
0
1
11
47
113
175
215
232
238
240
240
240
240
234
207
152
92
49
18
0
0
0
0
2
19
73
158
221
246
245
226
203
202
222
239
245
239
211
164
105
43
0
0
0
0
4
27
92
180
237
251
233
186
132
120
150
183
212
236
240
213
149
65
0
0
0
0
6
38
112
195
242
250
226
165
90
54
65
97
151
213
245
234
175
85
0
0
0
0
9
47
125
204
244
252
235
186
112
53
34
49
103
181
227
224
176
97
0
0
0
0
7
38
105
179
227
248
247
223
172
115
82
73
92
137
167
166
135
81
0
0
0
0
7
21
59
118
179
229
250
247
227
198
175
150
119
99
88
77
61
39
0
0
0
0
24
27
36
68
126
192
231
241
243
241
236
216
174
120
76
41
20
10
0
0
0
0
60
78
82
90
116
151
175
190
212
239
251
247
226
186
133
68
21
3
0
0
0
0
97
150
173
171
148
114
91
100
145
202
235
246
247
233
190
113
41
7
0
0
0
0
116
193
231
227
180
100
42
36
77
138
184
215
240
248
221
150
63
14
0
0
0
0
121
204
246
244
197
112
45
22
34
71
117
171
222
247
232
168
77
19
0
0
0
0
106
189
239
246
214
152
98
64
46
61
108
168
221
245
226
159
73
19
0
0
0
0
75
152
214
241
236
210
182
149
118
122
162
207
238
241
203
125
50
11
0
0
0
0
37
93
160
214
241
245
238
222
202
202
223
241
248
231
173
89
28
5
0
0
0
0
12
39
92
158
211
235
240
240
239
239
237
236
230
199
131
56
13
2
0
0
0
0
2
10
37
87
142
171
182
196
216
215
194
178
167
135
78
27
5
1
0
0
0
0
1
2
9
30
58
74
85
108
138
137
108
85
75
57
29
8
1
0
0
0
0
0
0
0
0
0
0
0
0
0
0
0
0
0
0
0
0
0
0
0
0
0
0
0
0
0
0
0
0
0
0
0
0
0
0
0
0
0
0
0
0
0
0
0
