27
36
0
0
0
0
0
0
0
0
0
0
0
0
0
0
0
0
0
0
0
0
0
0
0
0
0
0
0
0
0
0
0
0
0
0
0
0
0
0
0
0
0
0
0
0
0
0
0
0
0
0
0
0
0
0
0
0
1
1
1
1
3
7
16
32
49
61
65
64
59
46
29
18
22
41
57
61
50
29
10
0
0
0
0
1
1
1
3
12
30
59
94
125
143
150
149
141
119
88
61
63
97
132
140
114
66
23
0
0
0
0
1
1
4
14
41
84
132
173
200
213
216
215
210
195
167
134
126
159
197
204
167
95
34
0
0
0
0
1
3
14
44
96
155
200
224
228
222
216
214
214
216
213
199
191
208
230
230
186
105
37
0
0
0
0
2
10
38
93
160
210
230
222
196
167
150
145
151
168
192
210
222
235
245
236
189
107
37
0
0
0
0
5
25
75
148
208
232
219
176
125
85
65
60
66
85
120
161
201
232
246
237
189
107
37
0
0
0
0
11
46
116
190
231
226
180
114
59
28
17
14
17
27
50
88
144
203
238
236
190
107
37
0
0
0
0
20
70
150
216
235
204
135
64
22
7
3
2
3
6
14
39
94
172
227
235
190
107
37
0
0
0
0
31
94
177
229
228
176
96
34
8
2
1
1
1
2
5
21
71
155
221
234
190
107
37
0
0
0
0
41
113
195
234
218
152
69
19
4
1
1
1
1
1
3
17
67
151
219
233
190
107
37
0
0
0
0
47
125
204
235
209
135
55
13
2
1
1
0
1
1
3
17
66
151
219
233
190
107
37
0
0
0
0
50
129
207
235
205
127
49
11
2
1
1
0
1
1
3
17
66
151
219
233
190
107
37
0
0
0
0
51
130
208
235
203
125
47
10
2
1
1
0
1
1
3
17
66
151
219
234
190
107
37
0
0
0
0
51
130
208
235
204
126
48
11
2
1
1
0
1
1
3
17
66
151
219
234
190
107
37
0
0
0
0
49
127
206
235
207
131
52
12
2
1
1
0
1
1
3
17
66
151
219
234
190
107
37
0
0
0
0
45
121
201
236
214
143
61
15
3
1
1
1
1
1
3
17
66
152
220
234
190
107
37
0
0
0
0
38
108
190
234
223
161
78
23
5
1
1
1
1
1
4
21
74
158
222
234
190
107
37
0
0
0
0
29
90
172
228
232
186
109
43
11
3
1
1
1
4
13
42
102
179
230
235
190
107
37
0
0
0
0
18
66
145
213
237
214
153
83
34
12
6
6
9
20
45
92
154
212
242
237
190
107
37
0
0
0
0
10
43
109
184
230
234
200
143
87
51
35
34
44
70
111
159
204
235
247
237
190
107
37
0
0
0
0
5
22
68
139
201
233
232
204
163
126
107
106
119
149
182
204
216
230
243
236
190
107
37
0
0
0
0
2
8
33
83
148
200
228
232
220
203
193
192
198
208
208
191
180
201
232
235
190
107
37
0
0
0
0
1
3
11
37
82
135
180
208
222
225
224
222
215
200
169
132
126
171
223
234
190
107
37
0
0
0
0
1
1
3
11
31
64
102
137
165
178
181
177
162
133
96
69
87
156
220
233
190
107
37
0
0
0
0
1
1
1
3
8
20
38
60
82
94
96
93
80
58
36
32
71
152
219
234
190
107
37
0
0
0
0
0
1
1
1
2
5
10
17
26
31
32
30
25
16
10
20
67
151
219
234
190
107
37
0
0
0
0
0
0
1
1
1
2
2
4
6
7
7
7
6
4
4
17
66
151
219
234
190
107
37
0
0
0
0
0
0
0
1
1
1
1
1
2
2
2
2
2
2
3
17
66
151
219
233
190
107
37
0
0
0
0
0
0
0
0
0
1
1
1
1
1
1
1
1
1
3
17
66
150
218
232
189
107
37
0
0
0
0
0
0
0
0
0
0
0
0
0
0
0
0
1
1
3
16
65
148
214
228
186
105
37
0
0
0
0
0
0
0
0
0
0
0
0
0
0
0
0
1
1
3
15
58
132
191
203
166
95
34
0
0
0
0
0
0
0
0
0
0
0
0
0
0
0
0
1
1
2
10
40
91
131
140
114
66
23
0
0
0
0
0
0
0
0
0
0
0
0
0
0
0
0
0
0
0
0
0
0
0
0
0
0
0
0
0
0
0
0
0
0
0
0
0
0
0
0
0
0
0
0
0
0
0
0
0
0
0
0
0
0
0
0
