31
48
0
0
0
0
0
0
0
0
0
0
0
0
0
0
0
0
0
0
0
0
0
0
0
0
0
0
0
0
0
0
0
0
0
0
0
0
0
0
0
0
0
0
0
0
0
0
0
0
0
0
0
0
0
0
0
0
0
0
0
0
0
0
0
0
0
1
1
1
1
2
3
7
15
26
36
41
42
42
39
32
21
11
8
12
24
35
40
39
32
19
8
0
0
0
0
1
1
1
1
2
5
13
27
49
74
94
104
107
107
102
86
63
39
26
32
59
88
102
99
80
48
20
0
0
0
0
1
1
1
2
7
18
41
73
109
143
167
178
181
180
175
158
129
94
67
69
106
149
172
168
135
82
34
0
0
0
0
1
1
2
6
21
50
92
138
177
206
222
228
229
229
226
215
195
163
129
120
151
194
218
212
171
103
42
0
0
0
0
1
2
5
19
51
100
154
197
225
237
240
237
235
234
234
234
229
214
190
176
192
220
237
228
183
110
45
0
0
0
0
1
4
15
45
96
156
205
232
240
234
220
205
197
195
198
206
219
227
225
219
225
237
244
231
185
110
45
0
0
0
0
3
10
34
83
147
202
233
240
227
200
167
140
126
123
128
142
169
197
219
232
241
247
248
232
185
110
45
0
0
0
0
5
21
62
127
190
230
240
226
191
143
98
68
55
52
56
70
99
136
175
210
235
248
249
233
186
111
45
0
0
0
0
10
37
94
165
219
241
233
198
141
84
44
23
15
14
16
24
42
71
112
162
209
239
248
233
186
111
45
0
0
0
0
16
55
124
193
234
241
216
161
93
42
17
7
4
4
4
7
14
28
58
111
176
225
244
233
186
111
45
0
0
0
0
25
75
149
212
241
233
191
123
58
20
7
3
2
2
2
3
5
10
29
76
149
212
241
232
186
111
45
0
0
0
0
36
95
171
225
242
221
165
92
36
10
3
2
1
1
1
1
3
5
19
62
137
206
239
232
186
110
45
0
0
0
0
46
113
187
233
240
209
143
69
22
6
2
1
1
1
1
1
2
4
17
60
134
204
239
232
186
110
45
0
0
0
0
54
125
198
237
236
197
126
54
15
4
2
1
1
0
1
1
2
4
17
59
134
204
239
232
186
110
45
0
0
0
0
59
132
203
239
233
188
115
46
12
3
1
1
1
0
1
1
2
4
17
59
134
204
239
232
186
110
45
0
0
0
0
60
135
206
239
231
184
109
42
10
2
1
1
1
0
1
1
2
4
16
59
134
204
239
232
186
110
45
0
0
0
0
61
136
207
240
231
182
107
41
10
2
1
1
0
0
1
1
2
4
16
59
134
204
239
232
186
110
45
0
0
0
0
61
136
207
240
231
182
106
41
10
2
1
1
0
0
1
1
2
4
16
59
134
204
239
232
186
110
45
0
0
0
0
61
136
206
240
231
182
107
41
10
2
1
1
1
0
1
1
2
4
16
59
134
205
239
232
186
110
45
0
0
0
0
60
134
205
239
232
185
110
43
11
2
1
1
1
0
1
1
2
4
17
59
134
205
239
232
186
110
45
0
0
0
0
58
130
202
239
235
191
118
48
12
3
1
1
1
0
1
1
2
4
17
59
134
204
239
232
186
110
45
0
0
0
0
53
124
197
237
238
200
129
56
16
4
2
1
1
0
1
1
2
4
17
59
135
205
239
232
186
110
45
0
0
0
0
47
113
188
233
241
210
144
69
22
5
2
1
1
1
1
1
2
5
19
64
139
207
240
232
186
111
45
0
0
0
0
38
99
174
227
242
222
166
92
35
10
3
1
1
1
1
1
3
9
30
81
154
215
242
233
186
111
45
0
0
0
0
28
80
155
216
242
233
191
124
59
20
6
2
1
1
1
3
8
24
59
118
183
229
246
233
186
111
45
0
0
0
0
19
61
131
199
237
242
217
163
97
45
18
7
4
4
6
13
29
60
109
167
216
242
248
233
186
111
45
0
0
0
0
11
42
102
173
224
243
236
202
149
93
51
29
21
21
27
45
76
119
168
211
238
249
249
233
186
111
45
0
0
0
0
6
25
70
137
199
235
244
232
200
156
111
81
68
68
79
106
144
182
211
229
239
246
248
233
186
111
45
0
0
0
0
3
12
40
94
159
211
238
244
234
211
181
156
145
145
155
177
203
219
218
212
219
235
245
233
186
111
45
0
0
0
0
2
5
19
53
108
166
211
235
243
239
229
219
214
214
218
224
227
214
186
169
186
220
241
232
186
111
45
0
0
0
0
1
2
7
24
58
108
159
198
221
235
240
240
239
238
234
225
206
171
132
120
156
209
239
232
186
110
45
0
0
0
0
1
1
3
8
24
54
95
135
169
195
211
216
217
214
204
182
149
109
77
85
141
205
239
232
186
110
45
0
0
0
0
1
1
1
3
8
20
42
70
100
129
148
156
156
153
140
114
82
53
40
67
136
205
239
232
186
110
45
0
0
0
0
1
1
1
1
3
7
14
26
43
62
77
82
83
80
70
52
33
20
24
62
135
205
239
232
186
110
45
0
0
0
0
0
1
1
1
2
3
5
8
14
22
28
30
31
29
25
18
11
8
19
60
135
205
239
232
186
110
45
0
0
0
0
0
0
1
1
1
2
2
3
5
7
8
9
9
9
8
6
5
6
17
59
134
204
239
232
186
110
45
0
0
0
0
0
0
1
1
1
1
1
2
2
3
4
4
4
4
4
3
3
4
17
59
134
204
239
232
186
110
45
0
0
0
0
0
0
0
0
1
1
1
1
1
2
2
2
2
2
2
2
2
4
17
59
134
204
239
232
186
110
45
0
0
0
0
0
0
0
0
0
0
1
1
1
1
1
1
1
1
1
1
2
4
16
59
134
204
238
232
185
110
45
0
0
0
0
0
0
0
0
0
0
0
0
0
0
0
0
0
0
1
1
2
4
16
59
133
203
237
231
185
110
45
0
0
0
0
0
0
0
0
0
0
0
0
0
0
0
0
0
0
1
1
2
4
16
58
132
200
234
228
183
110
45
0
0
0
0
0
0
0
0
0
0
0
0
0
0
0
0
0
0
1
1
2
4
16
55
123
187
218
212
171
103
42
0
0
0
0
0
0
0
0
0
0
0
0
0
0
0
0
0
0
1
1
1
3
13
44
98
147
172
168
135
82
34
0
0
0
0
0
0
0
0
0
0
0
0
0
0
0
0
0
0
1
1
1
2
8
26
58
88
102
99
80
48
20
0
0
0
0
0
0
0
0
0
0
0
0
0
0
0
0
0
0
0
0
0
0
0
0
0
0
0
0
0
0
0
0
0
0
0
0
0
0
0
0
0
0
0
0
0
0
0
0
0
0
0
0
0
0
0
0
0
0
0
0
0
0
0
0
