27
42
0
0
0
0
0
0
0
0
0
0
0
0
0
0
0
0
0
0
0
0
0
0
0
0
0
0
0
0
0
0
0
0
0
0
0
0
0
0
0
0
0
0
0
0
0
0
0
0
0
0
0
0
0
0
0
0
1
1
1
1
3
8
20
38
59
73
78
78
72
55
35
22
27
49
69
73
60
35
13
0
0
0
0
1
1
1
3
11
30
60
96
129
150
157
156
147
124
90
63
66
101
137
145
119
69
26
0
0
0
0
1
1
3
12
35
76
124
168
198
213
217
217
211
193
161
128
121
154
193
201
165
96
36
0
0
0
0
1
2
9
32
78
137
187
219
232
233
230
229
228
225
212
190
179
198
224
226
183
106
39
0
0
0
0
2
6
25
69
132
191
226
233
222
203
190
186
191
203
216
220
219
228
240
232
187
107
40
0
0
0
0
3
15
51
115
182
224
232
211
173
137
115
110
117
138
171
202
225
240
246
235
187
108
40
0
0
0
0
7
30
85
159
215
233
213
164
108
66
46
42
47
67
102
147
193
229
245
235
188
108
40
0
0
0
0
13
49
118
192
231
225
178
111
55
24
12
10
13
22
44
83
141
200
236
234
188
108
40
0
0
0
0
20
69
147
212
234
206
140
69
25
8
3
3
3
6
15
41
97
172
225
232
187
108
40
0
0
0
0
30
89
169
224
228
182
106
42
11
3
2
1
2
3
6
24
75
155
218
230
187
108
40
0
0
0
0
39
107
186
230
220
160
80
26
6
2
1
1
1
2
4
20
69
151
216
230
187
108
40
0
0
0
0
47
120
197
232
211
143
64
18
3
1
1
1
1
1
4
19
68
150
216
230
187
108
40
0
0
0
0
51
127
203
232
205
132
55
14
3
1
1
0
1
1
4
19
68
150
216
230
187
108
40
0
0
0
0
53
130
205
232
202
127
51
12
2
1
1
0
1
1
4
19
68
150
216
230
187
108
40
0
0
0
0
53
130
205
232
201
125
50
12
2
1
1
0
1
1
4
19
68
150
216
230
187
108
40
0
0
0
0
53
130
205
232
201
125
50
12
2
1
1
0
1
1
4
19
68
150
216
230
187
108
40
0
0
0
0
52
129
204
232
202
128
51
13
2
1
1
0
1
1
4
19
68
150
216
230
187
108
40
0
0
0
0
50
126
202
233
206
134
56
14
3
1
1
0
1
1
4
19
68
150
216
230
187
108
40
0
0
0
0
47
120
197
233
213
144
64
18
3
1
1
1
1
1
4
19
69
151
216
230
187
108
40
0
0
0
0
41
110
189
231
220
159
78
24
5
1
1
1
1
1
4
22
74
156
219
231
187
108
40
0
0
0
0
33
95
175
227
228
179
102
38
10
2
1
1
1
2
9
35
94
171
226
232
188
108
40
0
0
0
0
24
76
155
218
234
203
136
65
22
6
2
2
4
10
28
69
134
199
236
234
188
108
40
0
0
0
0
15
56
130
201
235
225
176
109
53
23
13
12
18
36
71
124
183
227
245
235
188
108
40
0
0
0
0
9
37
98
172
224
237
214
165
110
68
49
48
61
92
136
182
218
239
247
235
188
108
40
0
0
0
0
4
20
63
132
196
232
236
214
177
141
121
119
134
164
195
212
219
230
241
234
188
108
40
0
0
0
0
2
9
33
84
150
204
232
237
225
209
199
197
204
214
215
198
185
203
230
232
188
108
40
0
0
0
0
1
3
14
43
93
150
195
221
233
234
233
231
226
214
185
148
137
174
221
230
187
108
40
0
0
0
0
1
1
5
16
44
86
131
168
195
207
210
206
192
164
123
90
98
158
217
230
187
108
40
0
0
0
0
1
1
2
5
15
36
65
97
125
140
143
139
122
93
61
47
77
152
216
230
187
108
40
0
0
0
0
1
1
1
2
5
11
23
39
56
66
69
65
55
37
22
26
70
150
216
230
187
108
40
0
0
0
0
0
1
1
1
2
3
6
11
17
21
22
21
17
11
8
21
69
150
216
230
187
108
40
0
0
0
0
0
0
1
1
1
1
2
4
5
6
6
6
5
4
5
19
68
150
216
230
187
108
40
0
0
0
0
0
0
0
1
1
1
1
2
2
3
3
3
3
2
4
19
68
150
216
230
187
108
40
0
0
0
0
0
0
0
0
1
1
1
1
1
1
1
1
1
2
4
19
68
150
216
230
187
108
40
0
0
0
0
0
0
0
0
0
1
1
1
1
1
1
1
1
1
3
19
68
149
215
229
187
107
40
0
0
0
0
0
0
0
0
0
0
0
0
0
0
0
0
1
1
3
18
66
146
210
224
183
106
39
0
0
0
0
0
0
0
0
0
0
0
0
0
0
0
0
1
1
3
17
60
131
188
201
165
96
36
0
0
0
0
0
0
0
0
0
0
0
0
0
0
0
0
1
1
2
12
43
95
136
145
119
69
26
0
0
0
0
0
0
0
0
0
0
0
0
0
0
0
0
0
0
0
0
0
0
0
0
0
0
0
0
0
0
0
0
0
0
0
0
0
0
0
0
0
0
0
0
0
0
0
0
0
0
0
0
0
0
0
0
