24
36
0
0
0
0
0
0
0
0
0
0
0
0
0
0
0
0
0
0
0
0
0
0
0
0
0
0
0
0
0
0
0
0
0
0
0
0
0
0
0
0
0
0
0
0
0
0
0
0
0
0
1
1
1
3
10
23
41
57
64
64
56
40
24
22
37
55
58
43
21
6
0
0
0
0
1
1
4
14
37
72
109
136
148
148
136
109
76
65
91
126
132
99
48
14
0
0
0
0
1
4
15
46
95
146
186
208
215
214
206
184
151
131
152
189
193
144
69
20
0
0
0
0
3
12
44
100
163
207
225
223
217
214
215
214
204
194
204
225
218
161
77
22
0
0
0
0
8
33
88
159
211
225
207
177
154
147
155
175
199
217
231
241
224
163
78
22
0
0
0
0
18
63
137
203
226
202
150
99
70
62
71
98
140
185
224
242
226
163
78
22
0
0
0
0
34
97
177
224
213
156
88
41
20
16
20
36
70
125
189
231
224
164
78
23
0
0
0
0
51
128
202
226
187
111
45
14
5
3
4
10
29
77
155
217
222
164
78
22
0
0
0
0
69
152
216
218
158
76
24
6
2
1
2
4
15
57
137
209
220
163
78
22
0
0
0
0
84
169
222
207
134
55
14
3
1
1
1
3
13
53
134
207
220
163
78
22
0
0
0
0
93
178
224
198
120
45
10
2
1
1
1
2
13
53
133
207
220
163
78
22
0
0
0
0
96
182
224
194
113
40
9
2
1
1
1
2
12
53
133
207
220
163
78
22
0
0
0
0
97
183
224
193
111
39
9
2
1
1
1
2
12
53
133
207
220
163
78
22
0
0
0
0
97
182
224
193
112
40
9
2
1
1
1
2
12
53
133
207
220
163
78
22
0
0
0
0
95
180
224
197
117
42
9
2
1
1
1
2
12
53
133
207
220
163
78
22
0
0
0
0
89
175
224
203
127
49
11
2
1
1
1
2
13
53
134
207
220
163
78
22
0
0
0
0
80
165
221
212
143
62
17
3
1
1
1
3
15
59
140
210
220
163
78
22
0
0
0
0
65
148
214
222
168
88
30
7
2
1
2
8
30
83
162
220
222
164
78
23
0
0
0
0
48
123
199
229
198
128
60
21
8
7
12
30
70
132
198
235
225
164
78
23
0
0
0
0
31
92
172
223
223
179
115
65
39
36
50
84
134
187
226
243
226
164
78
23
0
0
0
0
16
58
129
197
229
220
182
139
112
108
126
159
191
211
227
239
224
163
78
23
0
0
0
0
6
28
79
148
203
228
225
209
196
193
200
206
198
185
197
225
222
163
78
22
0
0
0
0
2
10
36
85
143
189
214
224
224
221
212
189
152
132
162
213
220
163
78
22
0
0
0
0
1
3
12
35
73
115
151
173
180
175
156
121
85
85
142
208
220
163
78
22
0
0
0
0
1
1
3
10
25
47
72
89
95
91
76
52
37
61
135
207
220
163
78
22
0
0
0
0
1
1
1
3
6
13
22
29
32
30
24
15
18
55
134
207
220
163
78
22
0
0
0
0
0
1
1
1
2
3
5
7
7
7
6
5
14
53
133
207
220
163
78
22
0
0
0
0
0
0
1
1
1
1
2
2
2
2
2
3
13
53
133
207
219
163
78
22
0
0
0
0
0
0
0
1
1
1
1
1
1
1
1
2
12
53
133
206
219
163
78
22
0
0
0
0
0
0
0
0
0
0
0
0
0
1
1
2
12
52
131
203
215
160
77
22
0
0
0
0
0
0
0
0
0
0
0
0
0
1
1
2
11
47
117
181
192
144
69
20
0
0
0
0
0
0
0
0
0
0
0
0
0
1
1
2
8
32
80
124
132
99
48
14
0
0
0
0
0
0
0
0
0
0
0
0
0
0
0
0
0
0
0
0
0
0
0
0
0
0
0
0
0
0
0
0
0
0
0
0
0
0
0
0
0
0
0
0
0
0
0
0
0
0
