25
38
0
0
0
0
0
0
0
0
0
0
0
0
0
0
0
0
0
0
0
0
0
0
0
0
0
0
0
0
0
0
0
0
0
0
0
0
0
0
0
0
0
0
0
0
0
0
0
0
0
0
0
0
5
19
41
57
63
64
64
64
64
64
64
64
64
64
64
64
63
58
43
21
6
0
0
0
0
13
46
96
133
146
149
149
149
149
149
149
149
149
149
149
149
148
136
101
50
15
0
0
0
0
20
70
144
197
215
217
216
216
215
215
215
215
215
215
215
215
213
196
145
72
21
0
0
0
0
23
81
165
223
239
232
221
215
214
214
214
214
214
214
214
214
211
194
143
71
20
0
0
0
0
26
87
172
227
232
202
167
149
145
145
145
145
145
145
145
145
143
131
97
47
14
0
0
0
0
29
93
179
228
216
158
97
66
59
59
59
59
59
59
59
59
58
53
39
19
6
0
0
0
0
33
101
185
228
206
132
58
22
14
14
13
13
13
13
13
13
13
12
9
5
2
0
0
0
0
38
108
191
228
199
120
45
11
4
3
3
3
2
2
2
2
2
2
1
1
1
0
0
0
0
42
116
196
228
193
112
41
10
4
3
3
3
3
2
2
1
1
1
1
1
1
0
0
0
0
47
123
201
228
187
104
37
13
11
13
14
13
12
8
4
2
1
1
1
1
0
0
0
0
0
52
131
206
227
182
101
45
33
44
53
55
54
48
34
19
9
4
1
1
1
1
0
0
0
0
57
138
211
227
183
115
81
91
117
133
138
136
124
98
68
41
19
7
2
1
1
0
0
0
0
63
146
215
231
199
158
150
171
195
209
212
211
202
180
149
108
63
28
9
2
1
0
0
0
0
69
153
220
239
226
209
207
214
220
224
226
229
233
230
215
183
133
78
33
10
2
0
0
0
0
75
159
223
244
238
221
203
185
172
168
170
181
202
225
236
230
198
143
79
30
8
0
0
0
0
79
161
218
231
212
178
138
104
84
77
80
95
127
171
212
235
233
199
135
65
20
0
0
0
0
71
139
182
182
148
102
63
36
23
19
21
30
55
98
155
208
237
230
182
106
40
0
0
0
0
45
85
108
101
72
40
18
8
3
2
3
6
16
42
94
163
220
239
212
142
64
0
0
0
0
17
32
39
35
22
10
4
2
1
1
1
2
4
15
50
119
194
235
227
169
86
0
0
0
0
4
7
9
8
5
2
1
1
1
1
1
1
2
6
28
86
169
227
233
186
103
0
0
0
0
1
2
2
2
2
1
1
1
0
0
0
1
1
3
18
68
152
219
235
194
112
0
0
0
0
2
3
3
2
2
1
1
1
0
0
0
1
1
2
15
61
144
215
235
197
116
0
0
0
0
9
13
14
10
5
2
1
1
1
0
0
1
1
3
16
63
147
217
235
196
114
0
0
0
0
35
53
56
42
20
6
2
1
1
0
1
1
1
4
21
75
159
223
234
190
107
0
0
0
0
80
122
131
102
53
17
4
1
1
1
1
1
2
8
33
96
178
230
229
176
93
0
0
0
0
116
180
198
163
95
37
9
3
1
1
1
2
5
18
58
130
202
236
219
154
73
0
0
0
0
123
198
227
204
140
70
26
9
4
2
3
6
16
44
101
173
224
235
198
124
51
0
0
0
0
106
184
229
228
186
123
69
35
20
15
16
25
50
96
157
212
236
220
163
87
30
0
0
0
0
73
147
208
234
223
186
139
98
72
62
64
82
117
165
209
233
226
183
115
50
14
0
0
0
0
39
96
163
212
233
228
206
178
157
148
150
165
192
218
232
224
187
127
64
21
5
0
0
0
0
15
47
100
157
200
222
228
225
219
215
216
221
227
225
209
174
122
66
26
7
2
0
0
0
0
4
15
43
85
130
165
192
208
215
215
215
211
199
175
142
100
56
24
7
2
1
0
0
0
0
1
4
12
30
56
84
112
136
147
149
148
141
122
94
65
38
17
6
2
1
1
0
0
0
0
1
1
3
7
14
26
42
56
63
64
63
59
47
31
18
9
4
1
1
1
1
0
0
0
0
0
0
0
0
0
0
0
0
0
0
0
0
0
0
0
0
0
0
0
0
0
0
0
0
0
0
0
0
0
0
0
0
0
0
0
0
0
0
0
0
0
0
0
0
0
0
0
0
