30
45
0
0
0
0
0
0
0
0
0
0
0
0
0
0
0
0
0
0
0
0
0
0
0
0
0
0
0
0
0
0
0
0
0
0
0
0
0
0
0
0
0
0
0
0
0
0
0
0
0
0
0
0
0
0
0
0
0
0
0
0
0
0
1
2
6
13
20
24
25
25
25
25
25
25
25
25
25
25
25
25
25
25
25
24
21
15
7
2
0
0
0
0
2
6
20
43
65
76
79
79
80
80
80
80
80
80
80
80
80
80
80
80
79
77
67
46
22
7
0
0
0
0
3
12
41
88
130
151
157
158
159
159
159
159
159
159
159
159
159
159
159
158
158
153
134
93
45
14
0
0
0
0
4
18
59
125
182
211
218
219
219
219
219
219
219
218
218
218
218
218
218
218
218
211
185
128
62
19
0
0
0
0
4
20
67
141
205
236
242
238
233
229
228
228
228
228
228
228
228
228
228
228
227
221
193
134
64
20
0
0
0
0
5
22
71
147
212
240
238
220
199
188
184
183
183
183
183
183
183
183
183
183
183
177
154
107
51
16
0
0
0
0
5
25
77
154
216
238
222
181
138
114
107
106
105
105
105
105
105
105
105
105
105
102
88
61
29
9
0
0
0
0
6
28
83
160
220
235
206
145
83
49
40
39
38
38
38
38
38
38
38
38
38
37
32
22
11
3
0
0
0
0
7
31
89
166
222
233
197
126
58
21
11
9
9
9
9
9
9
9
9
9
9
8
7
5
3
1
0
0
0
0
8
35
95
172
225
232
191
118
49
14
5
3
3
2
2
2
2
2
2
2
2
2
2
1
1
1
0
0
0
0
10
39
102
178
227
230
185
111
45
12
4
3
3
3
3
3
2
2
1
1
1
1
1
1
1
1
0
0
0
0
11
43
109
184
229
228
179
103
41
12
6
5
6
6
6
5
4
3
2
1
1
1
1
1
1
1
0
0
0
0
12
48
116
189
231
225
173
96
38
15
15
19
21
21
21
20
15
9
5
3
2
1
1
1
1
0
0
0
0
0
14
52
122
194
233
223
168
94
45
35
47
61
68
69
69
64
52
35
21
11
5
2
1
1
1
1
0
0
0
0
16
57
129
199
234
221
169
108
78
85
111
134
144
147
146
139
120
93
65
41
21
9
3
1
1
1
0
0
0
0
18
62
136
204
236
225
185
147
139
158
184
203
212
214
213
208
193
169
138
101
62
31
12
4
1
1
0
0
0
0
20
67
142
209
239
236
215
198
200
212
224
232
235
236
238
238
234
224
205
172
127
78
38
14
4
1
0
0
0
0
23
73
149
213
243
246
237
228
222
215
209
205
204
206
211
222
234
241
239
223
190
141
86
40
13
4
0
0
0
0
26
78
155
216
243
245
234
215
190
164
143
132
129
131
142
164
194
222
239
243
230
196
142
81
34
10
0
0
0
0
28
82
156
211
231
224
198
161
123
89
66
55
52
54
64
89
128
171
210
236
243
230
191
129
64
22
0
0
0
0
26
73
135
179
190
172
135
92
56
33
19
13
12
13
19
34
62
106
159
208
238
243
222
170
99
40
0
0
0
0
18
49
88
114
117
99
68
38
18
8
4
2
2
2
4
9
23
52
104
167
219
242
237
199
132
62
0
0
0
0
8
22
38
49
49
39
24
11
5
2
1
1
1
1
2
3
8
23
61
125
192
234
243
217
157
82
0
0
0
0
3
6
11
14
13
10
6
3
2
1
1
1
1
1
1
2
3
10
36
92
166
222
243
228
176
100
0
0
0
0
1
2
3
4
4
3
2
1
1
1
1
1
0
1
1
1
2
5
22
70
145
210
241
233
187
112
0
0
0
0
1
1
2
2
2
2
1
1
1
1
0
0
0
0
1
1
2
4
16
57
131
201
238
235
193
118
0
0
0
0
1
1
2
3
2
2
1
1
1
1
0
0
0
0
1
1
2
3
14
53
125
197
237
236
194
120
0
0
0
0
3
6
8
9
8
5
3
1
1
1
1
0
0
0
1
1
2
3
15
55
128
199
238
236
193
119
0
0
0
0
11
24
35
39
34
22
10
3
1
1
1
1
0
0
1
1
2
4
19
64
139
207
240
234
189
114
0
0
0
0
29
62
91
101
89
60
28
9
3
1
1
1
1
1
1
1
2
7
27
79
155
216
242
229
179
103
0
0
0
0
49
105
154
172
156
110
56
19
5
2
1
1
1
1
1
2
4
13
43
104
176
227
242
220
162
87
0
0
0
0
60
130
192
218
205
156
89
36
11
4
2
1
1
1
2
4
9
27
71
138
202
237
239
205
139
67
0
0
0
0
59
130
199
233
229
191
128
66
27
11
5
3
2
3
4
9
23
56
112
178
225
242
229
182
111
47
0
0
0
0
48
113
185
229
239
219
173
114
64
34
18
11
9
10
16
30
59
105
163
213
239
238
208
148
79
29
0
0
0
0
32
84
153
210
237
237
214
172
126
86
58
44
40
42
53
80
119
166
209
235
240
219
171
105
47
15
0
0
0
0
17
51
109
173
218
238
237
219
191
158
129
113
107
110
124
151
185
216
236
239
222
181
121
62
23
6
0
0
0
0
7
24
63
120
175
215
234
238
231
216
199
189
185
187
196
212
228
237
234
216
178
125
70
29
9
2
0
0
0
0
2
9
28
65
114
163
199
220
231
234
233
230
229
229
232
233
230
219
198
162
115
67
30
10
3
1
0
0
0
0
1
3
9
26
56
95
133
163
188
206
216
218
218
218
216
206
188
163
131
93
55
26
10
3
1
1
0
0
0
0
1
1
2
7
19
39
63
88
115
139
154
158
158
158
154
140
116
88
62
37
18
7
3
1
1
1
0
0
0
0
1
1
1
2
5
11
19
32
49
66
76
79
80
79
76
66
49
32
19
10
5
2
1
1
1
1
0
0
0
0
0
0
0
0
0
0
0
0
0
0
0
0
0
0
0
0
0
0
0
0
0
0
0
0
0
0
0
0
0
0
0
0
0
0
0
0
0
0
0
0
0
0
0
0
0
0
0
0
0
0
0
0
0
0
0
0
0
0
