29
38
0
0
0
0
0
0
0
0
0
0
0
0
0
0
0
0
0
0
0
0
0
0
0
0
0
0
0
0
0
0
0
0
0
0
0
0
0
0
0
0
0
0
0
0
0
0
0
0
0
0
0
0
0
0
0
0
0
0
0
0
5
16
36
54
63
66
66
66
66
66
66
66
66
66
66
66
66
66
66
66
64
56
39
19
6
0
0
0
0
11
38
82
122
142
147
148
148
148
148
148
148
148
148
148
148
148
148
148
148
143
125
87
42
13
0
0
0
0
18
58
123
180
208
215
214
213
212
211
211
211
211
211
211
211
211
211
211
211
204
178
124
59
18
0
0
0
0
21
68
142
206
235
238
229
218
212
210
210
210
210
210
210
210
210
210
210
209
203
177
122
59
18
0
0
0
0
23
74
151
214
239
230
200
168
150
145
144
144
144
144
144
144
144
144
144
143
139
120
83
40
12
0
0
0
0
27
81
158
218
236
212
157
102
71
63
61
61
61
61
61
61
61
61
61
61
59
51
35
17
5
0
0
0
0
31
88
166
222
234
198
130
63
27
17
16
15
15
15
15
15
15
15
15
15
15
13
9
5
2
0
0
0
0
36
96
173
225
231
190
117
49
15
5
4
3
3
3
3
3
3
2
2
2
2
2
2
1
1
0
0
0
0
40
104
180
228
229
183
108
43
12
5
4
4
4
4
4
3
2
2
1
1
1
1
1
1
1
0
0
0
0
45
112
186
230
226
176
100
40
14
12
14
16
16
16
15
11
7
4
2
1
1
1
1
1
0
0
0
0
0
51
120
193
232
224
170
96
46
32
41
52
57
58
58
54
44
31
19
11
5
2
1
1
1
1
0
0
0
0
56
128
199
234
222
172
111
79
84
106
126
136
138
137
131
114
90
66
43
24
11
4
2
1
1
0
0
0
0
62
136
205
236
227
190
154
145
160
183
200
207
209
209
205
192
171
144
110
73
40
18
6
2
1
0
0
0
0
69
144
210
240
239
221
204
202
207
214
218
221
222
225
229
230
225
211
185
145
98
55
24
8
2
0
0
0
0
75
152
214
242
244
233
218
202
187
174
167
166
168
175
191
211
229
236
230
207
167
114
61
24
7
0
0
0
0
80
153
210
232
227
206
175
143
113
91
81
78
80
90
113
147
184
216
236
237
217
174
114
56
19
0
0
0
0
72
133
177
189
173
140
101
68
44
29
23
21
23
29
45
73
114
163
209
236
239
216
164
96
39
0
0
0
0
46
83
108
111
95
67
40
21
11
6
3
3
4
6
12
25
53
102
163
215
240
236
199
133
64
0
0
0
0
18
32
42
42
33
21
10
5
2
1
1
1
1
1
3
7
20
55
116
184
230
242
220
162
87
0
0
0
0
5
8
10
10
8
5
2
1
1
1
1
1
1
1
1
3
8
30
81
156
216
242
230
181
105
0
0
0
0
2
2
3
3
2
2
1
1
1
1
0
0
0
1
1
2
4
18
62
136
204
239
235
191
116
0
0
0
0
2
3
3
3
2
2
1
1
1
0
0
0
0
1
1
2
3
15
54
127
198
237
236
194
120
0
0
0
0
10
15
16
14
9
5
2
1
1
1
1
0
0
1
1
2
4
16
57
130
201
238
235
192
118
0
0
0
0
37
55
61
53
36
17
5
2
1
1
1
0
1
1
1
2
5
22
69
144
210
240
232
185
110
0
0
0
0
83
122
136
122
86
43
15
4
2
1
1
1
1
1
2
3
11
36
92
166
222
242
224
170
95
0
0
0
0
120
177
201
188
141
80
32
10
4
2
1
1
1
2
3
8
24
64
129
194
234
239
209
146
73
0
0
0
0
127
194
228
224
186
125
66
29
12
6
4
3
3
5
11
25
57
110
173
221
240
228
183
113
50
0
0
0
0
108
178
224
237
219
176
121
74
44
27
18
16
17
24
40
69
113
167
213
237
233
201
143
76
28
0
0
0
0
74
139
197
230
235
218
185
145
109
82
67
63
65
77
102
139
180
215
234
232
205
155
93
41
13
0
0
0
0
39
87
146
195
224
233
226
208
185
163
150
145
148
159
179
204
224
232
225
198
152
96
47
17
5
0
0
0
0
15
40
83
133
176
206
221
226
224
218
213
211
212
216
222
225
220
205
176
134
86
44
17
5
2
0
0
0
0
4
13
33
65
104
139
166
187
203
210
212
211
211
210
203
188
165
137
102
65
34
14
5
2
1
0
0
0
0
1
3
9
22
41
63
86
109
131
144
148
148
148
144
132
110
86
62
39
21
9
3
1
1
1
0
0
0
0
1
1
2
5
10
18
28
41
55
63
66
66
66
63
55
42
28
18
10
5
2
1
1
1
1
0
0
0
0
0
0
0
0
0
0
0
0
0
0
0
0
0
0
0
0
0
0
0
0
0
0
0
0
0
0
0
0
0
0
0
0
0
0
0
0
0
0
0
0
0
0
0
0
0
0
0
0
0
0
0
0
0
0
0
0
