31
49
0
0
0
0
0
0
0
0
0
0
0
0
0
0
0
0
0
0
0
0
0
0
0
0
0
0
0
0
0
0
0
0
0
0
0
0
0
0
0
0
0
0
0
0
0
0
0
0
0
0
0
0
0
0
0
0
0
0
0
0
0
0
0
0
1
3
10
23
34
41
43
43
43
43
43
43
43
43
43
43
43
43
43
43
43
42
36
25
12
4
1
0
0
0
0
2
8
27
59
88
103
108
109
109
109
109
109
109
109
109
109
109
109
109
109
108
105
92
63
30
10
2
0
0
0
0
3
14
48
102
150
175
181
183
183
183
183
183
183
183
183
183
183
183
183
183
182
177
154
107
52
16
3
0
0
0
0
4
19
62
131
192
222
230
231
231
230
230
230
230
230
230
230
230
230
230
230
229
222
194
135
65
20
4
0
0
0
0
4
20
68
142
207
239
245
242
238
235
234
234
234
234
234
234
234
234
234
234
233
226
197
137
66
20
4
0
0
0
0
5
22
71
147
212
241
240
224
206
196
193
192
192
192
192
192
192
192
192
192
191
185
161
111
53
16
3
0
0
0
0
5
24
75
152
215
239
225
188
149
126
119
118
118
118
118
118
118
118
118
118
117
114
99
68
32
10
2
0
0
0
0
6
27
81
159
219
236
209
151
92
58
49
48
47
47
47
47
47
47
47
47
47
45
40
27
13
4
1
0
0
0
0
7
30
86
164
222
234
199
130
62
24
14
12
12
12
11
11
11
11
11
11
11
11
10
7
4
1
1
0
0
0
0
8
33
92
169
224
233
194
121
52
15
5
4
3
3
3
3
3
3
3
3
3
3
3
2
1
1
1
0
0
0
0
9
36
98
174
226
231
189
115
48
13
4
3
2
2
2
2
2
2
1
1
1
1
1
1
1
1
1
0
0
0
0
10
40
104
179
228
229
183
108
43
12
4
3
3
3
3
3
2
2
1
1
1
1
1
1
1
1
1
0
0
0
0
11
44
110
185
230
227
178
102
40
12
6
6
6
6
6
5
4
3
2
1
1
1
1
1
0
0
0
0
0
0
0
12
48
116
189
231
225
172
96
37
14
13
16
18
19
19
17
13
8
4
2
2
1
1
1
1
0
0
0
0
0
0
14
52
122
194
233
223
168
93
42
29
40
53
60
61
61
57
45
29
16
8
4
2
1
1
1
1
0
0
0
0
0
16
56
128
199
234
221
167
101
66
71
97
120
131
134
133
126
106
78
51
30
14
6
2
1
1
1
1
0
0
0
0
18
61
134
203
235
222
177
131
119
138
168
190
200
203
202
195
178
149
116
80
45
20
7
2
1
1
1
0
0
0
0
20
65
140
207
238
230
202
179
182
201
220
232
237
238
238
236
227
211
185
146
99
54
23
8
2
1
1
0
0
0
0
22
70
146
211
241
242
230
221
223
228
231
232
232
233
236
240
244
241
230
204
162
108
57
23
7
2
1
0
0
0
0
24
75
151
214
244
248
243
234
222
207
193
185
183
185
193
208
227
241
245
237
212
166
107
53
18
5
2
0
0
0
0
27
80
157
217
243
244
231
208
177
145
120
107
103
106
118
144
180
214
237
245
239
211
159
94
40
12
3
0
0
0
0
29
83
157
212
231
221
192
151
109
75
51
39
37
39
49
75
115
162
205
235
245
235
199
137
70
24
6
0
0
0
0
27
75
137
180
190
171
131
86
50
27
14
9
7
9
14
28
56
101
157
208
238
244
225
174
102
41
11
0
0
0
0
19
51
91
118
121
101
68
37
17
7
3
2
1
2
3
8
21
52
105
170
221
243
238
199
131
60
18
0
0
0
0
9
24
43
55
54
43
26
12
5
2
1
1
1
1
1
3
8
24
65
131
197
236
243
216
154
79
27
0
0
0
0
3
8
13
17
16
12
7
3
2
1
1
1
1
1
1
2
4
11
39
98
172
226
244
226
172
96
36
0
0
0
0
1
3
4
5
5
4
2
1
1
1
1
1
0
1
1
1
2
6
25
76
151
214
242
232
184
109
44
0
0
0
0
1
2
2
3
3
2
1
1
1
1
0
0
0
0
1
1
2
4
18
61
136
205
239
235
191
117
48
0
0
0
0
1
1
2
2
2
2
1
1
1
0
0
0
0
0
1
1
2
3
15
54
127
198
237
236
194
120
51
0
0
0
0
1
2
2
3
2
2
1
1
1
1
0
0
0
0
1
1
2
3
14
52
124
196
236
236
195
121
51
0
0
0
0
3
6
9
9
8
5
3
1
1
1
1
0
0
0
1
1
2
3
15
56
129
200
238
236
193
119
50
0
0
0
0
11
23
34
37
32
21
9
3
1
1
1
1
0
0
1
1
2
4
19
64
139
207
240
234
189
114
47
0
0
0
0
28
59
86
95
84
56
26
8
2
1
1
1
0
1
1
1
2
6
26
77
153
216
242
230
180
105
41
0
0
0
0
47
101
147
165
148
103
50
17
5
2
1
1
1
1
1
2
3
11
39
98
172
225
242
223
166
90
33
0
0
0
0
60
129
189
213
198
146
79
29
8
3
2
1
1
1
1
3
6
21
60
127
195
235
241
211
147
73
24
0
0
0
0
62
135
202
232
224
179
111
50
17
6
3
2
2
2
3
5
14
40
93
163
217
242
235
194
123
55
16
0
0
0
0
55
125
196
234
236
207
150
85
39
16
7
4
3
4
6
14
34
76
137
197
234
243
222
168
96
38
10
0
0
0
0
42
104
176
225
241
229
191
135
83
46
26
16
13
14
22
42
77
128
184
225
242
234
197
134
66
23
5
0
0
0
0
27
75
143
204
236
241
225
189
145
103
72
54
49
52
66
96
139
185
222
241
239
213
160
93
39
11
3
0
0
0
0
14
45
101
167
216
239
241
228
203
172
143
126
120
123
137
165
198
226
241
240
219
175
113
54
18
5
1
0
0
0
0
6
22
60
117
175
216
237
242
236
223
207
197
193
195
204
219
234
241
237
217
178
122
66
26
7
2
1
0
0
0
0
2
8
27
66
118
169
206
227
236
240
238
235
234
235
237
239
236
226
205
168
118
68
30
9
3
1
1
0
0
0
0
1
3
10
28
62
105
146
178
202
219
228
230
230
230
228
219
202
177
144
103
60
28
10
3
1
1
1
0
0
0
0
1
1
3
9
24
48
78
107
137
163
178
182
182
182
178
163
138
107
76
46
23
9
3
1
1
1
1
0
0
0
0
1
1
1
3
7
15
28
46
68
90
104
108
108
108
104
91
69
46
28
15
6
3
1
1
1
1
0
0
0
0
0
0
0
0
0
0
0
0
0
0
0
0
0
0
0
0
0
0
0
0
0
0
0
0
0
0
0
0
0
0
0
0
0
0
0
0
0
0
0
0
0
0
0
0
0
0
0
0
0
0
0
0
0
0
0
0
0
0
0
0
0
