26
44
0
0
0
0
0
0
0
0
0
0
0
0
0
0
0
0
0
0
0
0
0
0
0
0
0
0
0
0
0
0
0
0
0
0
0
0
0
0
0
0
0
0
0
0
0
0
0
0
0
0
0
0
0
0
2
7
24
50
70
78
79
80
80
80
80
80
80
80
80
80
79
78
72
53
27
9
0
0
0
0
3
15
50
102
140
155
158
158
159
159
159
159
159
159
159
159
158
156
143
106
54
17
0
0
0
0
4
22
71
143
196
216
219
219
219
219
219
218
218
218
218
218
218
215
197
146
74
23
0
0
0
0
5
25
81
162
219
239
238
233
229
228
228
228
228
228
228
228
228
225
206
153
77
24
0
0
0
0
5
27
85
168
224
236
220
198
187
184
183
183
183
183
183
183
183
181
165
122
62
19
0
0
0
0
6
29
90
173
225
223
182
136
112
106
105
105
105
105
105
105
105
104
94
70
35
11
0
0
0
0
7
33
96
179
225
209
147
81
47
39
38
38
38
38
38
38
38
37
34
25
13
4
0
0
0
0
8
36
102
183
224
201
129
56
19
10
9
9
9
9
9
9
9
9
8
6
3
1
0
0
0
0
9
40
108
188
225
197
121
48
13
4
3
3
2
2
2
2
2
2
2
2
1
1
0
0
0
0
10
43
114
192
224
192
115
44
11
4
3
3
3
2
2
2
1
1
1
1
1
1
0
0
0
0
11
47
120
197
224
187
108
40
11
6
6
6
5
5
3
2
1
1
1
1
1
1
0
0
0
0
12
51
126
201
224
182
102
39
17
17
20
21
20
17
12
6
3
1
1
1
1
0
0
0
0
0
14
55
132
204
223
179
101
49
41
55
65
69
67
58
41
24
11
5
2
1
1
1
0
0
0
0
16
60
138
208
223
181
116
85
96
123
141
146
144
130
103
71
41
19
7
2
1
1
0
0
0
0
18
65
144
212
227
195
154
146
168
195
209
213
212
201
177
143
100
56
23
7
2
1
0
0
0
0
20
69
150
216
235
220
202
203
217
229
234
236
238
236
227
206
168
115
61
24
7
2
0
0
0
0
22
74
155
220
243
239
229
221
213
207
205
207
214
227
238
237
218
176
116
57
20
5
0
0
0
0
24
79
161
222
242
236
215
186
157
138
131
133
148
177
210
234
239
219
171
103
44
12
0
0
0
0
26
82
160
214
225
203
162
118
82
60
53
56
72
106
154
201
232
237
210
149
77
26
0
0
0
0
24
73
138
179
178
143
95
54
29
16
12
14
23
47
91
149
205
236
231
186
111
44
0
0
0
0
16
48
89
112
105
75
41
18
7
3
2
2
6
16
43
97
166
221
237
209
140
64
0
0
0
0
7
21
39
48
43
27
13
5
2
1
1
1
2
5
19
58
128
199
234
222
163
83
0
0
0
0
2
6
11
13
12
7
3
2
1
1
1
1
1
2
9
36
98
177
228
229
179
98
0
0
0
0
1
2
3
4
3
2
1
1
1
1
1
1
1
1
5
24
77
159
220
232
189
109
0
0
0
0
1
1
2
2
2
2
1
1
1
0
0
0
1
1
3
18
66
147
214
232
194
115
0
0
0
0
1
1
2
3
2
2
1
1
1
0
0
0
1
1
3
16
62
142
212
232
195
117
0
0
0
0
2
5
8
9
7
4
1
1
1
1
0
0
1
1
3
17
64
145
213
232
194
116
0
0
0
0
10
23
35
36
27
13
4
1
1
1
0
1
1
1
4
21
72
154
218
232
190
111
0
0
0
0
25
59
90
95
72
37
12
3
1
1
1
1
1
2
6
28
86
167
224
229
182
101
0
0
0
0
42
100
152
163
130
71
25
6
2
1
1
1
1
3
11
42
108
185
230
224
167
87
0
0
0
0
52
124
190
210
176
106
44
12
4
2
1
1
3
6
22
67
139
206
234
213
147
69
0
0
0
0
51
125
198
228
206
143
73
27
9
4
2
3
6
16
46
104
175
225
233
195
122
51
0
0
0
0
42
110
186
229
226
182
118
62
29
14
10
11
20
44
89
152
209
235
221
167
92
33
0
0
0
0
28
83
159
216
235
217
172
120
77
51
41
44
61
97
149
200
231
232
195
128
59
18
0
0
0
0
16
53
119
186
227
235
218
184
148
120
109
113
131
166
204
230
234
209
153
84
32
8
0
0
0
0
7
27
74
139
195
227
236
227
209
193
186
189
200
218
232
232
210
164
101
45
14
3
0
0
0
0
3
11
36
83
140
188
217
230
233
231
229
230
232
232
222
199
158
104
52
19
5
1
0
0
0
0
1
4
13
37
78
123
161
190
209
217
218
218
213
198
172
136
92
49
20
6
2
1
0
0
0
0
1
1
4
12
31
57
87
118
144
155
158
157
149
129
99
67
38
17
6
2
1
1
0
0
0
0
1
1
1
3
8
18
32
52
69
78
79
79
73
59
39
22
11
4
2
1
1
1
0
0
0
0
0
0
0
0
0
0
0
0
0
0
0
0
0
0
0
0
0
0
0
0
0
0
0
0
0
0
0
0
0
0
0
0
0
0
0
0
0
0
0
0
0
0
0
0
0
0
0
0
0
0
