23
37
0
0
0
0
0
0
0
0
0
0
0
0
0
0
0
0
0
0
0
0
0
0
0
0
0
0
0
0
0
0
0
0
0
0
0
0
0
0
0
0
0
0
0
0
0
0
0
0
4
16
38
55
63
64
64
64
64
64
64
64
64
64
63
57
40
18
5
0
0
0
0
10
38
88
130
146
149
149
149
149
149
149
149
149
149
147
132
92
41
11
0
0
0
0
15
58
132
192
214
217
216
215
215
215
215
215
215
215
212
190
133
59
15
0
0
0
0
17
67
151
216
235
228
219
215
214
214
214
214
214
214
210
188
131
59
15
0
0
0
0
19
72
157
218
222
190
160
148
145
145
145
145
145
145
143
127
89
39
10
0
0
0
0
22
77
163
215
199
137
85
64
60
59
59
59
59
59
58
52
36
16
4
0
0
0
0
24
83
169
214
185
107
44
19
15
14
13
13
13
13
13
12
9
4
1
0
0
0
0
28
90
174
214
177
95
31
8
4
3
3
2
2
2
2
2
1
1
1
0
0
0
0
31
96
179
213
171
88
28
8
4
4
3
3
2
1
1
1
1
1
1
0
0
0
0
35
103
184
213
166
82
28
13
13
14
13
10
6
3
1
1
1
1
0
0
0
0
0
38
109
189
212
162
83
42
42
51
55
53
43
27
14
6
2
1
1
1
0
0
0
0
42
116
194
213
167
107
90
109
130
137
133
115
84
52
25
9
2
1
1
0
0
0
0
46
122
199
220
190
158
162
187
205
211
208
194
165
123
74
33
10
2
1
0
0
0
0
50
129
205
233
222
209
210
218
223
226
229
231
222
194
143
82
34
9
2
0
0
0
0
54
135
210
239
234
214
193
177
169
171
185
209
229
231
202
144
76
26
6
0
0
0
0
57
137
205
225
204
163
121
91
79
82
102
142
190
225
230
195
126
55
15
0
0
0
0
52
118
171
175
138
89
50
28
21
22
36
71
126
188
228
223
169
89
29
0
0
0
0
32
72
101
96
66
33
13
5
3
4
9
26
69
138
205
230
198
120
46
0
0
0
0
12
27
37
33
20
8
3
1
1
1
3
9
35
96
176
225
213
144
63
0
0
0
0
3
6
8
7
4
2
1
1
1
1
2
4
19
69
151
216
220
160
75
0
0
0
0
1
2
2
2
2
1
1
1
0
1
1
3
13
54
134
208
222
168
82
0
0
0
0
1
2
3
2
2
1
1
1
0
1
1
2
11
49
127
203
222
171
85
0
0
0
0
7
12
13
10
5
2
1
1
1
1
1
2
12
51
130
205
222
170
84
0
0
0
0
26
47
53
40
19
5
1
1
1
1
1
3
15
60
141
211
221
164
78
0
0
0
0
60
108
125
97
48
14
3
1
1
1
2
5
23
77
159
219
216
151
68
0
0
0
0
88
159
188
155
85
30
7
2
1
2
3
11
40
106
184
226
205
131
53
0
0
0
0
92
174
217
195
126
57
19
7
3
4
9
27
74
146
210
227
185
104
37
0
0
0
0
78
160
218
220
172
105
54
26
17
18
32
67
126
191
227
214
152
73
22
0
0
0
0
53
126
196
228
213
169
119
82
65
67
90
134
186
223
224
181
108
43
10
0
0
0
0
28
81
152
208
229
218
191
164
150
152
170
200
224
224
191
129
62
19
4
0
0
0
0
11
40
94
156
202
223
226
221
216
216
222
225
216
185
131
71
26
6
1
0
0
0
0
3
14
42
88
136
174
200
212
215
214
208
190
158
114
66
27
8
2
1
0
0
0
0
1
4
13
33
62
94
124
143
148
147
137
113
80
48
22
7
2
1
1
0
0
0
0
0
0
0
0
0
0
0
0
0
0
0
0
0
0
0
0
0
0
0
0
0
0
0
0
0
0
0
0
0
0
0
0
0
0
0
0
0
0
0
0
0
0
0
0
