22
32
0
0
0
0
0
0
0
0
0
0
0
0
0
0
0
0
0
0
0
0
0
0
0
0
0
0
0
0
0
0
0
0
0
0
0
0
0
0
0
0
0
0
0
0
0
0
0
0
1
5
15
34
59
74
78
74
59
39
39
59
74
73
55
24
0
0
0
0
0
1
9
30
65
105
147
171
178
171
147
115
115
147
171
167
124
55
0
0
0
0
0
5
30
85
146
190
221
236
240
236
221
200
200
221
236
225
167
73
0
0
0
0
1
15
65
146
212
240
246
243
241
240
240
241
244
251
255
240
178
78
0
0
0
0
5
34
105
190
240
246
226
198
182
182
197
222
241
251
255
240
178
78
0
0
0
0
15
66
151
221
242
219
167
113
85
85
109
152
195
232
251
240
178
78
0
0
0
0
34
105
190
236
225
167
95
42
20
20
35
71
128
201
244
240
178
78
0
0
0
0
59
147
221
240
198
113
42
9
1
1
5
27
88
183
241
240
178
78
0
0
0
0
74
171
236
240
182
85
20
1
0
0
0
16
78
178
240
240
178
78
0
0
0
0
78
178
240
240
178
78
16
0
0
0
0
16
78
178
240
240
178
78
0
0
0
0
78
178
240
240
178
78
16
0
0
0
0
16
78
178
240
240
178
78
0
0
0
0
78
178
240
240
178
78
16
0
0
0
0
16
78
178
240
240
178
78
0
0
0
0
78
178
240
241
182
85
20
1
0
0
1
20
85
182
241
240
178
78
0
0
0
0
74
171
236
243
198
113
42
9
1
1
9
42
113
198
244
240
178
78
0
0
0
0
59
147
221
246
226
167
95
42
20
20
42
95
167
226
251
240
178
78
0
0
0
0
34
105
190
240
246
219
167
113
85
85
113
167
219
247
255
240
178
78
0
0
0
0
15
65
147
215
246
246
226
198
182
182
198
226
247
255
255
240
178
78
0
0
0
0
5
30
89
161
215
240
246
243
241
240
240
241
244
251
255
240
178
78
0
0
0
0
1
9
37
89
147
190
221
236
240
236
221
201
205
232
251
240
178
78
0
0
0
0
1
6
20
45
80
116
152
172
178
171
148
124
145
205
244
236
171
74
0
0
0
0
5
24
56
78
88
88
83
79
78
75
68
75
128
202
241
221
147
59
0
0
0
0
12
55
124
167
169
133
77
42
32
35
53
100
168
226
240
197
109
35
0
0
0
0
15
70
160
221
228
190
128
88
78
85
113
167
219
246
236
175
81
19
0
0
0
0
12
58
143
214
242
231
201
183
178
182
198
226
246
246
214
143
58
12
0
0
0
0
5
30
89
161
214
236
240
240
240
241
243
246
240
215
161
89
30
5
0
0
0
0
1
9
37
89
147
190
221
236
240
240
236
221
190
147
89
37
9
1
0
0
0
0
0
1
9
30
65
105
147
171
178
178
171
147
105
65
30
9
1
0
0
0
0
0
0
0
1
5
15
34
59
74
78
78
74
59
34
15
5
1
0
0
0
0
0
0
0
0
0
0
0
0
0
0
0
0
0
0
0
0
0
0
0
0
0
0
0
0
0
0
0
0
0
0
0
0
0
0
0
0
0
0
0
0
0
0
0
0
