22
31
0
0
0
0
0
0
0
0
0
0
0
0
0
0
0
0
0
0
0
0
0
0
0
0
0
0
0
0
0
0
0
0
0
0
0
0
0
0
0
0
0
0
0
0
0
0
0
1
5
15
34
59
74
85
102
116
109
115
147
171
167
124
55
12
0
0
0
0
1
9
30
65
105
147
171
182
193
202
197
200
221
236
225
167
73
15
0
0
0
0
5
30
85
146
190
221
236
240
240
240
241
244
251
255
240
178
78
16
0
0
0
0
15
65
146
212
240
246
243
237
225
215
226
241
251
255
240
178
78
16
0
0
0
0
34
105
190
241
250
232
201
176
154
140
157
191
226
247
240
182
85
20
0
0
0
0
59
147
221
250
241
195
128
85
63
54
70
110
170
226
240
197
109
35
0
0
0
0
74
171
236
250
222
152
71
26
13
10
16
45
114
198
240
221
147
59
0
0
0
0
78
178
240
244
197
109
35
5
0
0
1
20
85
182
240
236
171
74
0
0
0
0
78
178
240
241
182
85
20
1
0
0
0
16
78
178
240
240
178
78
0
0
0
0
78
178
240
240
178
78
16
0
0
0
0
16
78
178
240
240
178
78
0
0
0
0
78
178
240
240
178
78
16
0
0
0
0
16
78
178
240
240
178
78
0
0
0
0
78
178
240
240
178
78
16
0
0
0
1
20
85
182
241
240
178
78
0
0
0
0
78
178
240
241
182
85
20
1
0
1
9
42
113
198
244
240
178
78
0
0
0
0
74
171
236
243
198
113
42
9
2
9
37
94
167
226
251
240
178
78
0
0
0
0
59
147
221
246
226
167
95
42
24
42
94
163
219
247
255
240
178
78
0
0
0
0
34
105
190
240
246
219
167
113
91
113
167
219
247
255
255
241
182
85
0
0
0
0
15
65
146
212
240
242
225
198
185
198
225
242
244
245
251
243
197
109
0
0
0
0
5
30
85
146
190
221
236
240
240
240
236
221
201
205
232
246
221
147
0
0
0
0
1
9
30
65
105
151
190
221
232
221
190
152
124
145
205
243
232
165
0
0
0
0
0
2
10
27
49
81
116
152
166
147
106
74
75
128
202
241
221
147
0
0
0
0
0
5
24
56
78
88
88
83
76
64
49
56
100
168
226
240
197
109
0
0
0
0
0
12
55
124
167
169
133
77
44
46
71
110
167
219
246
236
175
81
0
0
0
0
0
15
70
160
221
228
190
128
95
109
151
191
226
246
246
214
143
58
0
0
0
0
0
12
58
143
214
242
231
201
186
197
222
240
246
240
215
161
89
30
0
0
0
0
0
5
30
89
161
214
236
240
240
240
240
236
221
190
147
89
37
9
0
0
0
0
0
1
9
37
89
147
190
221
232
221
197
175
147
105
65
30
9
1
0
0
0
0
0
0
1
9
30
65
105
147
165
147
109
81
59
34
15
5
1
0
0
0
0
0
0
0
0
0
0
0
0
0
0
0
0
0
0
0
0
0
0
0
0
0
0
0
0
0
0
0
0
0
0
0
0
0
0
0
0
0
0
0
0
0
0
0
