23
32
0
0
0
0
0
0
0
0
0
0
0
0
0
0
0
0
0
0
0
0
0
0
0
0
0
0
0
0
0
0
0
0
0
0
0
0
0
0
0
0
0
0
0
0
0
0
0
0
0
0
0
1
9
30
58
74
74
59
45
70
128
161
142
85
30
5
0
0
0
0
0
0
1
5
15
41
90
143
171
171
147
119
134
190
226
210
142
58
12
0
0
0
0
0
1
9
30
65
109
166
214
236
236
221
201
205
232
250
236
171
74
15
0
0
0
0
0
5
30
85
146
191
225
242
243
241
240
241
244
251
255
240
178
78
16
0
0
0
0
0
15
65
146
212
240
242
225
198
185
197
222
241
251
255
241
182
85
20
1
0
0
0
0
30
99
186
240
250
226
170
114
91
109
151
191
226
247
243
197
109
35
5
0
0
0
0
44
123
206
246
241
191
110
45
24
35
66
110
170
226
246
221
147
59
12
0
0
0
0
50
133
212
243
222
151
66
15
2
5
15
45
114
198
243
236
171
74
15
0
0
0
0
63
154
225
241
197
109
35
5
0
0
1
20
85
182
241
240
178
78
16
0
0
0
0
74
171
236
240
182
85
20
1
0
0
0
16
78
178
240
240
178
78
16
0
0
0
0
78
178
240
240
178
78
16
0
0
0
0
15
74
171
236
240
182
85
20
0
0
0
0
74
171
236
240
182
85
20
1
0
0
0
13
63
154
225
241
197
109
35
0
0
0
0
59
147
221
240
197
109
35
5
0
0
0
10
54
140
215
244
221
147
59
0
0
0
0
35
109
197
240
222
152
70
22
5
1
1
16
70
157
226
251
236
171
74
0
0
0
0
19
81
175
236
240
195
125
70
35
20
20
45
110
191
241
255
240
178
78
0
0
0
0
12
59
147
221
246
232
195
152
109
85
85
114
170
226
251
255
240
178
78
0
0
0
0
5
34
105
190
240
250
241
222
197
182
182
197
221
237
244
251
240
182
85
0
0
0
0
1
15
65
146
212
241
250
250
244
241
241
240
227
205
206
232
240
197
109
0
0
0
0
0
5
30
85
146
190
221
236
240
240
240
229
191
142
149
205
240
217
141
0
0
0
0
0
1
9
30
65
105
147
171
178
178
178
168
133
100
130
201
240
217
141
0
0
0
0
0
0
2
10
27
49
74
85
83
79
78
74
70
89
156
222
240
197
109
0
0
0
0
0
0
5
24
56
78
85
74
51
36
32
35
57
114
192
241
240
182
85
0
0
0
0
0
0
11
51
117
163
170
147
109
85
78
85
114
170
226
250
236
171
74
0
0
0
0
0
0
11
54
132
199
227
220
197
182
178
182
198
225
242
240
211
142
58
0
0
0
0
0
0
5
30
89
162
217
239
237
237
239
241
243
242
225
191
146
85
30
0
0
0
0
0
0
1
9
37
93
158
199
212
225
236
240
236
214
166
109
65
30
9
0
0
0
0
0
0
0
1
9
37
83
119
133
154
171
178
171
143
90
41
15
5
1
0
0
0
0
0
0
0
0
1
9
27
43
50
63
74
78
74
58
30
9
1
0
0
0
0
0
0
0
0
0
0
0
0
0
0
0
0
0
0
0
0
0
0
0
0
0
0
0
0
0
0
0
0
0
0
0
0
0
0
0
0
0
0
0
0
0
0
0
0
0
0
