24
32
0
0
0
0
0
0
0
0
0
0
0
0
0
0
0
0
0
0
0
0
0
0
0
0
0
0
0
0
0
0
0
0
0
0
0
0
0
0
0
0
0
0
0
0
0
0
0
0
0
0
0
0
0
1
5
12
17
25
35
42
57
96
140
145
102
47
13
2
0
0
0
0
0
0
0
1
2
10
31
58
77
92
108
120
138
176
214
214
163
83
26
4
0
0
0
0
0
0
2
6
18
44
91
143
173
186
197
204
213
232
248
241
191
104
35
6
1
0
0
0
0
0
9
31
67
113
167
214
236
241
241
240
244
251
255
245
200
118
47
11
2
0
0
0
0
0
30
82
143
191
225
242
244
238
226
216
226
242
252
247
213
142
68
21
4
0
0
0
0
0
54
132
202
237
243
227
202
179
156
142
164
205
239
250
231
174
93
30
5
0
0
0
0
0
69
156
224
246
228
178
123
86
65
58
89
153
217
248
242
195
111
39
7
1
0
0
0
0
84
171
231
241
201
124
57
24
14
15
45
115
196
243
247
211
135
57
14
2
0
0
0
0
107
190
238
234
179
93
29
5
1
4
26
87
170
230
249
230
169
86
26
4
0
0
0
0
123
202
242
232
174
87
25
3
0
2
14
57
135
211
247
241
191
103
33
5
0
0
0
0
119
200
242
238
186
100
32
5
0
1
7
39
114
199
245
245
199
114
39
7
0
0
0
0
115
198
244
243
195
109
38
7
1
0
5
33
103
191
241
247
211
135
57
14
0
0
0
0
113
197
243
245
201
120
49
13
2
0
4
27
89
174
232
250
230
169
86
26
0
0
0
0
98
179
234
245
215
149
81
29
6
1
5
27
82
162
225
250
241
191
103
33
0
0
0
0
65
143
215
245
236
193
128
57
16
8
24
59
117
185
234
252
245
199
114
39
0
0
0
0
40
113
197
243
249
226
174
101
49
43
78
129
183
225
248
255
248
210
134
56
0
0
0
0
27
90
175
230
248
243
214
164
120
119
159
203
233
249
254
255
252
228
164
80
0
0
0
0
17
62
130
188
227
244
241
222
201
202
224
242
248
247
248
253
253
236
180
93
0
0
0
0
7
27
65
117
176
224
245
246
243
244
246
238
222
208
217
239
251
238
187
104
0
0
0
0
2
6
20
52
111
174
212
224
231
234
220
188
151
132
158
212
245
241
197
117
0
0
0
0
0
1
3
16
52
102
143
162
175
173
148
104
68
64
114
193
241
242
197
114
0
0
0
0
0
0
1
7
25
54
89
115
121
101
72
46
36
58
122
201
244
240
186
95
0
0
0
0
0
1
4
19
48
81
117
148
142
100
67
68
84
117
172
225
249
234
171
78
0
0
0
0
0
1
8
40
96
151
190
213
200
159
135
152
176
199
224
243
242
214
147
62
0
0
0
0
0
1
9
40
102
169
219
243
240
221
211
223
237
244
247
235
204
158
97
37
0
0
0
0
0
1
4
20
61
123
188
229
240
242
244
246
243
241
231
197
136
80
40
13
0
0
0
0
0
1
1
5
22
64
125
173
193
209
224
219
197
182
169
133
72
28
8
3
0
0
0
0
0
0
0
1
5
23
58
89
105
129
152
144
109
85
74
56
26
6
1
0
0
0
0
0
0
0
0
0
0
0
0
0
0
0
0
0
0
0
0
0
0
0
0
0
0
0
0
0
0
0
0
0
0
0
0
0
0
0
0
0
0
0
0
0
0
0
0
0
0
0
