23
31
0
0
0
0
0
0
0
0
0
0
0
0
0
0
0
0
0
0
0
0
0
0
0
0
0
0
0
0
0
0
0
0
0
0
0
0
0
0
0
0
0
0
0
0
0
0
0
0
0
0
1
9
30
65
105
147
165
147
105
66
39
39
59
74
73
55
24
0
0
0
0
0
0
5
30
85
146
190
221
232
221
190
151
115
115
147
171
167
124
55
0
0
0
0
0
1
15
65
146
212
240
246
243
241
236
221
200
200
221
236
225
167
73
0
0
0
0
0
5
34
105
190
240
246
226
201
200
221
236
241
244
251
255
240
178
78
0
0
0
0
5
22
70
151
217
236
215
166
119
115
151
191
226
247
255
255
240
178
78
0
0
0
0
24
65
124
190
217
194
148
90
45
39
66
110
170
226
251
255
236
171
74
0
0
0
0
55
128
190
221
197
128
70
30
10
6
15
45
114
198
244
251
221
147
59
0
0
0
0
73
168
229
236
182
88
27
5
1
0
1
20
85
182
241
244
197
109
35
0
0
0
0
78
178
240
240
178
78
16
0
0
0
0
16
78
178
240
241
182
85
20
0
0
0
0
78
178
240
240
178
78
16
0
0
0
0
16
78
178
240
240
178
78
16
0
0
0
0
78
178
240
240
178
78
16
0
0
0
0
16
78
178
240
240
178
78
16
0
0
0
0
78
178
240
241
182
85
20
1
0
0
0
16
78
178
240
240
178
78
16
0
0
0
0
74
171
236
243
198
113
42
9
1
0
1
20
85
182
241
240
178
78
16
0
0
0
0
59
147
221
246
226
167
95
41
15
6
10
42
113
198
244
240
178
78
16
0
0
0
0
34
105
190
240
246
219
167
109
66
39
45
95
167
226
251
240
178
78
16
0
0
0
0
15
66
151
222
250
247
226
191
151
115
119
167
219
247
255
240
178
78
16
0
0
0
0
5
34
104
186
234
250
250
241
222
200
201
226
247
255
255
236
171
74
15
0
0
0
0
1
15
61
131
186
221
236
240
239
236
234
241
250
255
251
221
147
59
12
0
0
0
0
5
16
39
76
115
152
172
182
193
202
198
205
232
251
244
197
109
35
5
0
0
0
0
24
56
78
88
88
83
79
85
102
117
117
145
205
244
237
175
81
19
1
0
0
0
0
55
124
167
169
133
77
42
35
43
54
72
128
202
241
221
147
59
12
0
0
0
0
0
70
160
221
228
190
128
88
75
67
67
102
168
226
240
197
109
35
5
0
0
0
0
0
58
143
214
242
231
201
183
171
154
143
173
219
246
236
175
81
19
1
0
0
0
0
0
30
89
161
214
236
240
240
236
225
216
229
246
246
214
143
58
12
0
0
0
0
0
0
9
37
89
147
190
221
236
240
241
243
246
240
215
161
89
30
5
0
0
0
0
0
0
1
9
30
65
105
147
171
182
197
217
217
190
147
89
37
9
1
0
0
0
0
0
0
0
1
5
15
34
59
74
85
109
141
141
105
65
30
9
1
0
0
0
0
0
0
0
0
0
0
0
0
0
0
0
0
0
0
0
0
0
0
0
0
0
0
0
0
0
0
0
0
0
0
0
0
0
0
0
0
0
0
0
0
0
0
0
0
0
0
0
