23
31
0
0
0
0
0
0
0
0
0
0
0
0
0
0
0
0
0
0
0
0
0
0
0
0
0
0
0
0
0
0
0
0
0
0
0
0
0
0
0
0
0
0
0
0
0
0
0
0
0
0
0
1
9
30
65
105
147
165
147
105
66
39
35
41
31
19
12
0
0
0
0
0
1
5
15
41
90
147
190
221
232
221
190
151
115
109
116
102
80
55
0
0
0
0
0
5
24
61
108
166
214
236
241
243
246
240
222
200
197
202
192
167
117
0
0
0
0
1
15
61
131
187
225
239
225
201
200
222
240
246
244
244
246
239
207
136
0
0
0
0
5
34
104
186
233
242
218
167
119
115
151
190
222
241
251
255
244
197
109
0
0
0
0
12
59
147
221
246
226
167
95
45
39
66
105
152
195
232
251
241
182
85
0
0
0
0
19
81
175
237
243
198
113
42
10
6
15
34
71
128
201
244
240
178
78
0
0
0
0
35
109
197
243
237
175
81
19
1
0
1
6
30
95
186
241
240
178
78
0
0
0
0
59
147
221
246
221
147
59
12
0
0
0
5
35
109
197
243
236
171
74
0
0
0
0
74
171
236
243
197
109
35
5
0
0
0
12
59
147
221
246
221
147
59
0
0
0
0
78
178
240
241
182
85
20
1
0
0
0
15
74
171
236
243
197
109
35
0
0
0
0
74
171
236
240
182
85
20
1
0
0
0
16
78
178
240
241
182
85
20
0
0
0
0
63
154
225
241
198
113
42
9
1
0
1
20
85
182
241
240
178
78
16
0
0
0
0
50
133
212
243
226
167
95
41
16
10
16
45
114
198
243
236
171
74
15
0
0
0
0
43
119
199
242
246
219
167
109
70
54
70
110
170
226
246
221
147
59
12
0
0
0
0
27
84
162
225
250
247
226
191
157
140
157
191
226
247
243
197
109
35
5
0
0
0
0
9
41
108
187
234
250
250
241
226
215
226
241
251
255
241
182
85
20
1
0
0
0
0
6
26
71
136
187
221
236
240
240
240
241
244
251
255
240
178
78
16
0
0
0
0
0
30
59
78
91
113
148
171
182
193
202
198
205
232
251
240
178
78
16
0
0
0
0
0
85
137
141
100
64
64
74
85
103
121
124
149
206
244
236
171
74
15
0
0
0
0
0
136
202
206
148
74
38
31
36
51
75
100
143
205
237
214
143
58
12
0
0
0
0
0
137
210
231
194
128
88
78
79
88
115
156
196
227
221
166
90
30
5
0
0
0
0
0
89
162
214
224
200
183
178
178
182
197
222
240
236
190
109
41
9
1
0
0
0
0
0
37
93
162
214
236
240
240
240
241
244
250
246
215
147
65
15
1
0
0
0
0
0
0
9
37
93
162
214
236
241
243
246
243
237
214
161
89
30
5
0
0
0
0
0
0
0
1
9
37
89
143
171
182
193
202
193
175
143
89
37
9
1
0
0
0
0
0
0
0
0
1
9
30
58
74
85
102
116
102
81
58
30
9
1
0
0
0
0
0
0
0
0
0
0
0
0
0
0
0
0
0
0
0
0
0
0
0
0
0
0
0
0
0
0
0
0
0
0
0
0
0
0
0
0
0
0
0
0
0
0
0
0
0
0
0
0
