25
31
0
0
0
0
0
0
0
0
0
0
0
0
0
0
0
0
0
0
0
0
0
0
0
0
0
0
0
0
0
0
0
0
0
0
0
0
0
0
0
0
0
0
0
0
0
0
0
0
0
0
0
0
0
0
1
1
4
10
18
36
62
79
80
78
74
59
32
14
9
9
5
1
0
0
0
0
0
0
0
1
6
23
49
75
107
146
172
177
177
171
145
98
61
49
47
32
19
12
0
0
0
0
0
1
3
19
62
119
162
192
218
234
238
239
236
217
179
144
131
127
104
77
50
0
0
0
0
0
1
8
39
107
181
224
241
247
247
243
242
243
244
233
217
211
208
191
157
102
0
0
0
0
1
4
21
71
150
218
246
246
236
220
199
188
199
225
244
248
248
248
236
195
118
0
0
0
0
2
13
49
115
190
236
241
218
186
153
116
96
115
169
220
247
254
255
245
199
112
0
0
0
0
5
28
87
166
225
244
224
169
111
72
43
28
46
103
177
231
252
255
241
191
103
0
0
0
0
8
43
115
197
242
246
209
132
59
23
9
4
14
59
137
213
248
252
230
169
86
0
0
0
0
16
59
134
209
247
242
194
109
37
7
1
1
7
40
116
201
245
248
211
135
57
0
0
0
0
26
80
156
220
246
230
170
87
26
4
0
1
7
40
115
200
245
245
199
114
39
0
0
0
0
31
94
176
232
245
212
137
58
14
2
0
2
14
57
135
211
247
241
191
103
33
0
0
0
0
30
96
183
238
245
206
126
47
9
1
0
4
26
86
169
230
249
230
169
86
26
0
0
0
0
32
100
187
239
248
216
140
56
12
1
0
5
33
103
191
241
247
211
135
57
14
0
0
0
0
35
105
188
239
251
228
164
77
21
5
8
18
48
117
200
244
242
194
109
38
7
0
0
0
0
27
84
163
222
247
238
191
113
50
32
46
68
98
152
214
244
230
169
86
26
4
0
0
0
0
12
47
110
181
231
245
223
171
118
103
126
158
182
209
237
244
211
135
57
14
2
0
0
0
0
3
16
56
126
202
243
246
226
200
192
207
227
238
245
252
244
199
114
39
7
1
0
0
0
0
11
18
38
91
167
220
238
239
239
238
239
245
252
255
255
241
191
103
33
5
0
0
0
0
0
47
69
82
101
133
162
179
196
216
218
210
220
241
253
252
230
169
86
26
4
0
0
0
0
0
106
155
170
155
125
98
90
109
138
144
142
174
222
249
247
210
134
57
14
2
0
0
0
0
0
144
211
230
208
153
92
51
43
60
75
96
152
216
248
243
194
108
37
6
1
0
0
0
0
0
150
220
246
234
194
140
85
49
50
78
120
176
226
247
232
175
89
26
4
0
0
0
0
0
0
118
187
228
241
231
205
161
119
117
150
189
222
241
236
199
136
63
17
2
0
0
0
0
0
0
63
121
180
227
246
243
224
202
201
220
239
247
241
205
142
78
30
7
1
0
0
0
0
0
0
20
54
115
188
229
240
240
240
241
241
241
238
215
159
85
32
8
2
1
0
0
0
0
0
0
3
18
63
128
168
182
197
218
222
205
191
181
153
98
41
10
1
1
0
0
0
0
0
0
0
0
5
24
55
73
85
109
143
148
122
99
89
70
39
14
3
1
0
0
0
0
0
0
0
0
0
0
0
0
0
0
0
0
0
0
0
0
0
0
0
0
0
0
0
0
0
0
0
0
0
0
0
0
0
0
0
0
0
0
0
0
0
0
0
0
0
0
0
0
0
0
0
0
