31
35
0
0
0
0
0
0
0
0
0
0
0
0
0
0
0
0
0
0
0
0
0
0
0
0
0
0
0
0
0
0
0
0
0
0
0
0
0
0
0
0
0
0
0
0
0
0
0
0
0
0
0
0
0
0
0
0
0
0
0
0
0
0
0
0
0
0
0
0
0
1
1
2
7
27
71
118
144
147
130
89
40
11
2
1
1
0
0
0
0
0
0
0
0
0
0
0
0
0
0
1
1
1
3
14
51
118
182
213
217
198
146
74
23
5
2
1
1
0
0
0
0
0
0
0
0
0
0
0
0
0
1
1
2
6
24
77
157
218
243
246
232
185
107
40
10
2
1
1
0
0
0
0
0
0
0
0
0
0
0
0
0
1
1
3
10
40
107
187
236
251
252
245
211
140
63
18
4
1
1
1
0
0
0
0
0
0
0
0
0
0
0
1
1
1
4
17
60
137
209
244
250
250
249
229
172
92
32
8
2
1
1
0
0
0
0
0
0
0
0
0
0
0
1
1
2
7
29
86
167
225
241
234
232
241
239
200
125
52
14
3
1
1
1
0
0
0
0
0
0
0
0
0
1
1
1
3
12
46
117
193
233
225
195
188
216
238
220
157
77
24
5
2
1
1
0
0
0
0
0
0
0
0
0
1
1
2
5
20
68
147
214
232
198
143
131
179
228
232
185
106
40
10
2
1
1
1
0
0
0
0
0
0
0
0
1
1
2
8
33
95
175
226
222
165
96
82
140
209
236
209
139
63
18
4
1
1
1
0
0
0
0
0
0
0
1
1
1
3
14
52
126
200
230
203
131
60
47
102
182
230
226
171
92
31
7
2
1
1
0
0
0
0
0
0
0
1
1
1
5
24
77
157
218
226
178
98
35
25
69
149
215
233
198
123
50
13
3
1
1
1
0
0
0
0
0
0
1
1
2
9
40
107
186
228
213
148
69
20
12
44
114
191
231
217
154
75
23
5
1
1
1
0
0
0
0
0
1
1
1
3
17
62
140
209
229
192
115
45
11
6
25
81
161
220
229
184
105
38
9
2
1
1
0
0
0
0
0
1
1
1
6
29
89
170
223
220
163
83
27
5
3
13
53
128
201
232
207
137
60
16
3
1
1
1
0
0
0
0
1
1
2
11
47
119
195
228
202
130
55
14
3
2
7
32
94
174
225
223
168
88
29
6
2
1
1
0
0
0
0
1
1
4
21
71
150
214
224
176
97
34
8
3
3
4
19
65
142
210
231
196
121
49
12
2
1
1
0
0
0
0
1
2
8
35
100
180
227
216
155
82
37
22
20
20
21
28
58
122
194
232
218
155
75
23
5
1
1
0
0
0
0
1
3
14
55
131
205
236
217
165
113
87
81
80
80
81
83
99
140
197
234
233
185
106
39
9
2
1
0
0
0
0
1
5
26
81
162
224
245
235
209
186
176
174
174
174
174
175
180
197
224
244
243
210
139
62
17
3
1
0
0
0
0
2
10
43
113
191
237
248
244
236
230
228
228
228
228
228
228
229
233
240
247
248
228
171
91
31
7
2
0
0
0
0
4
18
65
144
213
240
234
220
212
209
209
209
209
209
209
209
209
210
214
226
240
238
199
125
51
13
3
0
0
0
0
7
31
92
173
226
230
196
158
137
131
131
130
130
130
130
131
131
132
142
172
213
237
220
157
77
24
5
0
0
0
0
13
50
123
198
232
210
148
88
58
52
51
51
51
51
51
51
51
53
66
109
176
227
232
186
107
40
10
0
0
0
0
22
74
154
218
230
187
110
46
19
14
13
13
13
13
13
13
13
14
26
67
142
211
236
210
141
64
18
0
0
0
0
36
101
181
229
220
160
80
26
7
4
3
3
3
3
3
3
3
4
11
42
109
188
232
227
173
94
32
0
0
0
0
57
133
205
231
202
128
54
15
3
2
1
1
1
1
1
1
1
2
6
25
79
159
221
235
200
125
52
0
0
0
0
83
164
222
226
176
96
34
7
2
1
1
0
0
0
0
0
1
1
3
14
54
129
202
236
219
156
76
0
0
0
0
109
188
230
214
148
68
19
4
1
1
1
0
0
0
0
0
1
1
2
7
34
98
177
228
230
183
104
0
0
0
0
127
200
226
193
118
47
11
2
1
1
0
0
0
0
0
0
1
1
1
4
20
69
146
210
230
199
125
0
0
0
0
124
185
197
157
86
29
6
1
1
1
0
0
0
0
0
0
0
1
1
2
11
43
108
174
204
186
124
0
0
0
0
88
128
132
99
49
15
3
1
1
1
0
0
0
0
0
0
0
1
1
1
5
23
64
112
138
129
88
0
0
0
0
0
0
0
0
0
0
0
0
0
0
0
0
0
0
0
0
0
0
0
0
0
0
0
0
0
0
0
0
0
0
0
0
0
0
0
0
0
0
0
0
0
0
0
0
0
0
0
0
0
0
0
0
0
0
0
0
0
0
0
0
