36
42
0
0
0
0
0
0
0
0
0
0
0
0
0
0
0
0
0
0
0
0
0
0
0
0
0
0
0
0
0
0
0
0
0
0
0
0
0
0
0
0
0
0
0
0
0
0
0
0
0
0
0
0
0
0
0
0
0
0
0
0
0
0
0
0
0
0
0
0
0
0
0
0
0
0
0
0
0
0
0
0
1
1
1
3
10
34
78
123
149
157
152
131
89
43
14
4
1
1
1
0
0
0
0
0
0
0
0
0
0
0
0
0
0
0
0
1
1
1
2
5
19
58
122
180
210
218
214
191
139
73
26
7
2
1
1
1
0
0
0
0
0
0
0
0
0
0
0
0
0
0
0
1
1
1
3
9
31
84
156
214
239
245
242
224
175
103
42
12
4
2
1
1
0
0
0
0
0
0
0
0
0
0
0
0
0
0
0
1
1
2
4
15
49
112
184
231
249
252
250
239
200
132
63
21
6
2
1
1
1
0
0
0
0
0
0
0
0
0
0
0
0
0
1
1
1
2
6
24
69
141
207
242
252
253
253
246
219
161
89
34
10
3
1
1
1
0
0
0
0
0
0
0
0
0
0
0
0
1
1
1
1
3
10
36
93
167
223
247
250
249
250
249
234
189
118
53
17
5
2
1
1
1
0
0
0
0
0
0
0
0
0
0
0
1
1
1
2
5
17
54
120
190
234
245
237
231
235
245
242
211
148
77
28
8
3
1
1
1
0
0
0
0
0
0
0
0
0
0
0
1
1
2
3
8
27
77
148
211
240
234
208
190
202
230
244
227
176
103
43
13
4
2
1
1
1
0
0
0
0
0
0
0
0
0
0
1
1
2
4
12
42
103
175
226
239
215
166
136
157
207
239
237
199
131
62
20
6
2
1
1
1
0
0
0
0
0
0
0
0
0
1
1
1
2
5
19
60
129
197
235
232
190
125
88
114
178
228
241
218
160
88
33
9
3
2
1
1
0
0
0
0
0
0
0
0
0
1
1
1
3
8
30
83
155
215
237
219
162
91
53
78
147
211
240
231
187
117
52
16
4
2
1
1
1
0
0
0
0
0
0
0
0
1
1
2
4
14
47
111
182
228
234
199
131
62
30
51
114
186
231
239
209
147
75
26
7
2
1
1
1
0
0
0
0
0
0
0
1
1
1
2
6
22
68
139
204
235
225
175
101
41
16
31
83
157
216
240
225
174
102
41
11
3
2
1
1
0
0
0
0
0
0
0
1
1
1
3
10
36
94
167
221
236
210
148
75
25
8
17
57
125
195
234
235
198
130
60
19
5
2
1
1
1
0
0
0
0
0
0
1
1
2
4
16
55
123
192
232
231
189
119
52
15
4
9
36
95
169
222
239
216
159
85
31
8
2
1
1
1
0
0
0
0
0
1
1
1
2
7
27
78
152
212
236
218
162
89
33
8
3
5
22
67
139
204
236
230
185
114
48
14
3
1
1
1
0
0
0
0
0
1
1
1
3
11
42
103
177
226
233
199
133
63
20
5
2
3
12
45
108
180
228
236
206
142
70
23
6
2
1
1
1
0
0
0
0
1
1
2
5
19
61
131
199
233
224
174
102
41
11
3
2
2
7
28
79
152
212
237
223
170
97
38
10
3
1
1
1
0
0
0
0
1
1
2
8
32
86
160
217
234
207
145
74
25
6
2
2
2
4
16
54
121
190
231
233
196
128
59
19
5
2
1
1
0
0
0
0
1
1
3
14
50
114
186
229
230
188
120
57
23
12
10
10
10
11
17
42
97
168
221
238
216
158
85
32
8
2
1
1
0
0
0
0
1
2
6
24
71
142
208
238
227
182
122
75
54
49
48
48
48
48
51
65
104
163
215
240
231
185
114
50
15
4
1
1
0
0
0
0
1
3
10
37
95
169
224
244
234
202
164
138
128
126
126
126
126
126
127
133
153
189
225
245
241
208
143
72
25
6
2
1
0
0
0
0
2
4
18
57
124
193
236
249
245
232
217
208
205
205
205
205
205
205
205
207
214
227
242
250
248
225
172
99
40
11
3
1
0
0
0
0
2
7
29
81
154
215
244
250
248
244
240
238
238
238
238
238
238
238
238
238
239
242
246
250
250
238
198
130
62
20
5
2
0
0
0
0
3
12
44
107
180
229
245
239
228
220
217
216
216
216
216
216
216
216
216
216
216
218
223
234
244
244
218
160
88
33
9
2
0
0
0
0
5
21
64
134
201
237
236
210
179
158
150
149
149
149
149
149
149
149
149
149
149
153
166
194
225
242
232
187
116
51
15
4
0
0
0
0
9
34
89
162
219
239
219
170
117
85
74
72
72
71
71
71
71
71
71
72
72
77
97
141
197
234
239
209
145
73
25
6
0
0
0
0
15
51
117
187
231
236
199
133
70
35
25
23
23
22
22
22
22
22
22
23
24
28
48
98
167
222
242
225
173
101
41
12
0
0
0
0
24
72
144
208
238
227
178
104
44
15
8
7
6
6
6
6
6
6
6
6
7
10
25
69
139
205
238
236
198
131
62
20
0
0
0
0
38
96
170
223
238
213
152
79
29
8
4
3
2
2
2
2
2
2
2
2
3
5
15
48
111
183
230
241
218
162
89
34
0
0
0
0
57
125
194
233
233
192
123
56
17
5
2
1
1
1
1
1
1
1
1
1
1
3
8
31
83
156
215
241
232
188
117
51
0
0
0
0
81
154
214
238
221
167
93
36
10
3
1
1
1
0
0
0
0
0
0
1
1
2
5
18
59
128
197
236
240
208
145
73
0
0
0
0
105
179
227
236
205
140
68
22
6
2
1
1
1
0
0
0
0
0
0
1
1
1
3
11
41
101
174
225
241
224
171
98
0
0
0
0
126
197
233
229
185
113
48
14
3
1
1
1
0
0
0
0
0
0
0
1
1
1
2
6
26
75
147
208
237
233
193
123
0
0
0
0
140
204
230
214
160
88
32
8
2
1
1
1
0
0
0
0
0
0
0
0
1
1
1
4
15
52
116
184
226
232
203
139
0
0
0
0
133
188
205
182
126
62
20
5
2
1
1
1
0
0
0
0
0
0
0
0
1
1
1
2
9
33
85
149
195
209
188
133
0
0
0
0
98
137
146
125
82
37
11
3
1
1
1
0
0
0
0
0
0
0
0
0
1
1
1
1
4
18
52
98
136
150
137
98
0
0
0
0
50
69
73
61
38
16
4
1
1
1
1
0
0
0
0
0
0
0
0
0
0
1
1
1
2
8
23
47
67
75
69
50
0
0
0
0
0
0
0
0
0
0
0
0
0
0
0
0
0
0
0
0
0
0
0
0
0
0
0
0
0
0
0
0
0
0
0
0
0
0
0
0
0
0
0
0
0
0
0
0
0
0
0
0
0
0
0
0
0
0
0
0
0
0
0
0
0
0
0
0
0
0
0
0
0
0
