36
36
0
0
0
0
0
0
0
0
0
0
0
0
0
0
0
0
0
0
0
0
0
0
0
0
0
0
0
0
0
0
0
0
0
0
0
0
0
0
0
0
0
0
0
0
0
0
0
0
0
0
0
0
0
0
0
0
0
0
0
0
0
0
0
0
0
0
0
0
0
0
0
0
0
0
0
0
0
0
0
0
1
1
1
3
11
34
75
117
141
148
144
124
86
42
14
4
1
1
1
0
0
0
0
0
0
0
0
0
0
0
0
0
0
0
0
1
1
1
2
6
21
62
125
181
209
216
212
190
141
77
29
8
3
1
1
1
0
0
0
0
0
0
0
0
0
0
0
0
0
0
0
1
1
2
3
11
38
94
165
218
241
245
243
227
182
113
50
16
4
2
1
1
0
0
0
0
0
0
0
0
0
0
0
0
0
0
1
1
1
2
5
20
60
128
196
236
250
252
251
242
210
148
77
29
8
3
1
1
1
0
0
0
0
0
0
0
0
0
0
0
0
1
1
1
1
3
9
33
87
160
218
245
249
248
249
248
229
181
111
49
15
5
2
1
1
1
0
0
0
0
0
0
0
0
0
0
0
1
1
1
2
5
17
54
119
188
232
243
235
227
233
243
240
209
146
76
28
8
3
1
1
1
0
0
0
0
0
0
0
0
0
0
0
1
1
2
3
8
30
81
152
212
238
230
200
180
194
225
242
228
178
108
46
14
4
2
1
1
1
0
0
0
0
0
0
0
0
0
1
1
1
2
4
15
49
112
183
229
236
205
152
120
142
196
235
238
205
141
72
25
7
2
1
1
1
0
0
0
0
0
0
0
0
0
1
1
1
3
7
26
73
144
207
236
224
174
106
70
95
160
218
240
225
175
104
44
13
4
2
1
1
1
0
0
0
0
0
0
0
0
1
1
2
4
13
44
104
175
224
234
203
138
70
37
58
122
191
233
236
203
140
70
24
6
2
1
1
1
0
0
0
0
0
0
0
1
1
1
2
6
23
68
138
202
234
224
175
103
42
18
33
85
157
215
238
224
173
101
41
12
3
2
1
1
1
0
0
0
0
0
0
1
1
1
3
11
40
99
171
222
234
206
143
71
24
8
17
54
120
190
231
235
200
135
66
22
6
2
1
1
1
0
0
0
0
0
1
1
1
2
5
21
64
134
199
233
225
178
108
45
13
4
8
32
85
157
215
237
221
169
97
38
11
3
1
1
1
0
0
0
0
0
1
1
1
3
10
36
93
166
220
234
206
145
74
26
6
2
4
17
55
121
189
230
233
197
131
62
20
5
2
1
1
1
0
0
0
0
1
1
2
5
18
58
126
194
231
225
178
109
47
14
3
2
2
8
32
86
157
214
236
219
164
92
36
10
3
1
1
1
0
0
0
0
1
1
2
9
33
87
159
216
233
207
146
76
28
8
4
3
4
6
19
57
123
190
230
232
195
128
61
20
5
2
1
1
0
0
0
0
1
1
4
17
55
120
190
230
230
189
125
66
34
24
23
22
22
23
29
52
103
170
221
238
218
163
92
36
10
3
1
1
0
0
0
0
1
2
8
30
81
153
214
240
230
192
142
104
87
83
82
82
82
83
85
96
127
176
221
242
235
194
126
60
19
5
2
1
0
0
0
0
1
4
15
50
113
184
231
247
241
220
196
179
173
172
172
172
172
172
173
176
189
212
235
248
245
218
161
89
35
9
2
1
0
0
0
0
2
7
27
77
148
210
241
248
244
237
229
225
224
224
224
224
224
224
224
225
228
234
242
248
249
234
192
124
58
19
5
2
0
0
0
0
3
13
46
108
179
228
242
235
221
211
207
206
205
205
205
205
205
205
205
205
206
208
215
228
241
242
217
160
89
34
9
3
0
0
0
0
6
24
70
141
205
236
231
200
164
141
132
131
130
130
130
130
130
130
130
131
131
135
150
181
218
240
233
191
123
56
18
4
0
0
0
0
12
42
101
173
224
237
210
154
98
66
55
54
53
53
53
53
53
53
53
53
54
58
78
124
184
228
240
215
157
85
32
9
0
0
0
0
21
65
134
200
235
230
185
115
55
25
16
15
15
14
14
14
14
14
14
15
15
18
35
81
149
210
239
231
188
120
55
18
0
0
0
0
36
93
166
220
237
214
155
83
32
10
5
4
4
4
4
4
4
4
4
4
4
6
17
52
115
185
230
240
214
156
85
32
0
0
0
0
59
126
194
233
231
190
121
56
18
5
2
2
1
1
1
1
1
1
1
1
2
3
9
31
83
154
214
240
231
188
118
53
0
0
0
0
87
160
217
237
216
160
87
33
9
3
1
1
1
1
1
1
1
1
1
1
1
2
4
17
55
122
190
232
239
211
151
79
0
0
0
0
115
186
229
232
195
127
59
19
5
2
1
1
1
0
0
0
0
0
0
1
1
1
3
9
34
89
161
216
239
227
180
109
0
0
0
0
133
199
229
217
167
96
38
10
3
1
1
1
0
0
0
0
0
0
0
1
1
1
2
5
19
60
126
191
228
230
197
131
0
0
0
0
130
184
203
182
129
66
22
5
2
1
1
1
0
0
0
0
0
0
0
0
1
1
1
3
10
36
88
151
194
206
184
129
0
0
0
0
93
129
138
119
79
36
11
3
1
1
1
0
0
0
0
0
0
0
0
0
1
1
1
2
5
18
50
94
129
142
129
93
0
0
0
0
42
58
62
52
33
14
4
1
1
1
1
0
0
0
0
0
0
0
0
0
0
1
1
1
2
7
20
40
57
64
59
42
0
0
0
0
0
0
0
0
0
0
0
0
0
0
0
0
0
0
0
0
0
0
0
0
0
0
0
0
0
0
0
0
0
0
0
0
0
0
0
0
0
0
0
0
0
0
0
0
0
0
0
0
0
0
0
0
0
0
0
0
0
0
0
0
0
0
0
0
0
0
0
0
0
0
