36
47
0
0
0
0
0
0
0
0
0
0
0
0
0
0
0
0
0
0
0
0
0
0
0
0
0
0
0
0
0
0
0
0
0
0
0
0
0
0
0
0
0
0
0
0
0
0
0
0
0
0
0
0
0
0
0
0
0
0
0
0
0
0
0
0
0
0
0
0
0
0
0
0
0
0
0
0
0
0
0
0
1
1
1
2
6
21
49
81
101
107
102
86
56
25
7
2
1
1
1
0
0
0
0
0
0
0
0
0
0
0
0
0
0
0
0
0
1
1
1
3
12
40
91
142
171
180
174
151
104
50
16
4
2
1
1
0
0
0
0
0
0
0
0
0
0
0
0
0
0
0
0
0
1
1
2
5
20
62
129
190
221
229
224
201
147
78
28
7
3
1
1
1
0
0
0
0
0
0
0
0
0
0
0
0
0
0
0
1
1
1
3
9
31
85
158
216
242
248
245
227
178
104
42
12
4
2
1
1
0
0
0
0
0
0
0
0
0
0
0
0
0
0
0
1
1
2
4
14
46
110
183
231
249
252
250
238
199
130
60
19
5
2
1
1
0
0
0
0
0
0
0
0
0
0
0
0
0
0
1
1
1
2
6
21
65
136
203
241
252
253
253
245
216
156
83
30
8
3
1
1
1
0
0
0
0
0
0
0
0
0
0
0
0
0
1
1
1
3
8
31
85
159
219
246
252
252
253
250
231
181
109
46
14
4
2
1
1
0
0
0
0
0
0
0
0
0
0
0
0
1
1
1
2
4
13
45
108
181
230
247
246
243
246
249
240
203
136
66
22
6
2
1
1
1
0
0
0
0
0
0
0
0
0
0
0
1
1
1
2
6
21
64
133
201
238
242
227
217
224
240
244
220
162
89
33
9
3
1
1
1
0
0
0
0
0
0
0
0
0
0
0
1
1
2
3
9
32
86
159
218
241
229
194
172
188
223
243
232
185
113
48
14
4
2
1
1
1
0
0
0
0
0
0
0
0
0
1
1
1
2
4
13
45
109
182
230
239
210
155
122
145
200
238
239
204
138
67
22
6
2
1
1
1
0
0
0
0
0
0
0
0
0
1
1
1
2
5
20
62
132
200
236
232
187
120
81
108
174
227
242
220
163
91
34
9
3
2
1
1
0
0
0
0
0
0
0
0
0
1
1
2
3
8
30
83
156
216
238
219
162
90
52
77
146
211
240
232
188
117
51
15
4
2
1
1
1
0
0
0
0
0
0
0
0
1
1
2
4
13
45
108
180
228
235
202
134
64
31
52
117
190
233
239
208
144
73
25
6
2
1
1
1
0
0
0
0
0
0
0
1
1
1
2
5
20
63
134
201
235
228
181
107
44
18
33
89
164
221
241
223
170
96
37
10
3
2
1
1
0
0
0
0
0
0
0
1
1
1
2
8
30
84
158
217
237
217
158
83
29
9
20
64
136
203
237
233
191
120
52
15
4
2
1
1
1
0
0
0
0
0
0
1
1
1
3
13
45
110
182
228
234
200
132
61
19
5
12
44
108
181
229
238
209
146
73
25
6
2
1
1
1
0
0
0
0
0
0
1
1
2
5
20
65
136
203
235
226
178
105
43
11
3
7
29
82
156
215
239
224
172
98
38
10
3
1
1
1
0
0
0
0
0
1
1
1
2
8
31
86
161
218
237
213
153
80
28
7
2
4
18
59
129
197
235
233
193
123
55
16
4
2
1
1
0
0
0
0
0
1
1
1
3
12
45
109
183
229
232
194
126
57
17
4
2
3
10
40
101
175
225
238
211
149
75
25
6
2
1
1
1
0
0
0
0
1
1
2
5
20
63
134
201
234
223
171
99
39
10
3
2
2
6
26
76
149
210
237
225
174
100
40
11
3
1
1
1
0
0
0
0
1
1
2
8
32
86
160
217
235
208
145
73
25
6
2
1
2
4
16
54
121
191
232
234
196
128
59
18
4
2
1
1
0
0
0
0
1
1
3
13
47
111
184
229
231
189
120
55
18
7
5
5
5
6
13
39
96
168
222
238
215
155
82
30
7
2
1
1
0
0
0
0
1
2
5
21
65
136
204
236
226
178
112
60
37
31
30
30
30
30
33
50
92
157
214
240
229
180
107
45
12
3
1
1
0
0
0
0
1
2
8
31
86
160
219
242
229
189
142
109
96
94
93
93
93
93
95
103
129
174
219
243
238
201
133
63
20
5
2
1
0
0
0
0
1
3
13
47
110
183
231
247
241
220
197
183
178
177
177
177
177
177
178
181
191
213
235
248
245
218
159
86
32
8
2
1
0
0
0
0
2
5
22
67
137
204
241
251
250
243
237
233
232
232
232
232
232
232
232
233
236
241
248
252
250
232
184
112
48
14
3
1
0
0
0
0
2
8
33
89
163
221
246
250
247
244
242
242
241
241
241
241
241
241
241
242
242
243
246
249
250
241
205
140
69
23
6
2
0
0
0
0
3
13
47
112
185
232
245
237
223
214
210
209
209
209
209
209
209
209
209
209
209
211
218
230
243
245
222
166
93
36
9
3
0
0
0
0
5
21
66
137
203
237
235
208
175
152
144
142
142
142
142
142
142
142
142
142
143
147
161
191
224
242
233
190
119
52
15
4
0
0
0
0
9
33
88
162
219
239
220
170
116
83
71
69
69
69
69
69
69
69
69
69
70
75
96
141
198
235
240
209
145
72
24
6
0
0
0
0
14
48
113
185
231
237
202
136
72
36
25
23
23
23
23
23
23
23
23
23
24
28
49
101
171
224
242
224
169
96
38
10
0
0
0
0
21
66
138
204
237
230
184
110
48
17
9
8
7
7
7
7
7
7
7
8
8
11
28
74
146
210
241
235
193
124
56
17
0
0
0
0
31
86
161
219
239
220
162
88
33
10
5
4
4
3
3
3
3
3
3
4
4
6
18
55
121
192
234
241
213
151
79
28
0
0
0
0
46
110
183
230
237
203
137
66
22
6
3
2
2
2
2
2
2
2
2
2
2
3
11
38
95
169
223
242
227
177
103
42
0
0
0
0
66
137
203
236
229
182
110
46
13
3
1
1
1
1
1
1
1
1
1
1
1
2
6
24
72
144
209
240
236
198
129
59
0
0
0
0
88
163
220
239
217
158
84
31
8
2
1
1
1
0
0
0
0
0
0
1
1
2
4
15
53
120
191
234
241
214
153
79
0
0
0
0
110
184
230
236
201
134
63
20
5
2
1
1
1
0
0
0
0
0
0
1
1
1
3
10
37
96
170
223
241
226
176
103
0
0
0
0
128
198
234
229
183
111
46
13
3
1
1
1
0
0
0
0
0
0
0
1
1
1
2
6
25
73
145
207
238
234
195
125
0
0
0
0
141
206
233
217
162
89
32
8
2
1
1
1
0
0
0
0
0
0
0
0
1
1
2
4
15
52
118
186
228
235
206
141
0
0
0
0
140
196
215
191
133
66
22
5
2
1
1
1
0
0
0
0
0
0
0
0
1
1
1
3
9
35
90
157
205
219
197
140
0
0
0
0
113
156
168
144
95
43
13
3
1
1
1
0
0
0
0
0
0
0
0
0
1
1
1
2
5
21
60
114
156
172
157
113
0
0
0
0
67
93
99
83
52
22
6
2
1
1
1
0
0
0
0
0
0
0
0
0
0
1
1
1
3
11
32
63
90
102
93
67
0
0
0
0
0
0
0
0
0
0
0
0
0
0
0
0
0
0
0
0
0
0
0
0
0
0
0
0
0
0
0
0
0
0
0
0
0
0
0
0
0
0
0
0
0
0
0
0
0
0
0
0
0
0
0
0
0
0
0
0
0
0
0
0
0
0
0
0
0
0
0
0
0
0
