31
42
0
0
0
0
0
0
0
0
0
0
0
0
0
0
0
0
0
0
0
0
0
0
0
0
0
0
0
0
0
0
0
0
0
0
0
0
0
0
0
0
0
0
0
0
0
0
0
0
0
0
0
0
0
0
0
0
0
0
0
0
0
0
0
0
0
0
0
0
0
1
1
2
8
29
74
123
150
153
135
92
43
13
3
1
1
0
0
0
0
0
0
0
0
0
0
0
0
0
0
1
1
1
3
14
49
115
178
211
215
195
142
72
23
5
2
1
1
0
0
0
0
0
0
0
0
0
0
0
0
0
1
1
2
5
22
71
147
211
239
243
226
176
99
37
9
2
1
1
0
0
0
0
0
0
0
0
0
0
0
0
0
1
1
2
9
34
94
173
228
248
251
239
199
125
53
15
3
1
1
1
0
0
0
0
0
0
0
0
0
0
0
1
1
1
3
13
49
119
195
239
252
253
246
217
152
74
24
6
2
1
1
0
0
0
0
0
0
0
0
0
0
0
1
1
2
5
20
67
144
212
244
250
250
248
230
178
99
37
10
3
1
1
0
0
0
0
0
0
0
0
0
0
0
1
1
2
8
31
88
167
224
241
236
234
241
238
200
126
54
15
4
1
1
1
0
0
0
0
0
0
0
0
0
1
1
1
3
12
45
113
189
231
228
204
198
221
238
216
152
74
24
6
2
1
1
0
0
0
0
0
0
0
0
0
1
1
2
4
18
63
139
207
232
206
160
150
191
230
227
176
98
36
9
2
1
1
0
0
0
0
0
0
0
0
0
1
1
2
7
27
83
162
219
226
180
118
105
158
217
233
197
124
52
15
3
1
1
1
0
0
0
0
0
0
0
0
1
1
3
10
40
106
183
226
214
152
83
70
126
199
233
214
151
74
23
5
2
1
1
0
0
0
0
0
0
0
1
1
1
4
16
58
132
202
228
197
124
56
44
96
175
226
226
176
98
36
9
2
1
1
0
0
0
0
0
0
0
1
1
2
6
26
79
157
216
224
176
97
37
26
70
147
212
231
197
124
52
14
3
1
1
1
0
0
0
0
0
0
1
1
2
9
39
103
180
225
214
152
74
23
15
48
119
194
230
213
149
72
22
5
1
1
1
0
0
0
0
0
0
1
1
3
15
56
130
200
227
198
126
53
14
8
32
92
170
223
224
174
96
34
8
2
1
1
0
0
0
0
0
1
1
1
5
24
77
155
215
224
177
99
36
8
5
20
67
144
210
229
195
122
50
13
3
1
1
0
0
0
0
0
1
1
2
8
36
99
178
224
213
152
74
23
5
3
12
47
117
191
228
211
147
70
21
4
1
1
1
0
0
0
0
1
1
3
14
52
124
197
226
196
124
52
14
3
2
7
31
90
168
221
223
172
94
33
7
2
1
1
0
0
0
0
1
1
5
22
72
150
212
222
174
97
35
8
2
2
4
19
66
141
208
228
194
121
50
13
3
1
1
0
0
0
0
1
2
8
34
96
175
222
213
153
79
30
13
10
10
11
20
53
120
192
229
212
149
71
22
5
1
1
0
0
0
0
1
3
13
49
121
195
230
211
152
92
59
50
48
48
49
53
73
123
188
229
226
174
96
34
8
2
1
0
0
0
0
1
4
20
68
145
212
238
223
183
147
131
126
126
126
126
128
138
165
207
236
236
196
122
50
13
3
1
0
0
0
0
2
7
32
92
171
227
246
241
225
212
206
205
205
205
205
205
208
218
234
247
245
215
149
72
22
5
1
0
0
0
0
3
12
48
118
194
237
249
247
242
239
238
238
238
238
238
238
238
240
244
249
248
229
175
97
35
8
2
0
0
0
0
4
19
66
143
211
240
238
226
219
216
216
216
216
216
216
216
216
217
221
231
242
237
198
124
52
14
3
0
0
0
0
7
30
87
167
222
232
207
174
155
150
149
149
149
149
149
149
149
151
161
186
220
236
215
151
73
23
5
0
0
0
0
11
44
112
188
229
216
164
110
81
73
72
71
71
71
71
71
72
74
89
129
189
229
226
175
97
35
8
0
0
0
0
18
62
138
207
230
198
127
62
31
24
23
22
22
22
22
23
23
25
40
85
158
218
233
197
123
52
14
0
0
0
0
27
83
162
220
226
179
100
39
13
7
6
6
6
6
6
6
7
8
20
59
132
203
234
214
151
73
23
0
0
0
0
40
106
183
227
217
156
78
26
7
3
2
2
2
2
2
2
3
4
11
41
106
183
229
227
176
98
36
0
0
0
0
58
131
202
229
201
130
57
16
4
2
1
1
1
1
1
1
1
2
6
27
81
159
219
233
198
124
52
0
0
0
0
79
157
217
226
180
103
39
9
2
1
1
0
0
0
0
0
1
1
4
17
60
135
205
234
214
149
72
0
0
0
0
101
179
225
217
158
79
25
5
2
1
1
0
0
0
0
0
1
1
2
11
43
110
187
230
225
173
95
0
0
0
0
119
195
227
204
135
59
16
3
1
1
1
0
0
0
0
0
1
1
2
7
29
86
163
220
230
192
117
0
0
0
0
131
200
221
185
111
43
10
2
1
1
0
0
0
0
0
0
1
1
1
4
18
63
136
202
227
200
131
0
0
0
0
125
183
194
153
83
29
6
1
1
1
0
0
0
0
0
0
0
1
1
2
11
42
104
170
201
184
125
0
0
0
0
92
133
137
103
52
16
3
1
1
1
0
0
0
0
0
0
0
1
1
1
6
25
66
116
143
134
92
0
0
0
0
46
67
68
49
23
7
2
1
1
0
0
0
0
0
0
0
0
1
1
1
3
11
31
56
71
67
46
0
0
0
0
0
0
0
0
0
0
0
0
0
0
0
0
0
0
0
0
0
0
0
0
0
0
0
0
0
0
0
0
0
0
0
0
0
0
0
0
0
0
0
0
0
0
0
0
0
0
0
0
0
0
0
0
0
0
0
0
0
0
0
0
