28
35
0
0
0
0
0
0
0
0
0
0
0
0
0
0
0
0
0
0
0
0
0
0
0
0
0
0
0
0
0
0
0
0
0
0
0
0
0
0
0
0
0
0
0
0
0
0
0
0
0
0
0
0
0
0
0
0
0
0
0
0
0
0
1
1
2
7
29
75
122
143
135
98
47
14
2
1
1
0
0
0
0
0
0
0
0
0
0
0
0
0
1
1
3
13
52
123
186
213
203
157
83
27
5
1
1
1
0
0
0
0
0
0
0
0
0
0
0
1
1
1
5
23
77
159
220
243
236
193
115
44
10
2
1
1
0
0
0
0
0
0
0
0
0
0
0
1
1
2
8
36
104
186
236
251
247
215
145
64
17
3
1
1
1
0
0
0
0
0
0
0
0
0
1
1
1
3
13
53
130
206
243
250
248
230
173
90
30
6
2
1
1
0
0
0
0
0
0
0
0
0
1
1
2
5
22
74
156
219
237
233
236
235
197
119
46
11
3
1
1
0
0
0
0
0
0
0
0
0
1
1
2
8
35
100
181
224
215
193
204
227
214
147
67
19
4
1
1
1
0
0
0
0
0
0
0
1
1
1
3
13
51
127
201
221
183
142
160
210
223
174
92
30
7
2
1
1
0
0
0
0
0
0
0
1
1
2
5
21
72
153
213
209
148
96
119
187
225
197
120
47
12
3
1
1
1
0
0
0
0
0
0
1
1
2
8
33
97
178
219
191
115
61
83
159
218
213
150
69
20
4
2
1
1
0
0
0
0
0
1
1
1
3
13
50
125
198
217
167
85
36
55
128
202
222
176
95
32
7
2
1
1
0
0
0
0
0
1
1
1
4
21
72
152
212
207
140
60
20
34
98
179
222
198
122
48
12
3
1
1
0
0
0
0
0
1
1
2
7
33
97
178
218
189
111
41
11
20
70
152
214
213
150
70
20
4
1
1
1
0
0
0
0
1
1
2
12
49
124
198
215
164
82
25
5
11
48
122
198
221
176
95
32
7
2
1
1
0
0
0
0
1
1
3
19
69
150
210
203
135
57
14
3
6
30
92
174
220
198
123
49
12
2
1
1
0
0
0
0
1
1
6
31
94
175
215
184
106
38
9
3
4
18
66
146
210
213
152
71
20
4
1
1
0
0
0
0
1
2
10
47
121
196
216
168
92
41
23
20
21
28
61
129
200
222
179
98
33
7
1
1
0
0
0
0
1
3
18
67
148
213
221
178
122
90
81
80
80
83
102
147
204
230
202
126
51
12
2
1
0
0
0
0
1
6
30
92
175
229
237
215
190
177
174
174
174
175
182
201
228
241
220
155
73
21
4
1
0
0
0
0
2
10
46
120
198
239
245
238
231
228
228
228
228
228
229
234
242
247
233
182
101
35
7
1
0
0
0
0
3
18
66
147
214
235
226
214
210
209
209
209
209
209
209
211
218
231
236
205
131
54
13
2
0
0
0
0
6
29
90
173
221
213
174
144
133
131
131
130
130
131
131
135
152
189
224
219
160
77
23
4
0
0
0
0
10
45
117
194
220
182
115
69
54
51
51
51
51
51
52
56
81
138
203
225
185
104
37
8
0
0
0
0
17
64
145
210
214
153
75
29
15
13
13
13
13
13
14
17
40
100
179
225
206
134
56
14
0
0
0
0
27
87
170
219
200
127
51
14
5
4
3
3
3
3
4
6
22
72
154
216
220
163
81
24
0
0
0
0
43
114
192
220
180
99
34
8
3
2
1
1
1
1
2
3
13
51
126
201
227
188
108
39
0
0
0
0
62
142
209
214
154
73
21
4
1
1
1
0
0
1
1
2
7
34
99
181
226
207
135
57
0
0
0
0
82
165
217
201
128
52
13
3
1
1
1
0
0
1
1
2
4
22
74
156
217
219
161
79
0
0
0
0
97
178
215
181
102
35
8
2
1
1
0
0
0
1
1
1
3
13
52
126
198
220
177
96
0
0
0
0
96
166
188
146
74
22
4
1
1
1
0
0
0
0
1
1
2
7
33
93
163
195
167
96
0
0
0
0
68
115
126
93
43
12
2
1
1
0
0
0
0
0
1
1
1
4
17
55
105
132
116
68
0
0
0
0
0
0
0
0
0
0
0
0
0
0
0
0
0
0
0
0
0
0
0
0
0
0
0
0
0
0
0
0
0
0
0
0
0
0
0
0
0
0
0
0
0
0
0
0
0
0
0
0
0
0
0
0
0
0
