11
35
0
0
0
0
0
0
0
0
0
0
0
0
0
0
0
0
0
0
0
0
0
0
0
0
27
73
120
138
120
73
27
0
0
0
0
40
106
175
201
175
106
40
0
0
0
0
44
118
196
226
196
118
44
0
0
0
0
45
120
199
230
199
120
45
0
0
0
0
45
120
199
230
199
120
45
0
0
0
0
45
120
199
230
199
120
45
0
0
0
0
45
120
199
230
199
120
45
0
0
0
0
45
120
199
230
199
120
45
0
0
0
0
45
120
199
230
199
120
45
0
0
0
0
45
120
199
230
199
120
45
0
0
0
0
45
120
199
230
199
120
45
0
0
0
0
45
120
199
230
199
120
45
0
0
0
0
45
120
199
230
199
120
45
0
0
0
0
45
120
199
230
199
120
45
0
0
0
0
45
120
199
230
199
120
45
0
0
0
0
45
120
199
230
199
120
45
0
0
0
0
45
120
199
230
199
120
45
0
0
0
0
45
120
199
230
199
120
45
0
0
0
0
45
120
199
230
199
120
45
0
0
0
0
45
120
199
230
199
120
45
0
0
0
0
45
120
199
230
199
120
45
0
0
0
0
45
120
199
230
199
120
45
0
0
0
0
45
120
199
230
199
120
45
0
0
0
0
45
120
199
230
199
120
45
0
0
0
0
45
120
199
230
199
120
45
0
0
0
0
45
120
199
230
199
120
45
0
0
0
0
45
120
199
230
199
120
45
0
0
0
0
45
120
199
230
199
120
45
0
0
0
0
44
118
196
226
196
118
44
0
0
0
0
40
106
175
201
175
106
40
0
0
0
0
27
73
120
138
120
73
27
0
0
0
0
0
0
0
0
0
0
0
0
0
0
0
0
0
0
0
0
0
0
0
0
