12
41
0
0
0
0
0
0
0
0
0
0
0
0
0
0
0
0
0
0
0
0
0
0
0
0
0
0
31
75
120
146
146
120
75
31
0
0
0
0
43
103
167
203
203
167
103
43
0
0
0
0
48
115
186
227
227
186
115
48
0
0
0
0
48
117
190
232
232
190
117
48
0
0
0
0
48
117
190
233
233
190
117
48
0
0
0
0
48
117
191
233
233
191
117
48
0
0
0
0
48
117
190
233
233
190
117
48
0
0
0
0
48
117
190
233
233
190
117
48
0
0
0
0
48
117
190
233
233
190
117
48
0
0
0
0
48
117
190
233
233
190
117
48
0
0
0
0
48
117
190
233
233
190
117
48
0
0
0
0
48
117
190
233
233
190
117
48
0
0
0
0
48
117
190
233
233
190
117
48
0
0
0
0
48
117
190
233
233
190
117
48
0
0
0
0
48
117
190
233
233
190
117
48
0
0
0
0
48
117
190
233
233
190
117
48
0
0
0
0
48
117
190
233
233
190
117
48
0
0
0
0
48
117
190
233
233
190
117
48
0
0
0
0
48
117
190
233
233
190
117
48
0
0
0
0
48
117
190
233
233
190
117
48
0
0
0
0
48
117
190
233
233
190
117
48
0
0
0
0
48
117
190
233
233
190
117
48
0
0
0
0
48
117
190
233
233
190
117
48
0
0
0
0
48
117
190
233
233
190
117
48
0
0
0
0
48
117
190
233
233
190
117
48
0
0
0
0
48
117
190
233
233
190
117
48
0
0
0
0
48
117
190
233
233
190
117
48
0
0
0
0
48
117
190
233
233
190
117
48
0
0
0
0
48
117
190
233
233
190
117
48
0
0
0
0
48
117
190
233
233
190
117
48
0
0
0
0
48
117
190
233
233
190
117
48
0
0
0
0
48
117
191
233
233
191
117
48
0
0
0
0
48
117
190
233
233
190
117
48
0
0
0
0
48
117
190
232
232
190
117
48
0
0
0
0
48
115
186
227
227
186
115
48
0
0
0
0
43
103
167
203
203
167
103
43
0
0
0
0
31
75
120
146
146
120
75
31
0
0
0
0
0
0
0
0
0
0
0
0
0
0
0
0
0
0
0
0
0
0
0
0
0
0
