12
35
0
0
0
0
0
0
0
0
0
0
0
0
0
0
0
0
0
0
0
0
0
0
0
0
0
0
30
71
114
138
138
114
71
30
0
0
0
0
43
102
165
201
201
165
102
43
0
0
0
0
47
114
185
226
226
185
114
47
0
0
0
0
48
117
190
232
232
190
117
48
0
0
0
0
48
117
190
233
233
190
117
48
0
0
0
0
48
117
190
233
233
190
117
48
0
0
0
0
48
117
190
233
233
190
117
48
0
0
0
0
48
117
190
233
233
190
117
48
0
0
0
0
48
117
190
233
233
190
117
48
0
0
0
0
48
117
190
233
233
190
117
48
0
0
0
0
48
117
190
233
233
190
117
48
0
0
0
0
48
117
190
233
233
190
117
48
0
0
0
0
48
117
190
233
233
190
117
48
0
0
0
0
48
117
190
233
233
190
117
48
0
0
0
0
48
117
190
233
233
190
117
48
0
0
0
0
48
117
190
233
233
190
117
48
0
0
0
0
48
117
190
233
233
190
117
48
0
0
0
0
48
117
190
233
233
190
117
48
0
0
0
0
48
117
190
233
233
190
117
48
0
0
0
0
48
117
190
233
233
190
117
48
0
0
0
0
48
117
190
233
233
190
117
48
0
0
0
0
48
117
190
233
233
190
117
48
0
0
0
0
48
117
190
233
233
190
117
48
0
0
0
0
48
117
190
233
233
190
117
48
0
0
0
0
48
117
190
233
233
190
117
48
0
0
0
0
48
117
190
233
233
190
117
48
0
0
0
0
48
117
190
233
233
190
117
48
0
0
0
0
48
117
190
232
232
190
117
48
0
0
0
0
47
114
185
226
226
185
114
47
0
0
0
0
43
102
165
201
201
165
102
43
0
0
0
0
30
71
114
138
138
114
71
30
0
0
0
0
0
0
0
0
0
0
0
0
0
0
0
0
0
0
0
0
0
0
0
0
0
0
