14
47
0
0
0
0
0
0
0
0
0
0
0
0
0
0
0
0
0
0
0
0
0
0
0
0
0
0
0
0
0
0
6
21
51
82
99
99
82
51
21
6
0
0
0
0
9
36
86
138
168
168
138
86
36
9
0
0
0
0
12
45
108
175
213
213
175
108
45
12
0
0
0
0
12
48
116
188
229
229
188
116
48
12
0
0
0
0
12
48
116
189
231
231
189
116
48
12
0
0
0
0
12
48
117
190
232
232
190
117
48
12
0
0
0
0
13
48
117
191
233
233
191
117
48
13
0
0
0
0
13
48
117
191
233
233
191
117
48
13
0
0
0
0
12
48
117
190
233
233
190
117
48
12
0
0
0
0
12
48
117
190
233
233
190
117
48
12
0
0
0
0
12
48
117
190
233
233
190
117
48
12
0
0
0
0
12
48
117
190
233
233
190
117
48
12
0
0
0
0
12
48
117
190
233
233
190
117
48
12
0
0
0
0
12
48
117
190
233
233
190
117
48
12
0
0
0
0
12
48
117
190
233
233
190
117
48
12
0
0
0
0
12
48
117
190
233
233
190
117
48
12
0
0
0
0
12
48
117
190
233
233
190
117
48
12
0
0
0
0
12
48
117
190
233
233
190
117
48
12
0
0
0
0
12
48
117
190
233
233
190
117
48
12
0
0
0
0
12
48
117
190
233
233
190
117
48
12
0
0
0
0
12
48
117
190
233
233
190
117
48
12
0
0
0
0
12
48
117
190
233
233
190
117
48
12
0
0
0
0
12
48
117
190
233
233
190
117
48
12
0
0
0
0
12
48
117
190
233
233
190
117
48
12
0
0
0
0
12
48
117
190
233
233
190
117
48
12
0
0
0
0
12
48
117
190
233
233
190
117
48
12
0
0
0
0
12
48
117
190
233
233
190
117
48
12
0
0
0
0
12
48
117
190
233
233
190
117
48
12
0
0
0
0
12
48
117
190
233
233
190
117
48
12
0
0
0
0
12
48
117
190
233
233
190
117
48
12
0
0
0
0
12
48
117
190
233
233
190
117
48
12
0
0
0
0
12
48
117
190
233
233
190
117
48
12
0
0
0
0
12
48
117
190
233
233
190
117
48
12
0
0
0
0
12
48
117
190
233
233
190
117
48
12
0
0
0
0
12
48
117
190
233
233
190
117
48
12
0
0
0
0
13
48
117
191
233
233
191
117
48
13
0
0
0
0
13
48
117
191
233
233
191
117
48
13
0
0
0
0
12
48
117
190
232
232
190
117
48
12
0
0
0
0
12
48
116
189
231
231
189
116
48
12
0
0
0
0
12
48
116
188
229
229
188
116
48
12
0
0
0
0
12
45
108
175
213
213
175
108
45
12
0
0
0
0
9
36
86
138
168
168
138
86
36
9
0
0
0
0
6
21
51
82
99
99
82
51
21
6
0
0
0
0
0
0
0
0
0
0
0
0
0
0
0
0
0
0
0
0
0
0
0
0
0
0
0
0
0
0
