11
41
0
0
0
0
0
0
0
0
0
0
0
0
0
0
0
0
0
0
0
0
0
0
0
0
30
77
124
143
124
77
30
0
0
0
0
42
106
172
198
172
106
42
0
0
0
0
46
118
192
221
192
118
46
0
0
0
0
47
120
196
226
196
120
47
0
0
0
0
47
120
196
227
196
120
47
0
0
0
0
47
120
197
227
197
120
47
0
0
0
0
47
120
197
227
197
120
47
0
0
0
0
47
120
197
227
197
120
47
0
0
0
0
47
120
197
227
197
120
47
0
0
0
0
47
120
197
227
197
120
47
0
0
0
0
47
120
197
227
197
120
47
0
0
0
0
47
120
197
227
197
120
47
0
0
0
0
47
120
197
227
197
120
47
0
0
0
0
47
120
197
227
197
120
47
0
0
0
0
47
120
197
227
197
120
47
0
0
0
0
47
120
197
227
197
120
47
0
0
0
0
47
120
197
227
197
120
47
0
0
0
0
47
120
197
227
197
120
47
0
0
0
0
47
120
197
227
197
120
47
0
0
0
0
47
120
197
227
197
120
47
0
0
0
0
47
120
197
227
197
120
47
0
0
0
0
47
120
197
227
197
120
47
0
0
0
0
47
120
197
227
197
120
47
0
0
0
0
47
120
197
227
197
120
47
0
0
0
0
47
120
197
227
197
120
47
0
0
0
0
47
120
197
227
197
120
47
0
0
0
0
47
120
197
227
197
120
47
0
0
0
0
47
120
197
227
197
120
47
0
0
0
0
47
120
197
227
197
120
47
0
0
0
0
47
120
197
227
197
120
47
0
0
0
0
47
120
197
227
197
120
47
0
0
0
0
47
120
197
227
197
120
47
0
0
0
0
47
120
196
227
196
120
47
0
0
0
0
47
120
196
226
196
120
47
0
0
0
0
46
118
192
221
192
118
46
0
0
0
0
42
106
172
198
172
106
42
0
0
0
0
30
77
124
143
124
77
30
0
0
0
0
0
0
0
0
0
0
0
0
0
0
0
0
0
0
0
0
0
0
0
0
