11
33
0
0
0
0
0
0
0
0
0
0
0
0
0
0
0
0
0
0
0
0
0
0
0
0
27
84
157
189
157
84
27
0
0
0
0
30
93
176
212
176
93
30
0
0
0
0
30
95
179
216
179
95
30
0
0
0
0
30
95
179
217
179
95
30
0
0
0
0
31
95
180
217
180
95
31
0
0
0
0
31
95
180
217
180
95
31
0
0
0
0
31
95
180
217
180
95
31
0
0
0
0
31
95
180
217
180
95
31
0
0
0
0
31
95
180
217
180
95
31
0
0
0
0
31
95
180
217
180
95
31
0
0
0
0
31
95
180
217
180
95
31
0
0
0
0
31
95
180
217
180
95
31
0
0
0
0
31
95
180
217
180
95
31
0
0
0
0
31
95
180
217
180
95
31
0
0
0
0
31
95
180
217
180
95
31
0
0
0
0
31
95
180
217
180
95
31
0
0
0
0
31
95
180
217
180
95
31
0
0
0
0
31
95
180
217
180
95
31
0
0
0
0
31
95
180
217
180
95
31
0
0
0
0
31
95
180
217
180
95
31
0
0
0
0
31
95
180
217
180
95
31
0
0
0
0
31
95
180
217
180
95
31
0
0
0
0
31
95
180
217
180
95
31
0
0
0
0
31
95
180
217
180
95
31
0
0
0
0
31
95
180
217
180
95
31
0
0
0
0
30
95
179
217
179
95
30
0
0
0
0
30
95
179
216
179
95
30
0
0
0
0
30
93
176
212
176
93
30
0
0
0
0
27
84
157
189
157
84
27
0
0
0
0
0
0
0
0
0
0
0
0
0
0
0
0
0
0
0
0
0
0
0
0
