24
36
0
0
0
0
0
0
0
0
0
0
0
0
0
0
0
0
0
0
0
0
0
0
0
0
0
0
0
0
0
0
0
0
0
0
0
0
0
0
0
0
0
0
0
0
0
0
0
0
0
0
55
63
65
65
65
65
65
65
65
65
65
65
65
65
65
65
65
62
50
28
0
0
0
0
126
146
150
151
151
151
151
151
151
151
151
151
151
151
151
151
150
142
114
65
0
0
0
0
180
209
215
216
216
216
216
216
216
216
216
216
216
216
217
218
218
207
165
94
0
0
0
0
178
206
212
213
213
213
213
213
213
213
213
213
213
216
225
237
242
229
178
97
0
0
0
0
119
138
142
143
143
143
143
143
143
143
143
143
145
156
185
221
240
224
164
82
0
0
0
0
48
56
57
57
57
57
57
57
57
58
58
59
64
90
145
206
233
207
136
59
0
0
0
0
11
13
13
13
13
13
13
13
13
13
14
16
30
74
147
212
227
183
104
38
0
0
0
0
2
2
2
2
2
2
2
2
2
2
3
9
35
96
175
224
216
153
74
22
0
0
0
0
1
1
1
1
1
1
1
1
1
2
4
16
57
131
203
229
196
120
48
12
0
0
0
0
0
0
0
0
0
0
0
1
1
2
7
29
85
165
222
223
169
87
29
6
0
0
0
0
0
0
0
0
0
0
1
1
1
3
13
49
119
195
230
207
136
59
16
3
0
0
0
0
0
0
0
0
0
0
1
1
2
6
25
76
154
216
227
181
101
36
8
2
0
0
0
0
0
0
0
0
0
0
1
1
3
11
42
109
186
228
213
148
69
20
4
1
0
0
0
0
0
0
0
0
0
1
1
2
5
20
67
143
210
230
191
113
43
10
2
1
0
0
0
0
0
0
0
0
0
1
1
2
9
35
97
176
226
221
162
81
25
5
1
1
0
0
0
0
0
0
0
0
1
1
1
4
16
57
131
203
230
201
127
53
13
2
1
1
0
0
0
0
0
0
0
1
1
1
2
7
29
86
164
221
224
173
93
31
6
1
1
1
0
0
0
0
0
0
0
1
1
1
3
13
49
119
193
229
209
140
63
17
3
1
1
1
0
0
0
0
0
0
0
1
1
2
6
25
77
154
215
228
185
107
40
9
2
1
1
0
0
0
0
0
0
0
1
1
1
3
11
43
111
187
228
216
154
75
23
4
1
1
1
0
0
0
0
0
0
0
1
1
1
4
20
69
146
211
230
196
122
50
12
2
1
1
1
0
0
0
0
0
0
1
1
1
2
8
36
100
178
226
222
169
90
30
6
1
1
1
0
0
0
0
0
0
0
1
1
1
3
16
59
134
204
231
205
136
61
17
3
1
1
1
0
0
0
0
0
0
0
1
1
2
6
30
89
168
222
227
180
102
38
9
2
1
1
1
0
0
0
0
0
0
1
1
1
2
13
51
123
196
231
214
150
72
22
5
1
1
1
0
0
0
0
0
0
0
1
1
1
5
25
79
157
217
231
193
118
48
12
3
1
1
1
0
0
0
0
0
0
0
1
1
2
10
43
112
188
230
221
165
86
29
7
2
1
1
0
0
0
0
0
0
0
0
1
1
4
20
69
147
212
233
203
132
58
16
4
1
1
1
0
0
0
0
0
0
0
0
1
2
8
37
102
180
228
227
178
100
36
9
2
1
1
1
0
0
0
0
0
0
0
0
1
3
17
60
134
203
231
211
147
70
22
5
2
1
1
0
0
0
0
0
0
0
0
0
1
5
25
77
147
197
206
174
108
45
12
3
1
1
1
0
0
0
0
0
0
0
0
0
1
5
23
65
114
141
140
111
63
23
6
2
1
1
0
0
0
0
0
0
0
0
0
0
0
0
0
0
0
0
0
0
0
0
0
0
0
0
0
0
0
0
0
0
0
0
0
0
0
0
0
0
0
0
0
0
0
0
0
0
0
0
0
0
0
0
0
0
0
0
