29
43
0
0
0
0
0
0
0
0
0
0
0
0
0
0
0
0
0
0
0
0
0
0
0
0
0
0
0
0
0
0
0
0
0
0
0
0
0
0
0
0
0
0
0
0
0
0
0
0
0
0
0
0
0
0
0
0
0
0
0
0
14
21
24
25
25
25
25
25
25
25
25
25
25
25
25
25
25
25
25
25
25
25
23
19
11
0
0
0
0
45
66
76
79
79
80
80
80
80
80
80
80
80
80
80
80
80
80
80
80
80
79
74
59
36
0
0
0
0
89
132
152
157
158
158
158
158
158
158
158
158
158
158
158
158
158
158
159
159
158
157
147
118
71
0
0
0
0
123
182
210
217
218
218
218
218
218
218
218
218
218
218
218
218
218
218
219
219
219
217
203
163
98
0
0
0
0
129
190
220
227
228
228
228
228
228
228
228
228
228
228
228
228
229
230
234
240
243
242
225
177
104
0
0
0
0
103
152
177
183
183
184
184
184
184
184
184
184
184
184
184
184
185
191
206
228
243
244
223
169
94
0
0
0
0
59
88
102
106
106
106
106
106
106
106
106
106
106
106
107
107
111
126
161
205
236
240
210
148
75
0
0
0
0
22
32
37
38
39
39
39
39
39
39
39
39
39
39
40
41
50
79
134
195
233
231
190
119
53
0
0
0
0
5
8
9
9
9
9
9
9
9
9
9
9
9
10
11
14
32
76
144
206
234
219
164
90
34
0
0
0
0
2
2
2
2
2
2
2
2
2
2
2
2
2
3
5
13
42
100
172
223
234
201
135
65
21
0
0
0
0
1
1
1
1
1
1
1
1
1
1
1
1
2
3
6
22
64
132
199
234
226
176
104
43
12
0
0
0
0
1
1
1
1
1
1
1
1
1
1
1
1
1
3
10
36
91
163
219
237
211
148
76
26
6
0
0
0
0
0
0
0
0
0
0
0
0
0
1
1
1
2
5
18
56
122
191
232
232
189
119
52
15
3
0
0
0
0
0
0
0
0
0
0
0
0
0
1
1
1
3
9
31
82
153
213
237
219
162
89
33
8
2
0
0
0
0
0
0
0
0
0
0
0
0
1
1
1
2
5
16
50
112
182
228
234
199
131
62
20
4
1
0
0
0
0
0
0
0
0
0
0
0
0
1
1
1
3
8
27
74
144
207
236
224
171
98
39
11
2
1
0
0
0
0
0
0
0
0
0
0
0
1
1
1
2
4
13
43
103
174
224
236
207
141
70
23
5
1
1
0
0
0
0
0
0
0
0
0
0
0
1
1
1
3
6
22
65
134
199
234
230
184
111
47
13
3
1
1
0
0
0
0
0
0
0
0
0
0
0
1
1
2
3
11
37
92
164
219
237
215
155
82
30
7
2
1
1
0
0
0
0
0
0
0
0
0
0
1
1
1
2
5
18
57
123
191
232
233
193
123
56
17
4
1
1
1
0
0
0
0
0
0
0
0
0
1
1
1
1
3
9
31
82
153
212
237
220
165
92
35
9
2
1
1
1
0
0
0
0
0
0
0
0
0
1
1
1
2
4
15
49
111
182
227
235
201
135
64
21
5
2
1
1
1
0
0
0
0
0
0
0
0
0
1
1
1
3
7
27
74
143
206
235
226
177
105
43
12
3
1
1
1
0
0
0
0
0
0
0
0
0
0
1
1
2
4
13
45
104
175
224
236
209
148
76
27
6
2
1
1
1
0
0
0
0
0
0
0
0
0
1
1
1
2
6
23
68
137
201
234
230
187
118
52
15
3
1
1
1
1
0
0
0
0
0
0
0
0
1
1
1
1
3
11
39
96
167
220
237
217
162
90
34
8
2
1
1
1
0
0
0
0
0
0
0
0
0
1
1
1
2
5
19
60
127
193
232
233
198
133
64
21
5
2
1
1
1
0
0
0
0
0
0
0
0
1
1
1
1
2
9
33
86
157
214
237
223
172
102
42
12
3
1
1
1
0
0
0
0
0
0
0
0
0
1
1
1
2
4
16
52
116
185
228
235
205
143
73
26
6
2
1
1
1
0
0
0
0
0
0
0
0
0
1
1
1
2
7
27
77
147
208
236
228
183
113
50
15
4
1
1
1
1
0
0
0
0
0
0
0
0
1
1
1
1
3
13
45
106
177
225
237
214
157
85
32
8
2
1
1
1
0
0
0
0
0
0
0
0
0
1
1
1
2
5
23
68
138
202
235
233
195
128
61
20
5
2
1
1
1
0
0
0
0
0
0
0
0
0
1
1
1
2
10
39
97
169
221
239
221
169
98
40
11
3
2
1
1
0
0
0
0
0
0
0
0
0
1
1
1
1
4
19
61
129
196
234
237
204
140
70
24
6
2
1
1
1
0
0
0
0
0
0
0
0
0
1
1
1
2
8
33
88
160
217
240
228
181
110
48
14
4
2
1
1
1
0
0
0
0
0
0
0
0
0
1
1
1
4
16
54
119
188
230
239
213
155
83
31
9
3
1
1
1
0
0
0
0
0
0
0
0
0
0
1
1
2
7
29
78
148
206
233
228
190
125
59
19
5
2
1
1
1
0
0
0
0
0
0
0
0
0
0
1
1
2
10
39
93
157
199
212
197
154
91
38
11
4
2
1
1
0
0
0
0
0
0
0
0
0
0
0
1
1
2
10
36
80
125
150
153
137
101
55
21
6
2
1
1
1
0
0
0
0
0
0
0
0
0
0
0
0
0
0
0
0
0
0
0
0
0
0
0
0
0
0
0
0
0
0
0
0
0
0
0
0
0
0
0
0
0
0
0
0
0
0
0
0
0
0
0
0
0
0
0
0
0
0
0
0
0
0
0
0
0
0
0
