28
36
0
0
0
0
0
0
0
0
0
0
0
0
0
0
0
0
0
0
0
0
0
0
0
0
0
0
0
0
0
0
0
0
0
0
0
0
0
0
0
0
0
0
0
0
0
0
0
0
0
0
0
0
0
0
0
0
0
0
56
65
67
67
67
67
67
67
67
67
67
67
67
67
67
67
67
67
67
67
67
62
50
30
0
0
0
0
124
144
149
149
150
149
149
149
149
149
149
149
149
149
149
149
149
150
150
149
148
138
111
67
0
0
0
0
176
204
211
212
212
212
212
212
212
212
212
212
212
212
212
212
213
214
216
216
214
200
160
95
0
0
0
0
173
201
208
209
209
209
209
209
209
209
209
209
209
209
209
210
213
221
233
241
240
222
172
99
0
0
0
0
117
136
141
142
142
142
142
142
142
142
142
142
142
142
143
145
157
183
216
240
242
215
156
83
0
0
0
0
49
57
59
59
59
59
59
59
59
59
59
60
60
60
62
70
96
145
200
234
233
194
126
59
0
0
0
0
12
14
14
15
15
15
15
15
15
15
15
15
15
17
21
38
82
147
207
234
219
165
92
36
0
0
0
0
2
2
2
2
2
2
2
2
2
2
2
3
3
6
16
47
106
176
224
231
196
130
62
20
0
0
0
0
1
1
1
1
1
1
1
1
1
1
1
1
3
8
27
74
143
206
234
220
166
94
37
10
0
0
0
0
0
0
0
0
0
0
0
0
1
1
1
2
4
15
48
108
178
226
233
198
132
63
20
5
0
0
0
0
0
0
0
0
0
0
0
0
1
1
1
3
8
29
77
145
207
235
221
168
96
38
10
2
0
0
0
0
0
0
0
0
0
0
0
1
1
1
2
5
16
51
112
180
226
233
197
131
63
21
5
1
0
0
0
0
0
0
0
0
0
0
0
1
1
1
3
9
30
80
149
209
235
220
165
94
37
10
2
1
0
0
0
0
0
0
0
0
0
0
1
1
1
2
5
17
52
115
183
228
233
197
130
62
20
5
1
1
0
0
0
0
0
0
0
0
0
0
1
1
1
3
9
31
82
151
210
236
220
166
94
37
10
2
1
1
0
0
0
0
0
0
0
0
0
1
1
1
2
5
18
53
117
185
228
233
196
130
62
20
5
1
1
1
0
0
0
0
0
0
0
0
1
1
1
1
3
9
32
83
153
211
235
219
165
93
37
10
3
1
1
1
0
0
0
0
0
0
0
0
1
1
1
2
5
18
55
118
186
228
232
195
129
61
20
5
2
1
1
1
0
0
0
0
0
0
0
0
1
1
2
3
10
35
87
156
212
235
218
165
94
37
10
2
1
1
1
0
0
0
0
0
0
0
0
1
1
1
2
5
20
60
124
190
229
231
195
130
62
20
5
1
1
1
1
0
0
0
0
0
0
0
1
1
1
1
3
10
37
91
161
215
235
218
166
95
38
10
2
1
1
1
1
0
0
0
0
0
0
0
1
1
1
2
5
21
62
127
193
230
231
196
131
64
21
5
2
1
1
1
0
0
0
0
0
0
0
1
1
1
1
3
11
38
94
163
217
236
217
165
96
39
11
3
1
1
1
0
0
0
0
0
0
0
0
1
1
1
2
5
21
64
130
194
231
231
195
130
64
22
6
2
1
1
1
0
0
0
0
0
0
0
1
1
1
1
3
11
39
96
166
218
236
218
166
96
39
11
3
1
1
1
0
0
0
0
0
0
0
0
1
1
1
2
5
22
66
133
197
232
232
197
132
65
22
6
2
1
1
1
0
0
0
0
0
0
0
0
1
1
1
3
12
41
99
169
220
238
219
167
97
40
12
3
2
1
1
0
0
0
0
0
0
0
0
0
1
1
2
6
23
68
137
200
234
233
197
132
65
23
6
2
1
1
1
0
0
0
0
0
0
0
0
0
1
1
3
13
43
102
172
222
238
220
168
98
40
12
4
2
1
1
1
0
0
0
0
0
0
0
0
0
1
2
6
25
70
136
198
230
230
196
134
67
24
7
3
1
1
1
0
0
0
0
0
0
0
0
0
0
1
2
9
35
87
149
193
208
196
156
95
41
13
4
2
1
1
1
0
0
0
0
0
0
0
0
0
0
1
2
10
33
74
116
140
144
131
97
54
20
6
2
1
1
1
0
0
0
0
0
0
0
0
0
0
0
0
0
0
0
0
0
0
0
0
0
0
0
0
0
0
0
0
0
0
0
0
0
0
0
0
0
0
0
0
0
0
0
0
0
0
0
0
0
0
0
0
0
0
0
0
0
0
0
0
0
0
0
0
0
