29
48
0
0
0
0
0
0
0
0
0
0
0
0
0
0
0
0
0
0
0
0
0
0
0
0
0
0
0
0
0
0
0
0
0
0
0
0
0
0
0
0
0
0
0
0
0
0
0
0
0
0
0
0
0
0
0
0
0
0
0
0
24
35
41
42
42
42
42
42
42
42
42
42
42
42
42
42
42
42
42
42
42
42
39
32
19
0
0
0
0
61
89
103
107
107
107
107
107
107
107
107
107
107
107
107
107
107
107
107
108
108
106
100
80
48
0
0
0
0
103
151
174
180
181
181
181
181
181
181
181
181
181
181
181
181
181
181
181
182
181
179
168
135
82
0
0
0
0
130
191
221
228
229
229
229
229
229
229
229
229
229
229
229
229
229
229
230
230
230
227
213
171
103
0
0
0
0
132
195
225
233
234
234
234
234
234
234
234
234
234
234
234
234
234
235
239
243
246
244
227
179
105
0
0
0
0
109
161
186
193
193
194
194
194
194
194
194
194
194
194
194
194
195
200
213
231
244
245
225
171
96
0
0
0
0
67
100
116
120
121
121
121
121
121
121
121
121
121
121
121
122
125
137
167
208
237
241
214
153
79
0
0
0
0
28
41
47
49
50
50
50
50
50
50
50
50
50
50
51
52
58
82
133
193
232
235
197
129
59
0
0
0
0
7
11
12
13
13
13
13
13
13
13
13
13
13
13
14
17
29
68
133
199
234
225
175
102
40
0
0
0
0
2
3
3
3
3
3
3
3
3
3
3
3
3
4
5
11
33
84
157
215
236
212
151
77
26
0
0
0
0
1
1
1
2
2
2
2
2
2
2
2
2
2
3
5
15
48
111
183
229
233
194
124
56
17
0
0
0
0
1
1
1
1
1
1
1
1
1
1
1
1
1
2
6
24
70
140
205
236
223
170
97
38
10
0
0
0
0
0
0
0
0
0
0
0
0
0
0
1
1
1
3
11
37
95
168
222
237
209
145
72
24
6
0
0
0
0
0
0
0
0
0
0
0
0
0
1
1
1
2
5
18
56
122
192
233
232
189
118
51
14
3
0
0
0
0
0
0
0
0
0
0
0
0
0
1
1
1
3
8
29
79
150
212
238
221
165
91
34
8
2
0
0
0
0
0
0
0
0
0
0
0
0
1
1
1
2
4
14
45
106
177
226
236
204
137
66
21
5
1
0
0
0
0
0
0
0
0
0
0
0
0
1
1
1
3
6
22
65
134
200
235
228
181
108
45
12
3
1
0
0
0
0
0
0
0
0
0
0
0
0
1
1
2
3
10
35
90
161
218
238
215
154
81
29
7
2
1
0
0
0
0
0
0
0
0
0
0
0
1
1
1
2
5
16
52
116
186
231
235
198
127
58
17
4
1
1
0
0
0
0
0
0
0
0
0
0
0
1
1
1
3
7
26
73
144
207
237
226
175
101
40
10
2
1
1
0
0
0
0
0
0
0
0
0
0
0
1
1
2
4
12
40
99
171
223
238
211
148
75
26
6
2
1
1
0
0
0
0
0
0
0
0
0
0
1
1
1
2
5
19
59
126
194
233
232
191
119
53
16
4
1
1
1
0
0
0
0
0
0
0
0
0
0
1
1
1
3
8
30
81
153
213
237
221
166
91
35
9
2
1
1
1
0
0
0
0
0
0
0
0
0
1
1
1
2
4
14
46
107
179
226
236
204
138
67
21
5
2
1
1
1
0
0
0
0
0
0
0
0
0
1
1
1
2
6
23
67
136
201
235
229
183
111
46
13
3
1
1
1
0
0
0
0
0
0
0
0
0
0
1
1
1
3
10
37
93
165
219
237
216
159
86
31
7
2
1
1
1
0
0
0
0
0
0
0
0
0
1
1
1
2
4
18
56
122
191
231
234
198
131
62
19
4
1
1
1
1
0
0
0
0
0
0
0
0
0
1
1
1
2
7
29
79
150
211
237
226
177
105
43
11
3
1
1
1
0
0
0
0
0
0
0
0
0
1
1
1
2
3
13
44
105
176
225
237
212
153
81
29
7
2
1
1
1
0
0
0
0
0
0
0
0
0
1
1
1
2
5
21
65
133
199
234
232
194
126
59
18
4
1
1
1
1
0
0
0
0
0
0
0
0
1
1
1
1
2
9
34
89
160
217
238
222
170
99
40
11
3
1
1
1
0
0
0
0
0
0
0
0
0
1
1
1
2
4
15
51
116
185
229
236
206
143
73
25
6
2
1
1
1
0
0
0
0
0
0
0
0
0
1
1
1
2
6
25
73
144
206
236
230
186
117
52
16
4
2
1
1
1
0
0
0
0
0
0
0
0
0
1
1
1
3
10
39
98
170
222
239
219
164
91
35
9
3
1
1
1
0
0
0
0
0
0
0
0
0
1
1
1
1
4
18
59
126
194
233
236
203
139
69
23
6
2
1
1
1
0
0
0
0
0
0
0
0
0
1
1
1
2
7
30
83
155
213
239
228
183
112
49
15
4
2
1
1
0
0
0
0
0
0
0
0
0
1
1
1
1
3
13
47
110
181
228
239
215
158
86
32
9
3
2
1
1
0
0
0
0
0
0
0
0
0
1
1
1
2
5
22
68
139
203
237
235
198
131
62
20
5
2
1
1
1
0
0
0
0
0
0
0
0
0
1
1
1
2
9
36
93
166
220
240
226
176
104
43
13
4
2
1
1
1
0
0
0
0
0
0
0
0
0
1
1
1
4
17
55
121
190
232
239
212
153
80
29
8
3
1
1
1
0
0
0
0
0
0
0
0
0
0
1
1
2
7
28
78
149
208
236
231
193
126
59
19
5
2
1
1
1
0
0
0
0
0
0
0
0
0
0
1
1
2
10
39
96
163
208
222
207
162
97
40
12
4
2
1
1
0
0
0
0
0
0
0
0
0
0
0
1
1
3
12
40
90
142
171
175
158
117
64
24
7
3
1
1
1
0
0
0
0
0
0
0
0
0
0
0
1
1
2
9
28
60
90
104
104
91
65
33
12
3
2
1
1
1
0
0
0
0
0
0
0
0
0
0
0
0
0
0
0
0
0
0
0
0
0
0
0
0
0
0
0
0
0
0
0
0
0
0
0
0
0
0
0
0
0
0
0
0
0
0
0
0
0
0
0
0
0
0
0
0
0
0
0
0
0
0
0
0
0
0
0
