25
42
0
0
0
0
0
0
0
0
0
0
0
0
0
0
0
0
0
0
0
0
0
0
0
0
0
0
0
0
0
0
0
0
0
0
0
0
0
0
0
0
0
0
0
0
0
0
0
0
0
0
0
0
43
66
77
79
80
80
80
80
80
80
80
80
80
80
80
80
80
79
75
60
35
0
0
0
0
85
131
153
158
158
158
158
158
158
158
158
158
158
158
158
159
158
157
148
119
69
0
0
0
0
118
181
211
217
218
218
218
218
218
218
218
218
218
218
218
219
219
218
205
165
95
0
0
0
0
123
189
221
227
228
228
228
228
228
228
228
228
228
228
230
234
240
242
228
180
101
0
0
0
0
99
152
177
183
184
184
184
184
184
184
184
184
184
185
192
208
231
242
227
173
93
0
0
0
0
57
88
102
106
106
106
106
106
106
106
106
106
107
110
126
164
211
235
217
154
76
0
0
0
0
21
32
37
39
39
39
39
39
39
39
39
39
40
48
78
137
201
229
201
129
56
0
0
0
0
5
7
9
9
9
9
9
9
9
9
9
10
13
27
72
145
209
224
181
103
38
0
0
0
0
1
2
2
2
2
2
2
2
2
2
2
4
10
34
93
170
221
216
157
78
25
0
0
0
0
1
1
1
1
1
1
1
1
1
1
2
4
14
51
121
194
227
201
130
56
15
0
0
0
0
1
1
1
1
1
1
1
1
1
1
2
5
23
72
149
212
225
181
103
38
9
0
0
0
0
0
0
0
0
0
0
0
0
1
1
2
9
36
98
175
224
217
157
78
24
5
0
0
0
0
0
0
0
0
0
0
0
1
1
1
4
16
54
126
198
228
201
129
55
15
3
0
0
0
0
0
0
0
0
0
0
0
1
1
2
6
26
78
154
215
225
179
101
37
8
2
0
0
0
0
0
0
0
0
0
0
0
1
1
3
11
40
104
180
225
214
152
74
23
5
1
0
0
0
0
0
0
0
0
0
0
1
1
1
4
18
59
132
202
228
198
124
51
13
3
1
0
0
0
0
0
0
0
0
0
0
1
1
2
7
28
82
160
218
225
176
97
35
8
2
1
0
0
0
0
0
0
0
0
0
0
1
1
3
12
43
109
184
226
213
150
72
22
4
1
1
0
0
0
0
0
0
0
0
0
1
1
1
4
19
63
137
205
228
195
121
50
13
2
1
1
0
0
0
0
0
0
0
0
1
1
1
2
7
30
86
163
219
222
172
93
33
7
1
1
1
0
0
0
0
0
0
0
0
1
1
1
3
12
46
113
187
226
210
145
68
20
4
1
1
1
0
0
0
0
0
0
0
0
1
1
2
5
21
67
142
207
227
193
118
48
12
2
1
1
0
0
0
0
0
0
0
0
0
1
1
2
8
34
94
170
221
221
170
92
32
7
1
1
1
0
0
0
0
0
0
0
0
1
1
1
3
14
52
122
194
228
209
144
67
20
4
1
1
1
0
0
0
0
0
0
0
0
1
1
2
5
23
74
150
212
228
191
118
48
12
2
1
1
0
0
0
0
0
0
0
0
1
1
1
2
9
37
100
176
224
221
169
92
32
7
2
1
1
0
0
0
0
0
0
0
0
1
1
1
3
15
55
127
198
229
207
142
67
20
4
1
1
1
0
0
0
0
0
0
0
0
1
1
2
6
26
78
155
214
227
188
114
46
12
3
1
1
1
0
0
0
0
0
0
0
0
1
1
2
10
40
105
180
225
220
166
88
31
7
2
1
1
0
0
0
0
0
0
0
0
1
1
1
3
17
59
133
202
230
207
141
66
20
4
1
1
1
0
0
0
0
0
0
0
0
1
1
1
6
28
84
161
218
228
189
115
47
12
3
1
1
1
0
0
0
0
0
0
0
1
1
1
2
11
44
111
186
228
220
165
88
31
7
2
1
1
0
0
0
0
0
0
0
0
1
1
1
4
19
65
140
207
232
206
139
64
20
5
2
1
1
0
0
0
0
0
0
0
0
1
1
2
7
31
89
167
222
229
187
112
45
12
3
1
1
1
0
0
0
0
0
0
0
0
1
1
3
12
48
117
191
230
220
164
87
30
8
2
1
1
0
0
0
0
0
0
0
0
0
1
1
4
21
69
143
206
228
203
138
64
20
5
2
1
1
0
0
0
0
0
0
0
0
0
1
1
6
28
81
150
197
203
169
105
43
12
3
1
1
1
0
0
0
0
0
0
0
0
0
1
1
6
26
70
120
147
145
115
66
25
7
2
1
1
0
0
0
0
0
0
0
0
0
0
0
0
0
0
0
0
0
0
0
0
0
0
0
0
0
0
0
0
0
0
0
0
0
0
0
0
0
0
0
0
0
0
0
0
0
0
0
0
0
0
0
0
0
0
0
0
0
0
