21
36
0
0
0
0
0
0
0
0
0
0
0
0
0
0
0
0
0
0
0
0
0
0
0
0
0
0
0
0
0
0
0
0
0
0
0
0
0
0
0
0
0
0
0
0
49
61
65
65
65
65
65
65
65
65
65
65
65
65
65
59
43
0
0
0
0
112
141
150
150
151
151
151
151
151
151
151
151
151
151
149
136
99
0
0
0
0
160
202
214
215
216
216
216
216
216
216
216
216
217
218
216
197
143
0
0
0
0
157
199
211
212
213
213
213
213
213
213
213
215
222
234
239
217
153
0
0
0
0
105
133
142
142
143
143
143
143
143
143
144
152
176
212
233
210
140
0
0
0
0
42
54
57
57
57
57
57
57
58
58
62
80
127
191
222
192
115
0
0
0
0
10
12
13
13
13
13
13
13
14
15
23
54
121
193
215
169
87
0
0
0
0
2
2
2
2
2
2
2
2
3
6
20
67
146
208
206
141
62
0
0
0
0
1
1
1
1
1
1
1
1
2
8
33
94
175
217
190
112
41
0
0
0
0
0
0
0
0
0
1
1
1
3
13
50
124
198
216
166
83
25
0
0
0
0
0
0
0
0
0
1
1
1
5
22
74
154
213
206
137
58
14
0
0
0
0
0
0
0
0
0
1
1
2
9
37
103
182
218
186
106
38
8
0
0
0
0
0
0
0
0
0
1
1
3
15
57
134
203
214
159
77
22
4
0
0
0
0
0
0
0
0
1
1
1
5
26
82
163
216
201
129
53
12
2
0
0
0
0
0
0
0
0
1
1
2
10
42
111
189
219
180
100
34
7
1
0
0
0
0
0
0
0
1
1
1
3
17
63
142
207
212
153
72
20
4
1
0
0
0
0
0
0
0
1
1
2
6
29
90
170
217
196
122
48
11
2
1
0
0
0
0
0
0
1
1
1
2
12
47
120
194
218
174
93
31
6
1
1
0
0
0
0
0
0
1
1
1
4
21
72
151
212
210
147
67
18
3
1
1
0
0
0
0
0
0
1
1
2
8
36
102
181
221
194
117
45
10
2
1
1
0
0
0
0
0
1
1
1
3
15
56
133
203
219
171
89
29
6
1
1
1
0
0
0
0
0
1
1
2
5
26
82
163
217
209
143
64
18
4
1
1
1
0
0
0
0
1
1
1
2
10
42
111
189
222
190
112
43
10
2
1
1
0
0
0
0
0
1
1
1
4
18
64
142
208
218
165
83
26
6
2
1
1
0
0
0
0
0
1
1
2
6
30
90
171
220
206
137
59
16
3
1
1
1
0
0
0
0
0
1
1
2
12
48
120
195
223
187
108
39
9
2
1
1
0
0
0
0
0
0
1
1
4
20
71
151
213
218
161
80
25
5
2
1
1
0
0
0
0
0
0
1
2
7
35
99
180
223
203
131
55
14
3
1
1
1
0
0
0
0
0
0
1
2
14
54
130
202
224
183
103
36
8
2
1
1
0
0
0
0
0
0
0
1
4
24
78
158
214
214
156
76
23
5
1
1
1
0
0
0
0
0
0
0
1
7
33
92
162
198
181
119
51
13
3
1
1
0
0
0
0
0
0
0
0
1
7
29
75
122
138
118
72
27
7
2
1
1
0
0
0
0
0
0
0
0
0
0
0
0
0
0
0
0
0
0
0
0
0
0
0
0
0
0
0
0
0
0
0
0
0
0
0
0
0
0
0
0
0
0
0
0
0
0
0
0
