22
31
0
0
0
0
0
0
0
0
0
0
0
0
0
0
0
0
0
0
0
0
0
0
0
0
0
0
0
0
0
0
0
0
0
0
0
0
0
0
0
0
0
0
0
0
0
0
24
55
73
74
59
39
39
59
81
109
141
141
105
65
30
9
1
0
0
0
0
0
55
124
167
171
147
115
115
147
175
197
217
217
190
147
89
37
9
1
0
0
0
0
73
167
225
236
221
200
200
221
237
244
250
250
241
215
161
89
30
5
0
0
0
0
78
178
240
255
251
244
241
240
240
240
241
244
250
246
214
143
58
12
0
0
0
0
78
178
240
255
255
247
226
198
182
178
182
198
226
246
236
175
81
19
0
0
0
0
78
178
240
255
247
219
167
113
85
78
85
114
170
226
240
197
109
35
0
0
0
0
78
178
240
251
226
167
95
42
20
16
20
45
110
191
236
221
151
66
0
0
0
0
74
171
236
244
201
119
45
10
1
0
1
15
66
151
221
236
190
105
0
0
0
0
59
147
221
241
200
115
39
6
0
0
0
5
35
109
197
240
221
147
0
0
0
0
35
109
197
240
221
147
59
12
0
0
0
1
20
85
182
240
236
171
0
0
0
0
20
85
182
240
236
171
74
15
0
0
0
0
16
78
178
240
240
178
0
0
0
0
16
78
178
240
240
178
78
16
0
0
0
1
20
85
182
240
236
171
0
0
0
0
16
78
178
240
240
178
78
16
0
0
1
9
42
113
198
240
221
147
0
0
0
0
16
78
178
240
241
183
88
27
5
2
9
37
94
167
225
236
190
105
0
0
0
0
16
78
178
240
244
201
128
71
35
24
42
94
163
219
242
221
151
66
0
0
0
0
16
78
178
240
251
232
195
152
109
91
113
167
218
242
233
186
104
34
0
0
0
0
16
78
178
240
255
251
241
222
197
185
198
225
239
225
187
131
61
15
0
0
0
0
16
78
178
240
255
251
244
241
240
240
240
236
214
166
108
61
24
5
0
0
0
0
15
74
171
236
251
236
212
205
222
232
221
190
147
90
41
15
5
1
0
0
0
0
12
59
147
221
244
220
170
139
152
165
147
105
65
30
9
1
0
0
0
0
0
0
5
35
109
197
241
226
162
93
71
71
59
34
15
5
1
0
0
0
0
0
0
0
1
20
85
182
240
236
172
79
27
15
12
5
1
0
0
0
0
0
0
0
0
0
0
16
78
178
240
240
178
78
16
0
0
0
0
0
0
0
0
0
0
0
0
0
0
16
78
178
240
240
178
78
16
0
0
0
0
0
0
0
0
0
0
0
0
0
0
16
78
178
240
240
178
78
16
0
0
0
0
0
0
0
0
0
0
0
0
0
0
15
73
167
225
225
167
73
15
0
0
0
0
0
0
0
0
0
0
0
0
0
0
12
55
124
167
167
124
55
12
0
0
0
0
0
0
0
0
0
0
0
0
0
0
0
0
0
0
0
0
0
0
0
0
0
0
0
0
0
0
0
0
0
0
0
0
0
0
0
0
0
0
0
0
0
0
0
0
0
0
0
0
0
0
0
