23
31
0
0
0
0
0
0
0
0
0
0
0
0
0
0
0
0
0
0
0
0
0
0
0
0
0
0
0
0
0
0
0
0
0
0
0
0
0
0
0
0
0
0
0
0
0
0
0
0
15
34
56
56
39
45
90
143
171
171
147
109
81
59
34
15
5
1
0
0
0
0
0
55
100
140
141
115
119
166
214
236
236
221
197
175
147
104
61
24
5
0
0
0
0
0
97
167
213
217
200
201
225
242
243
241
240
240
236
221
185
128
55
12
0
0
0
0
0
99
186
239
250
245
244
242
225
198
185
198
226
246
250
230
171
80
19
1
0
0
0
0
85
182
241
255
255
247
219
167
113
91
113
167
219
247
243
197
109
35
5
0
0
0
0
78
178
240
255
247
219
163
94
42
24
42
95
167
226
246
222
151
66
15
0
0
0
0
78
178
240
252
229
173
98
38
9
2
9
41
109
191
240
240
190
105
34
0
0
0
0
74
171
236
248
216
143
60
14
1
0
1
15
66
151
222
246
221
147
59
0
0
0
0
59
147
221
247
225
154
63
13
0
0
0
5
35
109
197
243
236
171
74
0
0
0
0
35
109
197
243
236
171
74
15
0
0
0
1
20
85
182
241
240
178
78
0
0
0
0
20
85
182
241
240
178
78
16
0
0
0
0
16
78
178
239
236
171
74
0
0
0
0
16
78
178
240
240
178
78
16
0
0
0
0
16
78
178
236
225
154
63
0
0
0
0
15
74
171
236
240
182
85
20
1
0
0
1
20
85
182
233
212
133
50
0
0
0
0
12
59
147
221
240
198
114
46
20
16
16
20
46
114
198
236
206
123
44
0
0
0
0
5
35
109
197
240
226
170
114
85
78
78
85
114
170
221
228
183
98
30
0
0
0
0
1
20
85
182
240
247
226
198
182
178
178
182
198
221
224
190
132
61
15
0
0
0
0
0
16
78
178
240
255
251
244
241
240
240
241
243
236
194
124
65
24
5
0
0
0
0
0
16
78
178
240
255
251
244
241
240
240
240
236
211
147
69
22
5
1
0
0
0
0
0
15
74
171
236
251
236
208
186
179
178
178
171
142
85
30
5
0
0
0
0
0
0
0
12
59
147
221
244
220
163
108
83
78
78
74
58
30
9
1
0
0
0
0
0
0
0
5
35
109
197
241
226
158
74
28
16
16
15
12
5
1
0
0
0
0
0
0
0
0
1
20
85
182
240
236
171
74
15
0
0
0
0
0
0
0
0
0
0
0
0
0
0
0
16
78
178
240
240
178
78
16
0
0
0
0
0
0
0
0
0
0
0
0
0
0
0
16
78
178
240
241
182
85
20
1
0
0
0
0
0
0
0
0
0
0
0
0
0
0
15
74
171
236
243
197
109
35
5
0
0
0
0
0
0
0
0
0
0
0
0
0
0
12
58
142
210
231
206
136
55
11
0
0
0
0
0
0
0
0
0
0
0
0
0
0
5
30
85
142
170
163
117
51
11
0
0
0
0
0
0
0
0
0
0
0
0
0
0
0
0
0
0
0
0
0
0
0
0
0
0
0
0
0
0
0
0
0
0
0
0
0
0
0
0
0
0
0
0
0
0
0
0
0
0
0
0
0
0
0
0
