24
32
0
0
0
0
0
0
0
0
0
0
0
0
0
0
0
0
0
0
0
0
0
0
0
0
0
0
0
0
0
0
0
0
0
0
0
0
0
0
0
0
0
0
0
0
0
0
0
0
0
0
0
1
5
8
8
12
31
58
74
81
89
91
72
42
21
12
5
2
1
0
0
0
0
0
12
19
32
46
45
53
92
143
171
180
184
182
156
116
83
56
27
8
1
0
0
0
0
0
50
77
104
125
125
132
170
214
235
240
241
238
223
200
173
131
71
23
4
1
0
0
0
0
102
157
191
207
207
209
227
242
243
241
240
241
245
243
231
191
117
45
10
2
0
0
0
0
118
195
236
247
247
247
245
228
200
183
184
197
222
243
248
221
155
76
26
7
0
0
0
0
112
199
245
255
255
252
233
183
122
90
91
116
164
212
241
236
192
120
55
17
0
0
0
0
103
191
241
255
255
244
205
132
60
26
25
45
95
165
224
244
225
166
87
28
0
0
0
0
86
169
230
252
252
229
169
88
28
5
3
13
53
130
209
246
241
193
110
38
0
0
0
0
57
135
211
248
247
210
132
54
13
2
0
6
37
109
194
242
247
210
134
56
0
0
0
0
39
111
195
242
245
202
118
43
8
1
0
4
27
87
171
231
249
228
164
80
0
0
0
0
30
93
174
231
244
211
135
57
14
2
0
2
15
61
142
215
247
235
176
87
0
0
0
0
21
68
142
213
244
230
169
86
26
4
0
1
12
55
136
212
246
232
170
81
0
0
0
0
11
47
118
200
244
241
191
103
33
5
0
2
16
67
153
222
247
229
164
76
0
0
0
0
6
35
104
191
241
244
199
115
44
14
5
5
26
89
176
234
249
226
160
75
0
0
0
0
4
26
86
169
230
244
212
144
83
53
33
27
53
122
199
241
242
204
132
56
0
0
0
0
2
14
57
135
211
244
234
196
158
133
106
94
117
175
227
245
222
159
84
29
0
0
0
0
1
7
39
114
199
244
250
238
223
211
195
187
199
226
246
239
190
108
40
9
0
0
0
0
0
5
33
103
191
241
254
253
248
242
239
239
239
239
234
209
147
67
17
2
0
0
0
0
0
4
26
86
169
230
252
252
240
224
222
228
220
196
173
140
86
32
6
1
0
0
0
0
0
2
14
57
135
211
248
248
218
175
157
159
145
108
79
57
31
10
2
0
0
0
0
0
0
1
7
39
114
199
245
246
205
136
87
71
58
35
19
11
5
2
1
0
0
0
0
0
0
0
5
33
103
191
241
247
211
138
66
27
13
5
1
0
0
0
0
0
0
0
0
0
0
0
4
26
86
169
230
249
230
169
86
26
4
0
0
0
0
0
0
0
0
0
0
0
0
0
2
14
57
135
211
247
241
191
103
33
5
0
0
0
0
0
0
0
0
0
0
0
0
0
1
7
39
111
195
242
244
199
114
39
7
1
0
0
0
0
0
0
0
0
0
0
0
0
0
5
30
93
174
231
243
207
127
51
12
2
0
0
0
0
0
0
0
0
0
0
0
0
0
4
21
68
138
202
226
199
128
57
16
2
0
0
0
0
0
0
0
0
0
0
0
0
0
2
11
41
93
145
165
141
85
35
9
2
0
0
0
0
0
0
0
0
0
0
0
0
0
0
0
0
0
0
0
0
0
0
0
0
0
0
0
0
0
0
0
0
0
0
0
0
0
0
0
0
0
0
0
0
0
0
0
0
0
0
0
0
0
0
0
0
