23
31
0
0
0
0
0
0
0
0
0
0
0
0
0
0
0
0
0
0
0
0
0
0
0
0
0
0
0
0
0
0
0
0
0
0
0
0
0
0
0
0
0
0
0
0
0
0
0
0
0
5
24
55
73
74
59
39
39
59
71
59
34
15
5
1
0
0
0
0
0
0
0
0
12
55
124
167
171
147
115
115
147
165
147
105
66
34
15
5
1
0
0
0
0
0
0
15
73
167
225
236
221
200
200
221
232
221
190
151
105
65
30
9
1
0
0
0
0
0
16
78
178
240
255
251
244
241
241
243
246
240
222
190
147
89
37
9
0
0
0
0
0
16
78
178
240
255
255
247
226
201
200
222
240
246
240
215
161
89
30
0
0
0
0
0
16
78
178
240
255
247
219
167
119
115
151
191
226
246
246
214
143
58
0
0
0
0
0
16
78
178
240
251
226
167
95
45
39
66
109
167
219
246
236
175
81
0
0
0
0
1
20
85
182
240
241
191
109
41
10
6
15
42
99
173
229
241
197
109
0
0
0
0
5
35
109
197
240
222
151
66
15
1
0
1
14
60
143
216
243
217
141
0
0
0
0
12
59
147
221
240
197
109
35
5
0
0
0
13
63
154
225
246
217
141
0
0
0
0
15
74
171
236
240
182
85
20
1
0
0
0
15
74
171
236
243
197
109
0
0
0
0
16
78
178
240
240
178
78
16
0
0
0
0
16
78
178
240
241
182
85
0
0
0
0
16
78
178
240
240
178
78
16
0
0
0
0
16
78
178
240
240
178
78
0
0
0
0
16
78
178
240
241
183
88
27
5
1
0
1
20
85
182
240
236
171
74
0
0
0
0
16
78
178
240
244
201
128
71
35
19
13
14
43
113
198
240
221
147
59
0
0
0
0
16
78
178
240
251
232
195
152
109
81
63
60
99
167
225
236
190
105
34
0
0
0
0
16
78
178
240
255
251
241
222
197
175
154
143
173
219
242
221
151
66
15
0
0
0
0
16
78
178
240
255
251
244
241
240
236
225
216
228
242
233
186
104
34
5
0
0
0
0
20
85
182
240
247
226
201
200
221
236
241
243
242
225
187
131
61
15
1
0
0
0
0
35
109
197
240
226
170
120
115
147
175
197
217
211
166
108
61
24
5
0
0
0
0
0
59
147
221
240
198
114
50
39
59
81
109
141
137
90
41
15
5
1
0
0
0
0
0
74
171
236
240
182
85
21
6
12
19
35
56
55
30
9
1
0
0
0
0
0
0
0
78
178
240
240
178
78
16
0
0
1
5
11
11
5
1
0
0
0
0
0
0
0
0
78
178
240
240
178
78
16
0
0
0
0
0
0
0
0
0
0
0
0
0
0
0
0
78
178
240
240
178
78
16
0
0
0
0
0
0
0
0
0
0
0
0
0
0
0
0
73
167
225
225
167
73
15
0
0
0
0
0
0
0
0
0
0
0
0
0
0
0
0
55
124
167
167
124
55
12
0
0
0
0
0
0
0
0
0
0
0
0
0
0
0
0
0
0
0
0
0
0
0
0
0
0
0
0
0
0
0
0
0
0
0
0
0
0
0
0
0
0
0
0
0
0
0
0
0
0
0
0
0
0
0
0
0
0
0
0
