23
30
0
0
0
0
0
0
0
0
0
0
0
0
0
0
0
0
0
0
0
0
0
0
0
0
0
0
0
0
0
0
0
0
0
0
0
0
0
0
0
0
0
0
0
0
0
0
0
0
0
0
12
55
124
160
143
90
45
39
56
56
35
19
12
5
1
0
0
0
0
0
0
0
0
15
73
167
221
214
166
119
115
141
141
109
81
59
34
15
5
1
0
0
0
0
0
0
16
78
178
239
247
226
201
200
217
217
197
175
147
105
65
30
9
0
0
0
0
0
0
16
78
178
240
255
251
244
241
240
240
240
236
221
190
146
85
30
0
0
0
0
0
1
20
85
182
241
255
251
241
222
200
200
222
240
246
240
212
146
65
0
0
0
0
0
5
35
109
197
243
247
226
191
151
115
115
152
195
232
250
240
186
99
0
0
0
0
0
12
59
147
221
246
226
170
110
66
39
39
70
125
195
241
245
202
116
0
0
0
0
0
15
74
171
236
243
198
114
45
15
6
6
22
70
152
222
240
197
109
0
0
0
0
0
16
78
178
240
241
182
85
20
1
0
0
5
35
109
197
234
200
115
0
0
0
0
1
20
85
182
241
240
178
78
16
0
0
0
1
20
85
182
236
221
147
0
0
0
0
5
35
109
197
243
236
171
74
15
0
0
0
1
20
85
182
240
236
171
0
0
0
0
12
59
147
221
246
221
147
59
12
0
0
0
5
35
109
197
243
236
171
0
0
0
0
15
74
171
236
243
197
109
35
5
0
0
0
12
59
147
221
246
221
147
0
0
0
0
16
78
178
240
241
186
95
30
6
1
0
1
19
81
175
237
243
197
109
0
0
0
0
16
78
178
240
244
201
128
71
35
19
13
14
43
113
198
243
237
175
81
0
0
0
0
20
85
182
241
251
232
195
152
109
81
63
60
99
167
225
242
214
143
58
0
0
0
0
35
109
197
244
255
251
241
222
197
175
154
143
173
218
239
218
162
89
30
0
0
0
0
59
147
221
250
251
245
244
246
243
237
225
215
225
232
214
162
93
37
9
0
0
0
0
74
171
236
250
232
205
201
221
236
240
240
236
221
190
147
89
37
9
1
0
0
0
0
78
178
240
244
201
139
120
147
171
182
193
196
162
109
65
30
9
1
0
0
0
0
0
78
178
240
241
183
93
50
59
74
85
102
113
84
41
15
5
1
0
0
0
0
0
0
85
182
240
236
171
75
20
12
15
20
31
40
27
9
1
0
0
0
0
0
0
0
0
109
197
240
221
147
59
12
0
0
1
4
7
4
1
0
0
0
0
0
0
0
0
0
147
221
240
197
109
35
5
0
0
0
0
0
0
0
0
0
0
0
0
0
0
0
0
160
221
225
170
80
19
1
0
0
0
0
0
0
0
0
0
0
0
0
0
0
0
0
124
167
167
124
55
12
0
0
0
0
0
0
0
0
0
0
0
0
0
0
0
0
0
0
0
0
0
0
0
0
0
0
0
0
0
0
0
0
0
0
0
0
0
0
0
0
0
0
0
0
0
0
0
0
0
0
0
0
0
0
0
0
0
0
0
0
0
