25
30
0
0
0
0
0
0
0
0
0
0
0
0
0
0
0
0
0
0
0
0
0
0
0
0
0
0
0
0
0
0
0
0
0
0
0
0
0
0
0
0
0
0
0
0
0
0
0
0
0
0
0
0
0
0
0
2
13
47
96
120
104
82
64
42
24
17
15
12
5
1
0
0
0
0
0
0
0
0
0
0
4
26
83
159
199
194
177
154
119
90
79
74
59
32
12
3
1
0
0
0
0
0
0
0
0
5
33
103
190
237
244
238
225
202
183
177
171
145
97
51
22
7
1
0
0
0
0
0
0
1
7
39
114
199
245
255
255
252
245
240
239
236
217
177
124
71
27
6
0
0
0
0
0
0
2
14
57
135
211
248
254
251
247
244
241
241
244
244
231
197
138
67
20
0
0
0
0
0
0
4
26
86
169
230
251
248
230
209
196
186
186
203
232
247
237
192
115
46
0
0
0
0
0
0
5
33
103
191
241
251
231
185
136
108
91
93
131
195
239
249
224
159
77
0
0
0
0
0
1
7
39
114
199
244
244
204
132
68
37
24
30
72
150
218
247
237
184
99
0
0
0
0
0
2
14
57
135
211
244
230
172
91
31
8
2
7
38
109
189
238
243
203
123
0
0
0
0
0
4
26
86
169
230
244
211
135
57
14
2
0
4
28
91
176
233
247
218
146
0
0
0
0
1
7
38
109
194
242
244
199
114
39
7
1
0
5
32
100
186
238
249
220
149
0
0
0
0
2
14
57
135
211
247
241
191
103
33
5
0
0
6
36
108
195
243
247
208
129
0
0
0
0
4
26
86
169
230
249
230
170
86
26
4
1
1
8
41
115
200
245
245
199
113
0
0
0
0
5
33
103
191
241
248
217
147
68
19
3
1
4
21
65
139
212
247
241
190
103
0
0
0
0
7
39
114
199
245
249
220
159
89
37
10
4
16
52
114
184
233
247
225
164
83
0
0
0
0
14
57
135
211
248
253
239
205
153
93
44
29
50
103
169
222
247
240
196
119
49
0
0
0
0
26
86
169
230
252
255
252
242
215
167
115
97
120
170
215
241
245
222
162
80
24
0
0
0
0
33
103
191
241
254
253
249
249
245
225
199
188
201
226
241
239
218
178
115
48
11
0
0
0
0
39
114
199
244
250
235
221
223
236
245
243
242
244
248
240
209
159
105
57
20
4
0
0
0
0
57
135
211
244
234
196
160
156
184
219
235
238
235
229
204
152
89
43
17
5
1
0
0
0
0
86
169
230
244
213
148
91
76
103
146
171
175
171
162
132
82
35
11
3
1
0
0
0
0
0
103
191
241
244
200
119
50
24
34
59
74
76
74
68
52
27
9
2
1
0
0
0
0
0
0
114
199
244
241
191
104
35
7
5
12
15
16
15
14
10
5
1
1
0
0
0
0
0
0
0
127
207
243
230
169
86
26
4
0
0
0
0
0
0
0
0
0
0
0
0
0
0
0
0
0
128
199
225
199
128
55
14
2
0
0
0
0
0
0
0
0
0
0
0
0
0
0
0
0
0
85
141
164
140
81
29
6
1
0
0
0
0
0
0
0
0
0
0
0
0
0
0
0
0
0
0
0
0
0
0
0
0
0
0
0
0
0
0
0
0
0
0
0
0
0
0
0
0
0
0
0
0
0
0
0
0
0
0
0
0
0
0
0
0
0
0
0
0
0
0
0
0
0
