26
29
0
0
0
0
0
0
0
0
0
0
0
0
0
0
0
0
0
0
0
0
0
0
0
0
0
0
0
0
0
0
0
0
0
0
0
0
0
0
0
0
0
0
0
0
0
0
0
0
0
0
0
0
0
0
1
1
3
7
15
26
41
57
66
69
69
69
69
65
54
37
22
11
4
2
1
1
0
0
0
0
1
3
12
30
56
84
111
137
151
155
155
155
155
149
131
104
74
44
19
6
2
1
0
0
0
0
3
14
40
83
129
166
191
208
215
217
217
217
217
214
204
184
152
107
58
21
6
1
0
0
0
0
11
39
92
153
199
222
227
222
213
208
207
207
209
216
225
227
214
176
115
53
16
3
0
0
0
0
26
78
149
206
231
227
203
172
147
135
133
133
137
153
184
216
232
219
169
94
34
8
0
0
0
0
46
115
189
228
225
188
137
93
65
54
52
52
56
73
111
166
215
233
203
132
56
14
0
0
0
0
58
130
192
212
188
131
72
34
18
14
13
14
15
24
54
113
185
230
221
159
76
22
0
0
0
0
50
104
145
152
125
75
32
12
9
11
13
14
14
17
34
86
165
224
228
175
90
28
0
0
0
0
25
51
69
71
58
37
22
20
28
40
47
49
50
51
62
101
170
225
232
183
99
33
0
0
0
0
7
15
21
26
33
43
55
67
87
110
123
127
128
128
135
158
201
235
235
188
104
36
0
0
0
0
2
7
19
41
71
105
132
151
171
191
203
206
206
207
209
218
234
246
237
190
107
37
0
0
0
0
6
23
57
103
149
185
207
217
222
225
227
226
226
226
228
233
243
249
238
190
107
37
0
0
0
0
20
61
120
177
214
230
230
220
204
187
175
171
170
171
175
191
220
241
237
190
107
37
0
0
0
0
46
111
180
224
236
220
192
160
129
99
81
74
74
75
85
120
180
228
235
190
107
37
0
0
0
0
77
156
217
237
218
170
117
77
50
30
19
16
16
17
30
77
157
221
234
190
107
37
0
0
0
0
103
184
232
230
183
112
54
24
12
5
2
1
1
3
17
66
151
219
233
190
107
37
0
0
0
0
118
198
236
220
155
75
24
7
3
1
1
1
2
5
22
73
156
221
234
190
107
37
0
0
0
0
122
201
236
217
150
70
21
6
3
2
2
3
7
17
45
102
176
229
235
190
107
37
0
0
0
0
114
194
235
225
172
100
47
21
13
12
13
18
32
57
99
156
210
240
236
190
107
37
0
0
0
0
93
173
226
236
208
158
107
71
56
52
54
67
94
130
170
208
235
247
237
189
107
37
0
0
0
0
62
133
197
231
234
214
183
153
138
133
136
148
172
194
207
216
230
242
234
188
106
37
0
0
0
0
31
81
144
196
225
233
227
216
209
207
206
206
206
196
177
168
188
214
215
175
99
35
0
0
0
0
11
35
79
130
171
199
214
218
217
215
207
190
167
135
103
94
121
153
159
130
74
26
0
0
0
0
3
11
29
58
92
123
145
154
155
152
140
116
88
59
38
36
54
74
78
64
36
13
0
0
0
0
1
3
7
16
31
49
63
68
69
67
59
44
28
16
9
9
15
21
22
18
11
4
0
0
0
0
0
0
0
0
0
0
0
0
0
0
0
0
0
0
0
0
0
0
0
0
0
0
0
0
0
0
0
0
0
0
0
0
0
0
0
0
0
0
0
0
0
0
0
0
0
0
0
0
0
0
