30
33
0
0
0
0
0
0
0
0
0
0
0
0
0
0
0
0
0
0
0
0
0
0
0
0
0
0
0
0
0
0
0
0
0
0
0
0
0
0
0
0
0
0
0
0
0
0
0
0
0
0
0
0
0
0
0
0
0
0
0
0
0
0
1
1
2
5
12
21
33
49
67
81
86
87
87
87
87
87
80
66
47
31
18
9
3
1
1
1
0
0
0
0
1
3
7
20
40
65
90
115
141
158
165
167
167
167
167
165
157
139
112
85
57
31
13
4
1
1
0
0
0
0
2
8
25
55
96
135
166
189
207
218
221
222
222
222
222
221
217
205
185
159
123
78
38
14
4
1
0
0
0
0
7
24
60
111
162
200
221
230
232
229
225
223
222
222
223
225
229
233
229
216
187
139
82
36
11
3
0
0
0
0
17
52
109
169
212
234
237
227
209
189
175
169
168
168
169
176
192
214
232
238
227
191
132
68
24
6
0
0
0
0
33
86
155
209
236
236
217
184
148
117
98
91
90
90
91
100
122
158
198
228
239
222
173
103
42
12
0
0
0
0
51
116
185
227
236
216
173
121
78
50
37
32
31
31
32
38
57
94
147
201
234
236
200
133
62
19
0
0
0
0
61
127
186
214
210
177
121
66
31
16
10
9
9
9
10
12
22
48
100
169
222
239
216
155
80
27
0
0
0
0
53
104
145
162
153
120
72
32
12
7
7
9
10
10
11
12
15
31
76
148
212
239
224
169
92
34
0
0
0
0
30
57
78
86
80
61
36
19
12
14
21
29
33
34
34
35
36
47
84
149
210
239
228
177
100
38
0
0
0
0
11
20
27
30
30
28
28
32
37
47
65
82
92
94
94
95
96
103
129
176
221
242
231
182
106
42
0
0
0
0
3
5
8
15
26
42
64
84
98
114
137
158
169
172
172
173
173
177
190
214
237
247
233
185
109
44
0
0
0
0
2
6
17
37
67
101
134
160
176
189
205
219
225
227
227
227
227
229
233
241
249
249
233
186
110
45
0
0
0
0
6
20
49
91
136
175
203
220
228
230
232
232
231
230
230
230
230
232
236
243
249
250
233
186
111
45
0
0
0
0
18
50
102
157
200
226
237
237
231
220
204
188
179
176
175
175
175
179
192
216
238
247
233
186
111
45
0
0
0
0
40
93
158
209
235
241
230
210
186
161
132
106
91
87
86
86
87
95
123
173
220
242
233
186
111
45
0
0
0
0
68
136
199
235
242
226
191
148
112
83
59
39
28
24
24
24
26
37
75
144
208
240
232
186
110
45
0
0
0
0
94
169
223
243
231
192
135
82
47
28
17
9
4
3
3
4
6
18
60
135
205
239
232
186
110
45
0
0
0
0
114
188
233
241
215
157
88
38
15
7
4
2
1
1
1
2
4
17
60
135
205
239
232
186
110
45
0
0
0
0
125
198
237
238
202
134
62
20
6
3
2
1
1
1
2
3
7
23
68
142
208
240
232
186
110
45
0
0
0
0
128
200
238
238
201
132
60
20
6
3
2
2
2
3
4
9
19
45
95
163
218
242
233
186
111
45
0
0
0
0
122
195
236
240
212
153
85
39
17
10
7
7
7
10
17
31
54
93
146
199
234
246
233
186
111
45
0
0
0
0
105
179
228
243
228
189
136
87
54
37
31
31
32
40
57
84
118
159
199
230
246
249
233
186
110
45
0
0
0
0
79
148
207
237
240
224
193
156
121
99
91
90
93
103
126
156
184
207
225
238
247
248
232
185
110
45
0
0
0
0
48
105
167
214
236
240
232
214
192
176
169
168
170
178
193
207
213
208
206
217
234
242
229
183
110
45
0
0
0
0
23
59
113
167
206
227
236
237
231
225
223
222
220
218
215
206
186
160
150
169
200
218
210
169
101
41
0
0
0
0
8
25
59
103
145
179
203
217
222
222
221
219
212
198
178
152
119
90
83
108
143
162
158
127
76
31
0
0
0
0
3
8
22
45
75
106
135
156
165
166
166
163
152
131
105
78
54
36
34
52
74
86
83
67
40
17
0
0
0
0
1
2
6
14
26
43
63
79
86
87
87
85
76
60
42
27
16
10
11
18
25
29
28
23
14
6
0
0
0
0
0
0
0
0
0
0
0
0
0
0
0
0
0
0
0
0
0
0
0
0
0
0
0
0
0
0
0
0
0
0
0
0
0
0
0
0
0
0
0
0
0
0
0
0
0
0
0
0
0
0
0
0
0
0
0
0
0
0
