30
29
0
0
0
0
0
0
0
0
0
0
0
0
0
0
0
0
0
0
0
0
0
0
0
0
0
0
0
0
0
0
0
0
0
0
0
0
0
0
0
0
0
0
0
0
0
0
0
0
0
0
0
0
0
0
0
0
0
0
0
0
0
0
1
1
2
5
10
18
28
40
55
66
70
71
71
71
71
70
65
54
39
26
16
8
3
1
1
1
0
0
0
0
1
3
9
21
40
63
86
108
130
146
153
154
154
154
154
153
145
129
105
81
56
32
14
5
2
1
0
0
0
0
3
11
30
62
102
138
166
186
201
210
213
213
213
213
213
213
210
200
183
160
127
84
44
17
5
2
0
0
0
0
10
32
74
126
173
205
221
225
221
214
207
204
204
204
204
208
215
223
225
218
194
151
95
45
15
4
0
0
0
0
25
68
129
186
221
233
226
205
179
155
139
134
133
133
134
141
159
187
214
232
230
203
149
84
33
9
0
0
0
0
44
104
171
218
233
221
187
144
104
76
60
55
54
54
55
62
82
118
165
210
235
230
189
122
55
17
0
0
0
0
57
120
180
210
210
181
130
78
43
25
18
16
16
16
16
20
31
59
110
175
224
238
213
151
76
26
0
0
0
0
49
98
138
155
148
118
74
36
16
10
11
13
15
16
16
17
21
38
82
152
213
239
224
168
92
34
0
0
0
0
26
50
68
76
71
57
38
25
21
25
35
45
50
52
52
53
54
64
98
158
214
240
229
178
101
39
0
0
0
0
8
15
22
27
32
38
47
56
64
77
96
115
125
127
128
128
129
135
155
193
228
244
232
183
107
43
0
0
0
0
3
7
16
31
53
80
108
130
145
158
176
193
201
203
203
203
203
206
214
230
244
248
233
185
110
44
0
0
0
0
6
19
45
82
122
158
186
204
212
216
220
222
223
222
222
222
222
224
229
239
248
249
233
186
111
45
0
0
0
0
20
53
103
154
194
219
229
228
221
210
195
181
172
169
168
168
169
173
188
213
237
247
233
186
111
45
0
0
0
0
46
101
164
210
233
235
219
194
169
144
118
95
81
77
76
76
77
86
116
169
219
242
233
186
111
45
0
0
0
0
78
148
207
237
237
212
169
123
88
64
45
30
21
18
18
19
20
33
72
142
208
240
232
186
110
45
0
0
0
0
105
179
228
242
222
172
109
59
31
18
10
5
2
2
2
3
5
18
61
135
205
239
232
186
110
45
0
0
0
0
122
195
236
239
206
141
71
27
9
4
2
1
1
1
2
3
7
24
69
142
208
240
232
186
110
45
0
0
0
0
126
198
237
238
203
136
65
24
8
4
3
2
2
3
6
11
23
49
99
165
219
242
233
186
110
45
0
0
0
0
118
191
234
241
215
160
97
51
27
17
14
13
14
18
27
43
68
106
155
203
235
246
233
186
110
45
0
0
0
0
95
167
219
240
232
201
156
113
80
62
55
54
56
64
83
110
141
174
206
231
245
248
233
185
110
45
0
0
0
0
62
124
184
222
236
231
212
186
159
141
134
133
135
143
161
181
196
204
212
225
239
244
230
183
109
44
0
0
0
0
30
72
127
176
210
227
231
226
216
208
204
203
202
201
203
201
188
170
163
180
206
221
211
169
101
41
0
0
0
0
11
30
65
108
147
177
199
211
214
213
213
211
204
191
174
152
124
97
91
113
145
162
157
126
76
31
0
0
0
0
3
9
23
45
72
99
125
144
152
154
153
151
141
122
98
75
53
36
35
51
71
81
79
64
38
16
0
0
0
0
1
2
6
12
22
36
52
64
70
71
70
69
62
49
35
23
14
9
9
15
22
25
24
20
12
5
0
0
0
0
0
0
0
0
0
0
0
0
0
0
0
0
0
0
0
0
0
0
0
0
0
0
0
0
0
0
0
0
0
0
0
0
0
0
0
0
0
0
0
0
0
0
0
0
0
0
0
0
0
0
0
0
0
0
0
0
0
0
