31
37
0
0
0
0
0
0
0
0
0
0
0
0
0
0
0
0
0
0
0
0
0
0
0
0
0
0
0
0
0
0
0
0
0
0
0
0
0
0
0
0
0
0
0
0
0
0
0
0
0
0
0
0
0
0
0
0
0
0
0
0
0
0
0
0
1
1
1
1
2
4
7
13
22
34
42
46
47
47
47
47
46
42
33
21
12
6
3
2
1
1
1
0
0
0
0
1
1
1
3
7
15
28
45
65
89
106
113
114
114
114
114
113
105
87
63
41
24
12
4
2
1
1
0
0
0
0
1
1
3
8
22
47
77
106
133
160
178
186
187
187
187
187
186
177
158
129
99
67
37
15
5
2
1
0
0
0
0
1
2
8
25
58
101
144
177
200
217
227
231
231
231
231
231
231
227
215
196
169
131
83
40
14
4
2
0
0
0
0
2
6
22
58
110
163
203
226
236
238
235
231
230
229
229
230
232
236
238
234
220
190
139
80
34
10
3
0
0
0
0
4
15
47
103
164
211
235
241
235
220
201
188
183
182
182
183
189
204
224
238
241
227
188
126
63
21
5
0
0
0
0
7
28
77
146
204
235
241
228
201
168
136
116
109
107
107
109
118
141
177
212
236
240
219
166
95
37
10
0
0
0
0
12
45
108
178
226
240
228
193
145
100
68
49
43
42
42
44
51
73
115
166
213
238
234
193
124
55
16
0
0
0
0
18
60
129
194
229
230
201
147
88
46
24
15
12
12
12
13
17
30
63
118
183
228
239
211
147
72
24
0
0
0
0
21
63
127
180
203
196
158
100
48
19
8
6
6
6
6
7
8
14
34
84
157
217
240
221
163
86
30
0
0
0
0
17
49
94
130
144
134
103
59
25
10
6
8
10
11
11
12
12
15
28
70
143
209
239
226
172
95
35
0
0
0
0
9
25
48
65
71
66
50
29
16
11
14
22
30
35
36
36
37
38
48
84
148
210
239
229
178
102
39
0
0
0
0
3
8
16
21
23
23
22
23
28
33
44
63
82
92
94
95
95
96
103
129
176
221
242
231
182
107
42
0
0
0
0
1
2
4
6
10
19
33
54
74
89
106
131
154
166
169
170
170
170
174
188
213
237
246
233
185
110
44
0
0
0
0
1
2
4
10
26
51
83
118
146
164
179
198
216
224
226
226
226
227
228
233
241
249
249
233
186
111
45
0
0
0
0
1
3
12
33
68
112
154
187
210
221
228
235
240
243
243
243
243
243
244
246
249
252
250
234
186
111
45
0
0
0
0
3
10
33
75
129
178
212
232
240
241
236
229
220
215
213
213
213
213
215
222
234
246
249
233
186
111
45
0
0
0
0
7
25
67
128
185
224
241
243
235
222
203
179
156
142
138
137
137
138
143
163
198
231
245
233
186
111
45
0
0
0
0
14
48
108
175
223
243
241
224
196
167
137
105
76
60
55
54
54
55
65
99
158
214
241
233
186
111
45
0
0
0
0
25
74
145
208
239
242
222
182
134
94
65
42
24
14
11
11
11
13
25
66
138
206
239
232
186
110
45
0
0
0
0
37
97
172
225
244
231
189
129
74
39
21
11
5
2
1
1
2
4
17
59
134
204
239
232
186
110
45
0
0
0
0
47
114
189
234
242
215
156
86
36
13
6
3
1
1
1
1
2
4
17
60
134
204
239
232
186
110
45
0
0
0
0
54
125
198
237
238
202
134
61
20
6
3
2
1
1
1
2
3
6
20
64
138
206
239
232
186
110
45
0
0
0
0
57
129
201
238
237
198
127
55
17
5
3
2
1
2
2
3
5
12
33
82
153
214
241
233
186
110
45
0
0
0
0
55
126
199
237
239
205
139
69
25
9
4
3
3
3
4
8
16
33
67
122
183
228
245
233
186
110
45
0
0
0
0
49
116
190
234
242
219
168
105
55
27
15
11
11
12
16
28
49
80
124
175
218
242
248
233
186
110
45
0
0
0
0
38
98
171
223
243
235
205
158
110
72
51
43
42
44
54
77
108
145
184
218
240
249
249
233
185
110
45
0
0
0
0
25
71
140
201
235
243
233
209
175
141
118
109
108
110
122
146
176
202
219
230
240
247
247
232
185
110
45
0
0
0
0
13
43
99
163
212
237
244
238
223
204
189
183
182
184
191
205
218
220
211
205
215
233
242
230
184
110
45
0
0
0
0
6
21
57
112
168
209
231
241
241
237
232
230
229
227
225
222
212
190
162
150
170
203
222
214
172
103
42
0
0
0
0
2
8
26
62
109
154
189
213
226
231
231
231
229
222
208
189
162
127
95
88
115
152
173
169
136
82
33
0
0
0
0
1
3
9
26
53
87
122
153
176
185
187
187
184
172
149
121
92
63
41
40
61
87
101
98
79
48
19
0
0
0
0
1
1
3
8
18
35
58
83
103
112
114
113
111
100
79
56
36
22
13
14
24
34
40
39
31
19
8
0
0
0
0
0
0
0
0
0
0
0
0
0
0
0
0
0
0
0
0
0
0
0
0
0
0
0
0
0
0
0
0
0
0
0
0
0
0
0
0
0
0
0
0
0
0
0
0
0
0
0
0
0
0
0
0
0
0
0
0
0
0
0
0
