26
33
0
0
0
0
0
0
0
0
0
0
0
0
0
0
0
0
0
0
0
0
0
0
0
0
0
0
0
0
0
0
0
0
0
0
0
0
0
0
0
0
0
0
0
0
0
0
0
0
0
0
0
0
0
0
1
1
3
9
19
33
52
72
84
87
87
87
87
82
68
47
28
14
6
2
1
1
0
0
0
0
1
4
12
31
59
89
120
146
162
166
167
167
166
159
141
111
78
46
20
6
2
1
0
0
0
0
3
12
37
78
125
163
191
210
219
221
222
222
221
218
206
183
149
102
54
20
5
1
0
0
0
0
9
32
79
139
189
218
230
230
226
223
222
222
224
228
231
227
207
164
102
45
13
3
0
0
0
0
20
63
129
191
226
234
223
201
181
171
168
168
172
186
209
229
233
208
151
79
28
6
0
0
0
0
37
98
172
221
234
215
177
137
107
93
90
90
95
115
153
197
228
229
187
114
46
12
0
0
0
0
54
126
196
228
218
173
115
69
43
33
31
32
35
51
89
148
206
231
209
141
64
18
0
0
0
0
63
133
192
209
182
123
63
27
13
10
9
10
11
19
47
105
179
226
220
161
80
25
0
0
0
0
53
108
148
154
126
76
32
12
7
9
10
10
11
14
32
83
162
220
225
173
92
30
0
0
0
0
30
59
79
81
65
38
19
14
18
27
32
34
34
36
49
91
163
220
228
180
99
34
0
0
0
0
11
20
27
30
29
29
33
41
58
78
90
94
95
96
105
135
186
228
231
185
104
37
0
0
0
0
3
6
11
21
39
63
86
105
127
152
167
172
172
173
178
193
220
240
234
187
107
39
0
0
0
0
3
9
25
54
93
132
162
181
198
215
224
227
227
227
229
234
243
248
236
188
108
40
0
0
0
0
8
26
64
115
164
200
220
228
231
232
231
230
230
230
232
236
244
248
236
188
108
40
0
0
0
0
21
60
121
179
218
235
235
226
210
192
180
176
175
175
180
195
221
240
234
188
108
40
0
0
0
0
43
104
173
221
238
229
205
176
144
113
94
87
86
87
96
129
184
227
232
188
108
40
0
0
0
0
69
144
208
236
227
190
143
101
69
44
29
25
24
26
39
83
158
219
230
187
108
40
0
0
0
0
93
172
226
233
199
138
79
41
22
11
5
3
3
6
20
69
151
216
230
187
108
40
0
0
0
0
111
189
232
223
169
94
38
13
5
2
1
1
1
4
19
69
150
216
230
187
108
40
0
0
0
0
121
198
233
215
149
70
22
6
2
1
1
1
2
6
24
76
156
218
230
187
108
40
0
0
0
0
123
200
233
214
147
69
21
6
3
2
2
3
6
16
44
101
174
226
232
188
108
40
0
0
0
0
118
195
233
221
165
92
39
15
8
7
8
12
23
47
89
147
205
237
234
188
108
40
0
0
0
0
103
182
229
232
197
138
84
49
34
31
33
44
69
105
151
198
232
246
235
188
108
40
0
0
0
0
79
154
214
237
226
193
150
114
95
91
94
109
139
173
202
224
240
246
235
187
108
40
0
0
0
0
50
114
181
224
238
230
209
186
173
169
171
182
199
210
209
209
222
236
230
185
107
39
0
0
0
0
25
69
131
187
220
234
235
229
224
222
220
217
211
193
167
156
178
207
209
170
99
37
0
0
0
0
10
33
75
126
169
200
216
221
221
219
211
193
166
132
99
90
117
149
156
128
74
28
0
0
0
0
3
11
31
62
98
132
155
165
166
163
150
125
94
63
41
39
57
78
82
68
39
15
0
0
0
0
1
3
9
21
40
62
79
86
87
84
75
56
36
21
12
12
20
27
28
23
13
5
0
0
0
0
0
0
0
0
0
0
0
0
0
0
0
0
0
0
0
0
0
0
0
0
0
0
0
0
0
0
0
0
0
0
0
0
0
0
0
0
0
0
0
0
0
0
0
0
0
0
0
0
0
0
