23
29
0
0
0
0
0
0
0
0
0
0
0
0
0
0
0
0
0
0
0
0
0
0
0
0
0
0
0
0
0
0
0
0
0
0
0
0
0
0
0
0
0
0
0
0
0
0
0
0
1
1
3
8
18
32
49
63
68
69
69
67
59
43
26
12
5
2
1
0
0
0
0
1
3
12
32
62
94
124
146
154
155
155
152
140
113
80
46
19
6
1
0
0
0
0
3
12
40
86
135
174
199
212
216
217
217
216
209
190
157
109
56
19
4
0
0
0
0
8
34
87
152
200
222
224
216
210
207
208
211
220
225
214
174
108
45
12
0
0
0
0
19
65
139
201
227
217
187
156
139
133
134
143
168
203
226
214
157
79
25
0
0
0
0
33
97
175
221
214
169
116
76
57
53
54
63
93
147
203
225
189
111
41
0
0
0
0
42
110
179
204
174
111
55
25
16
14
15
20
41
94
169
219
206
135
55
0
0
0
0
36
88
135
145
113
61
24
11
11
13
14
16
28
71
148
212
213
149
66
0
0
0
0
18
43
65
68
53
32
22
26
38
47
50
51
58
90
155
214
218
157
72
0
0
0
0
5
13
20
27
36
48
62
81
105
122
127
128
133
152
192
228
222
162
76
0
0
0
0
2
6
19
44
79
115
142
164
187
201
206
207
208
215
231
242
226
163
78
0
0
0
0
5
20
55
106
156
192
212
220
224
226
227
226
227
232
241
246
226
164
78
0
0
0
0
15
51
113
175
216
229
225
209
190
176
171
171
174
187
214
236
225
164
78
0
0
0
0
34
94
168
219
230
210
176
139
105
83
75
75
82
110
168
219
222
163
78
0
0
0
0
56
133
204
230
205
151
98
60
35
21
17
17
26
65
140
209
220
163
78
0
0
0
0
75
159
220
221
167
93
41
17
7
2
1
3
13
53
134
207
220
163
78
0
0
0
0
87
173
224
209
138
60
17
5
2
1
2
4
16
59
139
210
220
163
78
0
0
0
0
90
176
225
207
134
56
16
5
3
3
5
11
32
84
160
219
222
164
78
0
0
0
0
84
169
224
216
157
84
36
17
13
14
22
41
79
136
197
234
225
164
78
0
0
0
0
68
149
214
229
196
140
90
62
53
57
73
106
149
193
228
243
225
163
78
0
0
0
0
45
113
185
226
228
202
168
144
135
138
154
178
199
212
227
238
223
162
78
0
0
0
0
22
68
135
193
224
230
222
212
207
206
206
201
186
172
184
209
204
151
72
0
0
0
0
8
30
75
130
176
204
215
217
214
205
186
156
119
99
116
147
151
113
54
0
0
0
0
2
9
28
60
98
131
149
154
151
138
111
79
50
38
51
71
74
55
27
0
0
0
0
1
2
7
18
35
53
65
68
67
58
42
25
13
10
14
21
21
16
8
0
0
0
0
0
0
0
0
0
0
0
0
0
0
0
0
0
0
0
0
0
0
0
0
0
0
0
0
0
0
0
0
0
0
0
0
0
0
0
0
0
0
0
0
0
0
0
0
