21
25
0
0
0
0
0
0
0
0
0
0
0
0
0
0
0
0
0
0
0
0
0
0
0
0
0
0
0
0
0
0
0
0
0
0
0
0
0
0
0
0
0
0
0
0
48
70
77
74
58
30
9
1
0
1
9
30
58
74
77
70
48
0
0
0
0
89
142
170
170
142
85
30
5
0
5
30
85
142
171
173
148
93
0
0
0
0
79
151
210
231
211
146
65
15
2
15
65
146
211
235
225
175
94
0
0
0
0
41
109
191
240
240
191
109
42
17
42
109
191
240
246
215
147
65
0
0
0
0
15
65
147
215
242
225
167
99
67
99
167
226
246
226
166
90
30
0
0
0
0
5
30
90
166
225
242
219
173
147
173
219
246
240
191
109
41
9
0
0
0
0
1
9
41
109
191
240
246
229
217
229
246
246
215
147
65
15
1
0
0
0
0
0
1
15
65
147
215
246
251
249
251
246
219
162
89
30
5
0
0
0
0
0
0
0
5
30
90
166
226
251
255
251
226
167
94
37
9
1
0
0
0
0
0
0
0
1
10
45
119
201
245
255
245
201
119
45
10
1
0
0
0
0
0
0
0
0
1
10
45
119
201
245
255
245
201
119
45
10
1
0
0
0
0
0
0
0
0
5
30
90
166
226
251
255
251
226
166
90
30
5
0
0
0
0
0
0
0
1
15
65
147
215
246
251
249
251
246
215
147
65
15
1
0
0
0
0
0
1
9
41
109
191
240
246
229
217
229
246
240
191
109
41
9
1
0
0
0
0
5
30
90
166
226
246
226
177
149
177
226
246
226
166
90
30
5
0
0
0
0
15
65
147
215
246
240
191
114
74
114
191
240
246
215
147
65
15
0
0
0
0
41
109
191
240
246
215
147
66
30
66
147
215
246
240
191
109
41
0
0
0
0
94
167
226
246
226
166
90
30
10
30
89
162
219
242
225
167
94
0
0
0
0
147
203
231
228
186
108
41
9
2
9
37
93
162
213
227
203
147
0
0
0
0
142
170
177
168
128
61
15
1
0
1
9
37
89
143
170
170
142
0
0
0
0
70
77
78
73
55
24
5
0
0
0
1
9
30
58
74
77
70
0
0
0
0
0
0
0
0
0
0
0
0
0
0
0
0
0
0
0
0
0
0
0
0
0
0
0
0
0
0
0
0
0
0
0
0
0
0
0
0
0
0
0
0
