22
25
0
0
0
0
0
0
0
0
0
0
0
0
0
0
0
0
0
0
0
0
0
0
0
0
0
0
0
0
0
0
0
0
0
0
0
0
0
0
0
0
0
0
0
0
0
0
48
70
77
74
58
30
9
1
0
12
55
124
167
178
167
124
55
12
0
0
0
0
89
142
170
170
142
85
30
5
1
19
80
170
226
239
221
160
70
15
0
0
0
0
79
151
210
231
211
146
65
16
10
42
113
198
243
247
214
143
58
12
0
0
0
0
41
109
191
240
240
191
110
49
45
95
167
226
246
226
166
90
30
5
0
0
0
0
15
65
147
215
242
225
170
120
119
167
219
246
240
191
109
41
9
1
0
0
0
0
5
30
90
166
225
242
226
201
201
226
246
246
215
147
65
15
1
0
0
0
0
0
1
9
41
109
191
240
250
245
245
250
246
219
162
89
30
5
0
0
0
0
0
0
0
1
15
65
147
215
247
255
255
251
226
167
94
37
9
1
0
0
0
0
0
0
0
0
5
30
90
166
226
251
255
245
201
119
45
10
1
0
0
0
0
0
0
0
0
0
1
10
45
119
201
245
255
245
201
119
45
10
1
0
0
0
0
0
0
0
0
0
1
10
45
119
201
245
255
251
226
167
94
37
9
1
0
0
0
0
0
0
0
0
4
27
84
162
225
250
252
248
243
218
163
93
37
9
1
0
0
0
0
0
0
0
8
43
119
199
243
250
236
221
229
239
218
163
93
37
9
1
0
0
0
0
0
1
13
57
137
213
247
241
201
164
181
225
242
219
162
89
30
5
0
0
0
0
0
5
31
94
172
229
247
222
156
100
120
191
240
246
215
147
65
15
0
0
0
0
1
15
65
147
215
246
240
190
106
49
70
147
215
246
240
191
109
41
0
0
0
0
9
41
109
191
240
246
215
147
65
20
31
89
162
219
242
225
167
94
0
0
0
0
37
94
167
226
246
226
166
90
30
6
9
37
93
162
213
227
203
147
0
0
0
0
78
147
203
231
228
186
108
41
9
1
1
9
37
89
143
170
170
142
0
0
0
0
89
142
170
177
168
128
61
15
1
0
0
1
9
30
58
74
77
70
0
0
0
0
48
70
77
78
73
55
24
5
0
0
0
0
1
5
12
15
16
15
0
0
0
0
0
0
0
0
0
0
0
0
0
0
0
0
0
0
0
0
0
0
0
0
0
0
0
0
0
0
0
0
0
0
0
0
0
0
0
0
0
0
0
0
0
0
