23
25
0
0
0
0
0
0
0
0
0
0
0
0
0
0
0
0
0
0
0
0
0
0
0
0
0
0
0
0
0
0
0
0
0
0
0
0
0
0
0
0
0
0
0
0
0
0
0
0
15
16
15
12
5
1
0
0
1
15
61
128
168
173
148
93
36
7
0
0
0
0
0
73
78
74
58
30
9
1
0
5
34
104
185
228
225
175
94
29
4
0
0
0
0
0
156
173
170
143
89
37
9
1
12
59
147
221
246
222
151
66
15
1
0
0
0
0
0
171
210
227
213
162
94
41
16
24
82
175
237
243
197
109
35
5
0
0
0
0
0
0
108
167
218
239
218
167
109
70
65
117
198
243
237
175
81
19
1
0
0
0
0
0
0
41
94
163
218
239
225
191
157
144
177
225
242
214
143
58
12
0
0
0
0
0
0
0
9
37
94
167
225
246
241
226
216
228
239
218
162
89
30
5
0
0
0
0
0
0
0
1
9
41
109
191
241
254
252
249
247
225
167
94
37
9
1
0
0
0
0
0
0
0
0
1
15
65
146
212
241
251
255
245
202
123
52
14
2
0
0
0
0
0
0
0
0
0
0
5
30
86
151
201
236
252
245
205
135
73
31
9
1
0
0
0
0
0
0
0
0
0
1
9
35
88
159
220
249
251
232
195
147
85
30
5
0
0
0
0
0
0
0
0
0
0
2
20
76
161
227
252
255
251
241
212
146
65
15
1
0
0
0
0
0
0
0
0
0
5
34
105
190
240
251
249
252
254
241
191
109
41
9
1
0
0
0
0
0
0
0
1
15
66
151
221
242
229
217
229
247
250
226
167
94
37
9
1
0
0
0
0
0
0
5
34
105
190
237
228
184
152
173
215
240
242
218
163
94
41
15
0
0
0
0
0
0
12
59
147
221
243
213
142
86
98
147
191
225
239
218
167
109
65
0
0
0
0
0
1
19
81
175
236
242
199
120
52
38
65
109
167
218
239
224
186
136
0
0
0
0
1
9
42
113
198
240
225
162
84
28
9
15
41
94
162
213
227
206
156
0
0
0
0
9
37
94
167
226
240
198
113
42
9
1
1
9
37
89
143
165
146
100
0
0
0
0
26
78
147
203
231
225
170
80
19
1
0
0
1
9
30
58
71
59
34
0
0
0
0
35
89
142
170
177
167
124
55
12
0
0
0
0
1
5
12
15
12
5
0
0
0
0
0
0
0
0
0
0
0
0
0
0
0
0
0
0
0
0
0
0
0
0
0
0
0
0
0
0
0
0
0
0
0
0
0
0
0
0
0
0
0
0
0
0
0
0
