23
26
0
0
0
0
0
0
0
0
0
0
0
0
0
0
0
0
0
0
0
0
0
0
0
0
0
0
0
0
0
0
0
0
0
0
0
0
0
0
0
0
0
0
0
0
0
0
0
0
0
0
0
0
0
0
1
3
14
44
93
144
169
159
115
57
16
2
0
0
0
0
0
12
15
14
9
4
2
2
11
43
102
167
215
227
197
126
51
11
1
0
0
0
0
0
59
72
67
48
30
15
9
28
84
161
219
246
239
190
106
35
6
0
0
0
0
0
0
143
166
158
128
94
58
33
51
122
200
243
251
231
170
85
25
3
0
0
0
0
0
0
195
224
225
206
177
130
80
80
147
218
248
244
206
134
58
14
2
0
0
0
0
0
0
174
219
243
244
231
193
140
126
177
231
248
226
166
87
29
6
1
0
0
0
0
0
0
112
178
228
248
249
231
198
184
213
244
246
207
128
51
12
1
0
0
0
0
0
0
0
56
123
189
227
244
246
237
231
241
252
243
194
106
35
6
1
0
0
0
0
0
0
0
23
67
126
176
218
242
250
251
253
254
237
179
89
25
3
0
0
0
0
0
0
0
0
7
24
59
110
172
221
247
254
255
252
230
171
87
30
7
2
1
0
0
0
0
0
0
1
5
19
54
117
185
233
252
255
252
233
188
125
71
30
8
1
0
0
0
0
0
0
0
1
4
23
74
151
219
249
255
254
245
225
192
142
80
29
6
1
0
0
0
0
0
0
0
1
12
57
140
215
249
255
254
253
249
237
203
140
72
29
12
4
0
0
0
0
0
0
1
17
70
157
226
250
250
244
243
248
250
237
196
137
87
52
24
0
0
0
0
0
0
4
28
94
183
238
251
237
211
201
218
241
248
234
205
170
125
68
0
0
0
0
0
1
7
41
117
202
245
247
214
158
130
158
209
241
249
243
228
190
123
0
0
0
0
0
1
13
57
137
213
247
239
187
108
65
92
159
213
241
249
244
218
162
0
0
0
0
1
6
30
90
169
228
248
226
160
74
29
44
101
164
206
222
215
188
147
0
0
0
0
2
15
59
135
207
244
247
211
134
53
13
17
52
101
138
151
139
106
75
0
0
0
0
4
27
90
174
231
247
234
189
111
40
8
5
18
40
57
62
55
34
19
0
0
0
0
6
37
106
184
223
219
185
135
72
24
4
1
4
8
11
12
10
5
1
0
0
0
0
9
39
95
147
166
146
103
62
28
8
1
0
0
0
0
0
0
0
0
0
0
0
0
0
0
0
0
0
0
0
0
0
0
0
0
0
0
0
0
0
0
0
0
0
0
0
0
0
0
0
0
0
0
0
0
0
0
0
0
0
0
0
0
0
0
0
0
