22
24
0
0
0
0
0
0
0
0
0
0
0
0
0
0
0
0
0
0
0
0
0
0
0
0
0
0
0
0
0
0
0
0
0
0
0
0
0
0
0
0
0
0
0
0
0
0
35
89
142
170
170
142
85
30
5
0
1
9
30
58
74
77
70
48
0
0
0
0
26
79
151
210
231
211
146
65
15
1
5
30
85
142
171
173
148
93
0
0
0
0
9
41
109
191
240
240
190
105
34
6
15
65
146
211
235
225
175
94
0
0
0
0
1
15
65
147
215
242
221
151
67
24
42
109
191
240
246
215
147
65
0
0
0
0
0
5
30
90
166
225
236
191
114
71
99
167
226
246
226
166
90
30
0
0
0
0
0
1
9
42
113
198
240
226
177
148
173
218
242
233
187
108
41
9
0
0
0
0
0
0
1
19
81
175
236
246
229
217
228
239
225
187
131
61
15
1
0
0
0
0
0
0
0
12
59
147
221
250
252
248
243
218
167
108
61
24
5
0
0
0
0
0
0
0
0
6
39
115
200
245
255
251
226
167
95
41
15
5
1
0
0
0
0
0
0
0
1
10
45
119
201
245
255
245
201
119
45
10
1
0
0
0
0
0
0
0
0
0
5
30
90
166
226
251
255
245
201
119
45
10
1
0
0
0
0
0
0
0
0
1
15
65
147
215
247
255
255
251
226
166
90
30
5
0
0
0
0
0
0
0
1
9
41
109
191
240
250
245
245
250
246
215
147
65
15
1
0
0
0
0
0
0
5
30
90
166
226
246
232
205
202
226
246
240
191
109
41
9
1
0
0
0
0
0
15
65
147
215
246
240
195
135
124
170
226
246
226
166
90
30
5
0
0
0
0
0
41
109
191
240
246
215
148
73
56
110
191
240
246
215
147
65
15
1
0
0
0
0
95
167
225
242
219
162
89
31
20
66
151
222
250
241
191
109
41
9
0
0
0
0
151
203
227
213
162
93
37
9
6
34
105
190
241
250
226
166
90
30
0
0
0
0
148
170
170
143
89
37
9
1
1
15
65
146
211
235
231
199
132
54
0
0
0
0
73
77
74
58
30
9
1
0
0
5
30
85
142
171
177
163
117
51
0
0
0
0
0
0
0
0
0
0
0
0
0
0
0
0
0
0
0
0
0
0
0
0
0
0
0
0
0
0
0
0
0
0
0
0
0
0
0
0
0
0
0
0
0
0
