22
25
0
0
0
0
0
0
0
0
0
0
0
0
0
0
0
0
0
0
0
0
0
0
0
0
0
0
0
0
0
0
0
0
0
0
0
0
0
0
0
0
0
0
0
0
0
0
0
4
27
79
139
170
167
124
55
12
0
1
5
12
15
16
16
15
0
0
0
0
0
1
19
80
170
226
226
170
80
19
1
5
24
55
73
78
77
70
0
0
0
0
0
0
15
74
171
236
243
197
109
35
6
15
61
128
168
178
173
148
0
0
0
0
0
0
12
58
143
214
242
221
151
67
24
42
108
186
229
239
225
175
0
0
0
0
0
0
5
31
94
172
228
237
191
114
71
99
167
226
250
247
215
147
0
0
0
0
0
0
1
13
57
137
213
243
226
177
148
173
218
242
240
215
161
89
0
0
0
0
0
0
0
8
43
119
199
242
246
229
217
228
239
225
191
147
89
37
0
0
0
0
0
0
0
4
27
84
162
225
250
252
248
243
218
167
109
65
30
9
0
0
0
0
0
0
0
1
10
45
119
201
245
255
251
226
167
95
41
15
5
1
0
0
0
0
0
0
0
1
10
45
119
201
245
255
245
201
119
45
10
1
0
0
0
0
0
0
0
0
1
9
37
94
167
226
251
255
245
201
119
45
10
1
0
0
0
0
0
0
1
5
15
41
94
163
219
247
255
255
251
225
162
84
27
4
0
0
0
0
0
0
5
24
61
108
167
218
242
244
245
251
254
243
199
119
43
8
0
0
0
0
0
0
15
61
131
187
226
242
231
205
202
226
247
247
212
133
50
9
0
0
0
0
0
0
41
108
187
234
250
240
195
135
124
170
226
247
226
157
70
16
1
0
0
0
0
0
95
167
226
250
247
215
148
73
56
110
191
240
240
190
105
34
5
0
0
0
0
0
152
208
241
245
219
162
89
31
20
65
147
215
242
221
151
66
15
1
0
0
0
0
152
188
216
211
162
93
37
9
6
30
90
166
225
236
190
105
34
5
0
0
0
0
80
108
141
137
89
37
9
1
1
9
41
108
187
229
217
150
66
15
0
0
0
0
20
35
56
55
30
9
1
0
0
1
15
61
131
185
206
171
94
29
0
0
0
0
1
5
11
11
5
1
0
0
0
0
5
24
61
104
142
142
93
36
0
0
0
0
0
0
0
0
0
0
0
0
0
0
0
0
0
0
0
0
0
0
0
0
0
0
0
0
0
0
0
0
0
0
0
0
0
0
0
0
0
0
0
0
0
0
