23
26
0
0
0
0
0
0
0
0
0
0
0
0
0
0
0
0
0
0
0
0
0
0
0
0
0
0
0
0
0
0
0
0
0
0
0
0
0
0
0
0
0
0
0
0
0
0
0
0
0
2
19
66
130
168
169
136
79
34
11
2
1
3
6
8
5
1
0
0
0
0
0
0
1
17
71
158
218
230
200
137
71
25
5
3
14
33
44
32
19
12
0
0
0
0
0
1
11
56
140
212
243
232
182
110
43
11
12
43
91
118
104
81
59
0
0
0
0
0
1
6
34
100
180
233
244
217
153
76
29
36
90
159
197
193
174
142
0
0
0
0
0
0
2
17
67
150
219
247
239
195
124
71
84
148
210
240
239
225
193
0
0
0
0
0
0
1
11
50
127
204
244
249
226
178
137
150
200
239
248
234
205
168
0
0
0
0
0
0
1
6
32
94
173
230
250
245
226
206
214
237
248
236
195
139
95
0
0
0
0
0
0
1
2
15
58
135
211
247
254
249
245
246
248
238
204
140
73
35
0
0
0
0
0
0
0
1
9
44
121
203
246
255
255
253
247
230
198
148
83
30
8
0
0
0
0
0
0
1
3
18
66
145
216
249
255
254
246
220
177
128
79
36
10
1
0
0
0
0
1
2
6
17
50
114
188
237
253
255
252
233
183
113
58
27
10
2
1
0
0
0
0
3
12
32
63
110
172
225
250
255
255
252
230
170
88
29
7
2
1
0
0
0
0
0
10
40
89
140
185
223
246
254
254
255
254
239
190
108
37
6
0
0
0
0
0
0
0
29
85
155
207
235
249
251
246
241
246
252
248
214
139
55
11
0
0
0
0
0
0
0
68
140
206
241
250
248
237
213
198
214
240
250
226
158
67
15
1
0
0
0
0
0
0
130
193
236
248
237
218
193
151
128
162
218
248
236
179
90
26
4
1
0
0
0
0
0
185
222
243
235
199
155
120
80
67
118
199
244
245
204
124
49
11
1
0
0
0
0
0
167
192
213
197
141
82
49
29
35
96
187
241
251
224
156
72
19
2
0
0
0
0
0
83
108
137
128
79
32
12
6
20
77
167
230
250
234
177
93
30
5
1
0
0
0
0
20
35
54
52
28
8
1
1
11
51
127
196
233
238
202
129
56
14
2
0
0
0
0
1
5
10
10
5
2
1
0
4
24
72
132
183
215
210
161
88
30
5
0
0
0
0
0
0
0
0
0
0
0
0
1
7
25
58
101
145
163
142
89
35
7
0
0
0
0
0
0
0
0
0
0
0
0
0
0
0
0
0
0
0
0
0
0
0
0
0
0
0
0
0
0
0
0
0
0
0
0
0
0
0
0
0
0
0
0
0
0
0
0
