27
36
0
0
0
0
0
0
0
0
0
0
0
0
0
0
0
0
0
0
0
0
0
0
0
0
0
0
0
0
0
0
0
0
0
0
0
0
0
0
0
0
0
0
0
0
0
0
0
0
0
0
0
0
0
0
0
0
1
1
1
2
7
21
45
76
109
134
146
149
146
134
109
76
45
21
7
2
1
1
1
0
0
0
0
1
1
2
8
26
63
111
155
188
207
214
215
214
207
188
155
111
63
26
8
2
1
1
0
0
0
0
1
2
7
25
67
127
181
215
226
224
218
215
218
224
226
215
181
127
67
25
7
2
1
0
0
0
0
1
4
18
57
122
186
224
228
207
177
155
148
155
177
207
228
224
186
122
57
18
4
1
0
0
0
0
2
10
38
99
172
221
229
198
146
98
70
62
70
98
146
198
229
221
171
97
37
9
2
0
0
0
0
4
19
65
140
207
232
208
147
81
38
19
15
19
38
81
147
208
232
206
137
62
18
4
0
0
0
0
7
31
92
173
225
225
174
98
38
11
4
3
4
11
38
98
174
225
224
170
90
30
7
0
0
0
0
10
45
117
195
232
210
141
63
17
4
2
1
2
4
17
63
141
210
231
194
117
45
11
0
0
0
0
15
60
139
210
232
195
115
43
9
2
1
1
1
2
9
43
115
195
232
210
139
60
16
0
0
0
0
22
75
158
221
229
180
97
31
6
1
1
1
1
1
6
31
97
180
229
221
158
76
22
0
0
0
0
28
90
173
227
225
167
83
24
4
1
1
1
1
1
4
24
83
167
225
227
173
90
28
0
0
0
0
34
101
184
231
220
156
72
19
3
1
1
0
1
1
3
19
72
156
220
231
184
101
34
0
0
0
0
39
109
191
232
216
147
64
16
3
1
1
0
1
1
3
16
64
147
216
232
191
109
39
0
0
0
0
42
115
196
233
213
141
59
14
2
1
1
0
1
1
2
14
59
141
213
233
196
115
42
0
0
0
0
44
118
198
234
211
138
56
13
2
1
1
0
1
1
2
13
56
138
211
234
198
118
44
0
0
0
0
45
119
199
234
211
137
56
13
2
1
1
0
1
1
2
13
56
137
211
234
199
119
45
0
0
0
0
45
119
199
234
211
137
56
13
2
1
1
0
1
1
2
13
56
137
211
234
199
119
45
0
0
0
0
44
118
198
234
211
137
56
13
2
1
1
0
1
1
2
13
56
138
211
234
198
118
44
0
0
0
0
42
115
196
233
212
138
57
13
2
1
1
0
1
1
2
14
59
141
213
233
196
115
42
0
0
0
0
39
109
191
232
214
143
61
15
3
1
1
0
1
1
3
16
64
147
216
232
191
109
39
0
0
0
0
34
101
184
231
219
153
70
19
3
1
1
0
1
1
3
19
72
156
220
231
184
101
34
0
0
0
0
28
90
174
228
225
167
82
24
4
1
1
1
1
1
4
24
83
167
225
227
173
90
28
0
0
0
0
22
77
161
222
230
180
97
32
6
1
1
1
1
1
6
31
97
180
229
221
158
76
22
0
0
0
0
17
63
143
213
232
195
115
43
9
2
1
1
1
2
9
43
115
195
232
210
139
60
16
0
0
0
0
11
47
120
197
232
210
141
63
17
4
2
1
2
4
17
63
141
210
231
194
117
45
11
0
0
0
0
7
32
93
174
226
225
174
98
38
11
4
3
4
11
38
98
174
225
224
170
90
30
7
0
0
0
0
4
19
65
141
208
232
208
147
81
38
19
15
19
38
81
147
208
232
206
137
62
18
4
0
0
0
0
2
10
38
99
172
221
229
198
146
98
70
62
70
98
146
198
229
221
171
97
37
9
2
0
0
0
0
1
4
18
57
122
186
224
228
207
177
155
148
155
177
207
228
224
186
122
57
18
4
1
0
0
0
0
1
2
6
25
67
127
181
215
226
224
218
215
218
224
226
215
181
127
67
25
7
2
1
0
0
0
0
1
1
2
8
26
63
111
155
188
207
214
215
214
207
188
155
111
63
26
8
2
1
1
0
0
0
0
1
1
1
2
7
21
45
76
109
134
146
149
146
134
109
76
45
21
7
2
1
1
1
0
0
0
0
0
0
0
0
0
0
0
0
0
0
0
0
0
0
0
0
0
0
0
0
0
0
0
0
0
0
0
0
0
0
0
0
0
0
0
0
0
0
0
0
0
0
0
0
0
0
0
0
0
0
0
0
