31
44
0
0
0
0
0
0
0
0
0
0
0
0
0
0
0
0
0
0
0
0
0
0
0
0
0
0
0
0
0
0
0
0
0
0
0
0
0
0
0
0
0
0
0
0
0
0
0
0
0
0
0
0
0
0
0
0
0
0
0
0
0
0
0
0
0
1
1
1
1
3
6
14
25
42
60
73
79
79
79
73
60
42
25
14
6
3
1
1
1
1
0
0
0
0
0
1
1
1
1
3
9
23
46
74
104
132
150
157
158
157
150
132
104
74
46
23
9
3
1
1
1
1
0
0
0
0
1
1
1
3
11
30
63
105
145
178
201
214
218
218
218
214
201
178
145
105
63
30
11
3
1
1
1
0
0
0
0
1
1
3
10
31
70
123
172
207
226
233
232
230
229
230
232
233
226
207
172
123
70
31
10
3
1
1
0
0
0
0
1
2
8
25
66
124
181
219
235
232
218
200
189
185
189
200
218
232
235
219
181
124
66
26
8
3
1
0
0
0
0
2
5
17
52
110
174
219
237
229
202
165
132
113
107
113
132
165
202
229
237
219
174
110
51
17
5
2
0
0
0
0
3
10
34
86
154
210
236
231
198
148
97
62
44
40
44
62
97
148
198
231
236
210
152
84
33
9
3
0
0
0
0
5
18
56
122
189
231
237
209
153
91
44
20
11
10
11
20
44
91
153
209
237
229
186
118
53
17
5
0
0
0
0
7
28
79
152
212
238
226
178
109
50
17
6
3
2
3
6
17
50
109
178
226
237
210
148
76
27
7
0
0
0
0
11
40
101
175
226
238
210
147
75
26
7
2
1
1
1
2
7
26
75
147
210
238
225
173
100
39
10
0
0
0
0
15
53
121
192
233
234
193
121
53
15
4
1
1
1
1
1
4
15
53
121
193
234
233
192
121
53
15
0
0
0
0
21
67
139
206
237
228
178
102
39
10
2
1
1
1
1
1
2
10
39
102
178
228
238
206
139
67
21
0
0
0
0
28
80
156
216
239
221
164
87
31
7
2
1
1
1
1
1
2
7
31
87
164
221
239
216
156
80
28
0
0
0
0
34
93
169
224
239
214
152
76
25
5
2
1
1
0
1
1
2
5
25
76
152
214
239
224
169
93
34
0
0
0
0
40
103
179
229
239
208
141
66
20
4
2
1
1
0
1
1
2
4
20
66
141
208
239
229
179
103
40
0
0
0
0
45
111
186
232
237
202
132
59
17
4
2
1
1
0
1
1
2
4
17
59
132
202
237
232
186
111
45
0
0
0
0
49
117
191
234
236
197
126
54
15
3
2
1
1
0
1
1
2
3
15
54
126
197
236
234
191
117
49
0
0
0
0
52
122
194
235
235
194
121
51
13
3
2
1
1
0
1
1
2
3
13
51
121
194
235
235
194
122
52
0
0
0
0
54
123
195
235
235
193
119
49
13
3
1
1
1
0
1
1
1
3
13
49
119
193
235
235
195
123
54
0
0
0
0
54
124
196
235
235
193
119
49
13
3
1
1
1
0
1
1
1
3
13
49
119
193
235
235
196
124
54
0
0
0
0
54
124
196
235
235
193
119
49
13
3
1
1
1
0
1
1
1
3
13
49
119
193
235
235
196
124
54
0
0
0
0
54
123
195
235
235
193
119
49
13
3
1
1
1
0
1
1
1
3
13
49
119
193
235
235
195
123
54
0
0
0
0
52
122
194
235
235
193
119
49
13
3
2
1
1
0
1
1
2
3
13
51
121
194
235
235
194
122
52
0
0
0
0
50
117
191
233
235
194
121
51
14
3
2
1
1
0
1
1
2
3
15
54
126
197
236
234
191
117
49
0
0
0
0
45
111
186
231
236
199
128
56
16
4
2
1
1
0
1
1
2
4
17
59
132
202
237
232
186
111
45
0
0
0
0
40
103
179
229
238
206
138
64
20
4
2
1
1
0
1
1
2
4
20
66
141
208
239
229
179
103
40
0
0
0
0
34
93
170
224
239
214
151
75
25
6
2
1
1
0
1
1
2
5
25
76
152
214
239
224
169
93
34
0
0
0
0
28
82
158
218
240
221
164
87
31
7
2
1
1
1
1
1
2
7
31
87
164
221
239
216
156
80
28
0
0
0
0
22
69
143
209
238
228
177
102
39
10
2
1
1
1
1
1
2
10
39
102
178
228
238
206
139
67
21
0
0
0
0
16
56
125
195
235
234
193
121
53
15
4
1
1
1
1
1
4
15
53
121
193
234
233
192
121
53
15
0
0
0
0
11
42
103
177
227
238
210
147
75
26
7
2
1
1
1
2
7
26
75
147
210
238
225
173
100
39
10
0
0
0
0
7
29
80
152
212
238
226
178
109
50
17
6
3
2
3
6
17
50
109
178
226
237
210
148
76
27
7
0
0
0
0
5
18
56
122
189
231
237
209
153
91
44
20
11
10
11
20
44
91
153
209
237
229
186
118
53
17
5
0
0
0
0
3
10
34
86
154
210
236
231
198
148
97
62
44
40
44
62
97
148
198
231
236
210
152
84
33
9
3
0
0
0
0
2
5
18
52
110
174
219
237
229
202
165
132
113
107
113
132
165
202
229
237
219
174
110
51
17
5
2
0
0
0
0
1
2
8
25
66
124
181
219
235
232
218
200
189
185
189
200
218
232
235
219
181
124
66
26
8
3
1
0
0
0
0
1
1
3
10
31
70
123
172
207
226
233
232
230
229
230
232
233
226
207
172
123
70
31
10
3
1
1
0
0
0
0
1
1
1
3
11
30
63
105
145
178
201
214
218
218
218
214
201
178
145
105
63
30
11
3
1
1
1
0
0
0
0
1
1
1
1
3
9
23
46
74
104
132
150
157
158
157
150
132
104
74
46
23
9
3
1
1
1
1
0
0
0
0
0
1
1
1
1
3
6
14
25
42
60
73
79
79
79
73
60
42
25
14
6
3
1
1
1
1
0
0
0
0
0
0
0
0
0
0
0
0
0
0
0
0
0
0
0
0
0
0
0
0
0
0
0
0
0
0
0
0
0
0
0
0
0
0
0
0
0
0
0
0
0
0
0
0
0
0
0
0
0
0
0
0
0
0
0
0
0
0
0
0
0
