31
38
0
0
0
0
0
0
0
0
0
0
0
0
0
0
0
0
0
0
0
0
0
0
0
0
0
0
0
0
0
0
0
0
0
0
0
0
0
0
0
0
0
0
0
0
0
0
0
0
0
0
0
0
0
0
0
0
0
0
0
0
0
0
0
0
0
1
1
1
1
3
6
13
23
36
51
61
65
66
65
61
51
36
23
13
6
3
1
1
1
1
0
0
0
0
0
1
1
1
2
4
11
25
47
73
100
125
141
147
148
147
141
125
100
73
47
25
11
4
2
1
1
1
0
0
0
0
1
1
2
5
15
37
72
113
150
178
198
208
211
212
211
208
198
178
150
113
72
37
15
5
2
1
1
0
0
0
0
1
2
5
16
43
87
139
184
211
223
224
218
213
211
213
218
224
223
211
184
139
87
43
16
5
2
1
0
0
0
0
2
4
13
40
89
148
198
225
229
214
189
165
150
146
150
165
189
214
229
225
198
148
88
39
13
4
2
0
0
0
0
3
9
30
76
140
198
229
231
205
163
118
85
68
63
68
85
118
163
205
231
229
197
139
75
29
8
3
0
0
0
0
5
17
54
117
183
226
235
209
158
99
54
29
19
16
19
29
54
99
158
209
235
225
181
114
52
16
5
0
0
0
0
8
29
81
153
212
237
223
175
107
50
19
7
4
3
4
7
19
50
107
175
223
236
210
150
79
28
7
0
0
0
0
12
44
106
179
227
236
204
140
70
24
7
2
1
1
1
2
7
24
70
140
204
236
226
178
106
43
12
0
0
0
0
18
60
130
198
235
231
185
112
47
13
3
1
1
1
1
1
3
13
47
112
185
231
235
198
130
60
18
0
0
0
0
26
76
151
213
239
223
168
92
34
8
2
1
1
1
1
1
2
8
34
92
168
223
238
213
151
76
26
0
0
0
0
34
91
167
223
239
215
153
77
26
6
2
1
1
1
1
1
2
6
26
77
153
215
239
223
167
91
34
0
0
0
0
41
104
179
229
238
207
140
66
20
4
2
1
1
0
1
1
2
4
20
66
140
207
238
229
179
104
41
0
0
0
0
46
113
187
232
237
201
131
58
16
4
1
1
1
0
1
1
1
4
16
58
131
201
237
232
187
113
46
0
0
0
0
51
119
192
234
236
196
124
52
14
3
1
1
1
0
1
1
1
3
14
52
124
196
236
234
192
119
51
0
0
0
0
53
122
195
235
235
193
120
50
13
3
1
1
1
0
1
1
1
3
13
50
120
193
235
235
195
122
53
0
0
0
0
54
123
196
235
235
193
119
49
13
3
1
1
1
0
1
1
1
3
13
49
119
193
235
235
196
123
54
0
0
0
0
54
123
196
235
235
193
119
49
13
3
1
1
1
0
1
1
1
3
13
49
119
193
235
235
196
123
54
0
0
0
0
53
123
195
235
235
193
119
49
13
3
2
1
1
0
1
1
1
3
13
50
120
193
235
235
195
122
53
0
0
0
0
51
119
192
234
235
194
120
50
13
3
2
1
1
0
1
1
1
3
14
52
124
196
236
234
192
119
51
0
0
0
0
46
113
187
232
236
198
126
55
15
4
2
1
1
0
1
1
1
4
16
58
131
201
237
232
187
113
46
0
0
0
0
41
104
179
229
238
205
138
64
19
4
2
1
1
0
1
1
2
4
20
66
140
207
238
229
179
104
41
0
0
0
0
34
92
168
223
239
215
152
77
25
6
2
1
1
1
1
1
2
6
26
77
153
215
239
223
167
91
34
0
0
0
0
26
78
153
215
239
223
168
92
34
8
2
1
1
1
1
1
2
8
34
92
168
223
238
213
151
76
26
0
0
0
0
19
63
134
201
236
231
185
112
47
13
3
1
1
1
1
1
3
13
47
112
185
231
235
198
130
60
18
0
0
0
0
13
46
110
181
228
236
205
140
70
24
7
2
1
1
1
2
7
24
70
140
204
236
226
178
106
43
12
0
0
0
0
8
30
82
153
212
237
223
175
107
50
19
7
4
3
4
7
19
50
107
175
223
236
210
150
79
28
7
0
0
0
0
5
17
54
117
184
226
235
209
158
99
54
29
19
16
19
29
54
99
158
209
235
225
181
114
52
16
5
0
0
0
0
3
9
30
76
140
198
229
231
205
163
118
85
68
63
68
85
118
163
205
231
229
197
139
75
29
8
3
0
0
0
0
2
4
13
40
89
148
198
225
229
214
189
165
150
146
150
165
189
214
229
225
198
148
88
39
13
4
2
0
0
0
0
1
2
5
16
43
87
139
184
211
223
224
218
213
211
213
218
224
223
211
184
139
87
43
16
5
2
1
0
0
0
0
1
1
2
5
15
37
72
113
150
178
198
208
211
212
211
208
198
178
150
113
72
37
15
5
2
1
1
0
0
0
0
1
1
1
2
4
11
25
47
73
100
125
141
147
148
147
141
125
100
73
47
25
11
4
2
1
1
1
0
0
0
0
0
1
1
1
1
3
6
13
23
36
51
61
65
66
65
61
51
36
23
13
6
3
1
1
1
1
0
0
0
0
0
0
0
0
0
0
0
0
0
0
0
0
0
0
0
0
0
0
0
0
0
0
0
0
0
0
0
0
0
0
0
0
0
0
0
0
0
0
0
0
0
0
0
0
0
0
0
0
0
0
0
0
0
0
0
0
0
0
0
0
0
