31
48
0
0
0
0
0
0
0
0
0
0
0
0
0
0
0
0
0
0
0
0
0
0
0
0
0
0
0
0
0
0
0
0
0
0
0
0
0
0
0
0
0
0
0
0
0
0
0
0
0
0
0
0
0
0
0
0
0
0
0
0
0
0
0
0
0
1
1
1
1
3
9
20
36
59
84
100
107
109
107
100
84
59
36
20
9
3
1
1
1
1
0
0
0
0
0
1
1
1
1
4
11
29
57
91
125
155
174
181
183
181
174
155
125
91
57
29
11
4
1
1
1
1
0
0
0
0
1
1
1
3
11
33
70
116
159
192
214
226
230
230
230
226
214
192
159
116
70
33
11
3
1
1
1
0
0
0
0
1
1
3
10
30
72
126
178
213
232
238
238
235
234
235
238
238
232
213
178
126
72
30
10
3
1
1
0
0
0
0
1
2
7
23
62
121
180
220
238
237
225
208
197
194
197
208
225
237
238
220
180
121
62
23
7
2
1
0
0
0
0
2
4
15
46
103
168
217
238
235
212
178
146
126
121
126
146
178
212
235
238
217
168
102
45
14
4
2
0
0
0
0
3
8
28
76
144
204
235
236
210
165
114
75
55
49
55
75
114
165
210
236
235
203
142
74
27
8
3
0
0
0
0
4
14
47
108
178
226
239
220
172
110
58
28
16
13
16
28
58
110
172
220
239
225
175
105
44
13
4
0
0
0
0
6
22
67
138
203
236
233
195
130
65
25
9
4
3
4
9
25
65
130
195
233
235
200
134
64
21
6
0
0
0
0
8
32
88
162
219
239
220
165
93
37
11
3
2
2
2
3
11
37
93
165
220
238
217
159
86
31
8
0
0
0
0
11
43
106
180
229
237
205
138
66
22
5
2
1
1
1
2
5
22
66
138
205
237
228
179
106
43
12
0
0
0
0
16
55
124
195
234
233
190
116
49
14
3
1
1
1
1
1
3
14
49
116
190
233
234
195
124
55
16
0
0
0
0
21
67
141
207
238
228
177
100
38
10
2
1
1
1
1
1
2
10
38
100
177
228
238
207
141
67
21
0
0
0
0
27
80
156
216
239
222
165
88
31
7
2
1
1
1
1
1
2
7
31
88
165
222
239
216
156
80
27
0
0
0
0
33
91
168
223
240
216
154
77
25
6
2
1
1
0
1
1
2
6
25
77
154
216
240
223
168
91
33
0
0
0
0
39
101
177
228
239
209
143
68
21
5
2
1
1
0
1
1
2
5
21
68
143
209
239
228
177
101
39
0
0
0
0
44
108
184
231
238
204
135
61
18
4
1
1
1
0
1
1
1
4
18
61
135
204
238
231
184
108
44
0
0
0
0
48
114
188
233
237
199
128
56
16
3
1
1
1
0
1
1
1
3
16
56
128
199
237
233
188
114
48
0
0
0
0
51
120
193
234
236
196
123
52
14
3
1
1
1
0
1
1
1
3
14
52
123
196
236
234
193
120
51
0
0
0
0
53
123
195
235
235
193
120
50
13
3
1
1
1
0
1
1
1
3
13
50
120
193
235
235
195
123
53
0
0
0
0
54
124
196
235
235
193
119
49
13
3
1
1
1
0
1
1
1
3
13
49
119
193
235
235
196
124
54
0
0
0
0
54
124
196
235
235
193
119
49
13
3
1
1
1
0
1
1
1
3
13
49
119
193
235
235
196
124
54
0
0
0
0
54
124
196
235
235
193
119
49
13
3
1
1
1
0
1
1
1
3
13
49
119
193
235
235
196
124
54
0
0
0
0
54
124
196
235
235
193
119
49
13
3
1
1
1
0
1
1
1
3
13
49
119
193
235
235
196
124
54
0
0
0
0
53
123
195
235
235
193
119
49
13
3
2
1
1
0
1
1
1
3
13
50
120
193
235
235
195
123
53
0
0
0
0
51
120
193
234
235
193
120
50
13
3
2
1
1
0
1
1
1
3
14
52
123
196
236
234
193
120
51
0
0
0
0
48
115
189
233
236
196
123
52
14
3
2
1
1
0
1
1
1
3
16
56
128
199
237
233
188
114
48
0
0
0
0
44
109
184
231
237
201
131
58
17
4
2
1
1
0
1
1
1
4
18
61
135
204
238
231
184
108
44
0
0
0
0
39
101
177
228
239
208
142
67
21
5
2
1
1
0
1
1
2
5
21
68
143
209
239
228
177
101
39
0
0
0
0
33
91
168
223
240
215
153
77
25
6
2
1
1
0
1
1
2
6
25
77
154
216
240
223
168
91
33
0
0
0
0
28
81
157
217
240
222
165
88
31
7
2
1
1
1
1
1
2
7
31
88
165
222
239
216
156
80
27
0
0
0
0
22
70
145
209
239
228
176
100
38
10
2
1
1
1
1
1
2
10
38
100
177
228
238
207
141
67
21
0
0
0
0
17
58
129
198
236
233
190
116
49
14
3
1
1
1
1
1
3
14
49
116
190
233
234
195
124
55
16
0
0
0
0
13
46
110
183
230
237
205
138
66
22
5
2
1
1
1
2
5
22
66
138
205
237
228
179
106
43
12
0
0
0
0
9
33
89
163
220
239
220
165
93
37
11
3
2
2
2
3
11
37
93
165
220
238
217
159
86
31
8
0
0
0
0
6
22
67
138
203
236
233
195
130
65
25
9
4
3
4
9
25
65
130
195
233
235
200
134
64
21
6
0
0
0
0
4
14
47
109
178
226
239
220
172
110
58
28
16
13
16
28
58
110
172
220
239
225
175
105
44
13
4
0
0
0
0
3
8
28
76
144
204
235
236
210
165
114
75
55
49
55
75
114
165
210
236
235
203
142
74
27
8
3
0
0
0
0
2
4
15
46
103
168
217
238
235
212
178
146
126
121
126
146
178
212
235
238
217
168
102
45
14
4
2
0
0
0
0
1
2
7
23
62
121
180
220
238
237
225
208
197
194
197
208
225
237
238
220
180
121
62
23
7
2
1
0
0
0
0
1
1
3
10
30
72
126
178
213
232
238
238
235
234
235
238
238
232
213
178
126
72
30
10
3
1
1
0
0
0
0
1
1
1
3
11
33
70
116
159
192
214
226
230
230
230
226
214
192
159
116
70
33
11
3
1
1
1
0
0
0
0
1
1
1
1
4
11
29
57
91
125
155
174
181
183
181
174
155
125
91
57
29
11
4
1
1
1
1
0
0
0
0
0
1
1
1
1
3
9
20
36
59
84
100
107
109
107
100
84
59
36
20
9
3
1
1
1
1
0
0
0
0
0
0
0
0
0
0
0
0
0
0
0
0
0
0
0
0
0
0
0
0
0
0
0
0
0
0
0
0
0
0
0
0
0
0
0
0
0
0
0
0
0
0
0
0
0
0
0
0
0
0
0
0
0
0
0
0
0
0
0
0
0
