27
44
0
0
0
0
0
0
0
0
0
0
0
0
0
0
0
0
0
0
0
0
0
0
0
0
0
0
0
0
0
0
0
0
0
0
0
0
0
0
0
0
0
0
0
0
0
0
0
0
0
0
0
0
0
0
0
0
0
1
1
1
2
6
14
29
49
68
77
79
77
68
49
29
14
6
2
1
1
1
0
0
0
0
0
1
1
1
2
7
21
46
80
114
142
155
158
155
142
114
80
46
21
7
2
1
1
1
0
0
0
0
1
1
2
7
23
57
104
150
186
208
217
218
217
208
186
150
104
57
23
7
2
1
1
0
0
0
0
1
2
5
19
54
110
167
208
227
232
231
229
231
232
227
208
167
110
54
19
5
2
1
0
0
0
0
1
3
12
42
99
165
213
232
226
208
192
187
192
208
226
232
213
165
99
42
12
3
1
0
0
0
0
2
7
26
74
145
205
231
222
187
146
119
110
119
146
187
222
231
205
145
74
26
6
2
0
0
0
0
3
13
46
111
183
226
226
187
128
78
49
42
49
78
128
187
225
226
182
109
44
12
3
0
0
0
0
5
22
69
144
209
231
204
142
75
31
14
10
14
31
75
142
204
230
207
141
66
20
5
0
0
0
0
7
32
92
171
223
224
175
100
40
11
4
3
4
11
40
100
175
224
221
167
89
31
7
0
0
0
0
11
44
112
189
228
212
147
70
22
5
2
1
2
5
22
70
147
211
227
188
111
43
11
0
0
0
0
15
56
130
202
229
198
124
51
13
3
1
1
1
3
13
51
124
198
229
202
130
56
15
0
0
0
0
20
68
147
213
228
186
107
39
9
2
1
1
1
2
9
39
107
186
228
213
147
68
20
0
0
0
0
26
81
162
220
225
175
94
32
6
1
1
1
1
1
6
32
94
175
225
220
162
81
26
0
0
0
0
31
92
173
225
222
165
83
26
5
1
1
1
1
1
5
26
83
165
222
225
173
92
31
0
0
0
0
36
101
182
228
218
155
74
22
4
1
1
0
1
1
4
22
74
155
218
228
182
101
36
0
0
0
0
40
108
187
229
214
148
68
19
4
1
1
0
1
1
4
19
68
148
214
229
187
108
40
0
0
0
0
43
114
192
230
211
142
63
17
3
1
1
0
1
1
3
17
63
142
211
230
192
114
43
0
0
0
0
45
117
195
231
209
138
60
16
3
1
1
0
1
1
3
16
60
138
209
231
195
117
45
0
0
0
0
46
119
196
231
209
137
58
15
3
1
1
0
1
1
3
15
58
137
209
231
196
119
46
0
0
0
0
47
119
196
231
209
137
58
15
3
1
1
0
1
1
3
15
58
137
209
231
196
119
47
0
0
0
0
47
119
196
231
209
137
58
15
3
1
1
0
1
1
3
15
58
137
209
231
196
119
47
0
0
0
0
46
119
196
231
209
137
58
15
3
1
1
0
1
1
3
15
58
137
209
231
196
119
46
0
0
0
0
45
117
195
230
209
137
58
15
3
1
1
0
1
1
3
16
60
138
209
231
195
117
45
0
0
0
0
43
114
192
229
209
139
60
16
3
1
1
0
1
1
3
17
63
142
211
230
192
114
43
0
0
0
0
40
108
187
229
212
144
64
17
3
1
1
0
1
1
4
19
68
148
214
229
187
108
40
0
0
0
0
36
101
182
227
217
153
73
21
4
1
1
0
1
1
4
22
74
155
218
228
182
101
36
0
0
0
0
31
93
174
225
222
164
83
26
5
1
1
1
1
1
5
26
83
165
222
225
173
92
31
0
0
0
0
26
82
163
221
226
175
94
32
6
1
1
1
1
1
6
32
94
175
225
220
162
81
26
0
0
0
0
21
71
150
215
229
186
107
39
9
2
1
1
1
2
9
39
107
186
228
213
147
68
20
0
0
0
0
16
59
134
205
230
198
124
51
13
3
1
1
1
3
13
51
124
198
229
202
130
56
15
0
0
0
0
11
45
115
191
229
212
147
70
22
5
2
1
2
5
22
70
147
211
227
188
111
43
11
0
0
0
0
8
33
92
171
223
224
175
100
40
11
4
3
4
11
40
100
175
224
221
167
89
31
7
0
0
0
0
5
22
69
144
209
231
204
142
75
31
14
10
14
31
75
142
204
230
207
141
66
20
5
0
0
0
0
3
13
46
111
183
226
226
187
128
78
49
42
49
78
128
187
225
226
182
109
44
12
3
0
0
0
0
2
7
26
74
145
205
231
222
187
146
119
110
119
146
187
222
231
205
145
74
26
6
2
0
0
0
0
1
3
12
42
99
165
213
232
226
208
192
187
192
208
226
232
213
165
99
42
12
3
1
0
0
0
0
1
2
5
19
54
110
167
208
227
232
231
229
231
232
227
208
167
110
54
19
5
2
1
0
0
0
0
1
1
2
7
23
57
104
150
186
208
217
218
217
208
186
150
104
57
23
7
2
1
1
0
0
0
0
1
1
1
2
7
21
46
80
114
142
155
158
155
142
114
80
46
21
7
2
1
1
1
0
0
0
0
0
1
1
1
2
6
14
29
49
68
77
79
77
68
49
29
14
6
2
1
1
1
0
0
0
0
0
0
0
0
0
0
0
0
0
0
0
0
0
0
0
0
0
0
0
0
0
0
0
0
0
0
0
0
0
0
0
0
0
0
0
0
0
0
0
0
0
0
0
0
0
0
0
0
0
0
0
0
0
