23
36
0
0
0
0
0
0
0
0
0
0
0
0
0
0
0
0
0
0
0
0
0
0
0
0
0
0
0
0
0
0
0
0
0
0
0
0
0
0
0
0
0
0
0
0
0
0
0
0
1
1
2
9
27
57
93
125
143
148
143
125
93
57
27
9
2
1
1
0
0
0
0
1
2
9
31
74
126
171
200
213
215
213
200
171
126
74
31
9
2
1
0
0
0
0
1
6
26
72
137
191
219
224
219
216
219
224
219
191
137
72
26
6
1
0
0
0
0
3
16
55
124
190
223
216
187
160
150
160
187
216
223
190
124
55
16
3
0
0
0
0
7
33
93
170
219
216
171
115
77
65
77
115
171
216
219
170
92
32
7
0
0
0
0
14
55
131
202
222
184
114
55
25
17
25
55
114
184
222
200
128
53
14
0
0
0
0
23
77
160
217
210
146
69
22
6
4
6
22
69
146
210
216
158
76
22
0
0
0
0
33
98
181
221
192
113
42
10
3
2
3
10
42
113
192
221
180
98
33
0
0
0
0
44
117
196
221
175
90
28
6
2
1
2
6
28
90
175
221
196
117
44
0
0
0
0
55
134
207
218
160
75
21
4
1
1
1
4
21
75
160
218
206
134
55
0
0
0
0
65
148
214
214
148
64
16
3
1
1
1
3
16
64
148
214
214
148
65
0
0
0
0
73
158
218
209
138
56
13
2
1
1
1
2
13
56
138
209
218
158
73
0
0
0
0
80
165
220
205
130
51
11
2
1
1
1
2
11
51
130
205
220
165
80
0
0
0
0
85
170
221
202
125
47
10
2
1
1
1
2
10
47
125
202
221
170
85
0
0
0
0
88
173
222
201
122
45
10
2
1
1
1
2
10
45
122
201
222
173
88
0
0
0
0
88
174
222
200
121
45
10
2
1
1
1
2
10
45
121
200
222
174
88
0
0
0
0
88
174
222
200
121
45
10
2
1
1
1
2
10
45
121
200
222
174
88
0
0
0
0
88
173
222
200
121
45
10
2
1
1
1
2
10
45
122
201
222
173
88
0
0
0
0
85
170
221
201
122
46
10
2
1
1
1
2
10
47
125
202
221
170
85
0
0
0
0
80
165
219
203
127
48
11
2
1
1
1
2
11
51
130
205
220
165
80
0
0
0
0
73
158
217
208
136
55
13
2
1
1
1
2
13
56
138
209
218
158
73
0
0
0
0
65
149
214
214
148
64
16
3
1
1
1
3
16
64
148
214
214
148
65
0
0
0
0
56
136
208
218
161
75
21
4
1
1
1
4
21
75
160
218
206
134
55
0
0
0
0
46
121
198
222
175
90
28
6
2
1
2
6
28
90
175
221
196
117
44
0
0
0
0
34
101
183
222
192
113
42
10
3
2
3
10
42
113
192
221
180
98
33
0
0
0
0
23
78
161
217
210
145
69
22
6
4
6
22
69
146
210
216
158
76
22
0
0
0
0
14
55
131
202
222
184
114
55
25
17
25
55
114
184
222
200
128
53
14
0
0
0
0
7
33
93
170
219
216
171
115
77
65
77
115
171
216
219
170
92
32
7
0
0
0
0
3
16
56
124
190
223
216
187
160
150
160
187
216
223
190
124
55
16
3
0
0
0
0
1
6
26
72
137
191
219
224
219
216
219
224
219
191
137
72
26
6
1
0
0
0
0
1
2
9
31
74
126
171
200
213
215
213
200
171
126
74
31
9
2
1
0
0
0
0
1
1
2
9
27
57
93
125
143
148
143
125
93
57
27
9
2
1
1
0
0
0
0
0
0
0
0
0
0
0
0
0
0
0
0
0
0
0
0
0
0
0
0
0
0
0
0
0
0
0
0
0
0
0
0
0
0
0
0
0
0
0
0
0
0
0
0
