23
30
0
0
0
0
0
0
0
0
0
0
0
0
0
0
0
0
0
0
0
0
0
0
0
0
0
0
0
0
0
0
0
0
0
0
0
0
0
0
0
0
0
0
0
0
0
0
0
0
55
124
167
167
124
55
12
0
0
0
0
0
0
0
0
0
0
0
0
0
0
0
0
73
167
225
225
167
73
15
0
0
0
0
0
0
0
0
0
0
0
0
0
0
0
0
78
178
240
240
178
78
16
0
0
0
0
0
0
0
0
0
0
0
0
0
0
0
0
78
178
240
240
178
78
16
0
0
0
0
0
0
0
0
0
0
0
0
0
0
0
0
78
178
240
240
178
78
16
0
0
0
1
4
7
4
1
0
0
0
0
0
0
0
0
74
171
236
240
182
85
20
2
5
12
19
31
41
30
15
5
1
0
0
0
0
0
0
59
147
221
240
198
114
46
24
35
59
81
102
116
99
65
30
9
1
0
0
0
0
0
35
109
197
240
226
170
114
91
109
147
175
193
202
186
146
85
30
5
0
0
0
0
0
20
85
182
240
247
226
198
185
197
221
237
243
246
240
212
146
65
15
1
0
0
0
0
16
78
178
240
255
251
243
237
233
236
239
241
244
250
240
190
105
34
5
0
0
0
0
16
78
178
240
255
255
247
226
198
182
178
183
201
232
246
221
147
59
12
0
0
0
0
16
78
178
240
255
247
219
167
113
85
78
89
132
201
243
236
171
74
15
0
0
0
0
16
78
178
240
251
226
167
95
42
20
16
31
89
183
241
240
178
78
16
0
0
0
0
16
78
178
240
244
198
113
42
9
1
0
16
78
178
240
240
178
78
16
0
0
0
0
16
78
178
240
241
182
85
20
1
0
0
16
78
178
240
240
178
78
16
0
0
0
0
16
78
178
240
240
178
78
16
0
0
0
16
78
178
240
241
182
85
20
0
0
0
0
15
74
171
236
240
182
85
20
1
0
0
15
74
171
236
243
197
109
35
0
0
0
0
12
59
147
221
240
197
109
35
5
0
0
12
59
147
221
246
221
147
59
0
0
0
0
5
35
109
197
240
221
147
59
12
0
0
5
35
109
197
243
236
171
74
0
0
0
0
1
20
85
182
240
236
171
74
15
0
0
1
20
85
182
241
240
178
78
0
0
0
0
0
16
78
178
240
240
178
78
16
0
0
0
16
78
178
240
240
178
78
0
0
0
0
0
16
78
178
240
240
178
78
16
0
0
0
16
78
178
240
240
178
78
0
0
0
0
0
16
78
178
240
240
178
78
16
0
0
0
16
78
178
240
240
178
78
0
0
0
0
0
16
78
178
240
240
178
78
16
0
0
0
15
73
167
225
225
167
73
0
0
0
0
0
15
73
167
225
225
167
73
15
0
0
0
12
55
124
167
167
124
55
0
0
0
0
0
12
55
124
167
167
124
55
12
0
0
0
5
24
55
73
73
55
24
0
0
0
0
0
0
0
0
0
0
0
0
0
0
0
0
0
0
0
0
0
0
0
0
0
0
0
0
0
0
0
0
0
0
0
0
0
0
0
0
0
0
0
0
0
0
0
0
