24
30
0
0
0
0
0
0
0
0
0
0
0
0
0
0
0
0
0
0
0
0
0
0
0
0
0
0
0
0
0
0
0
0
0
0
0
0
0
0
0
0
0
0
0
0
0
0
0
0
0
0
93
148
173
167
124
55
12
0
0
0
0
0
0
0
0
0
0
0
0
0
0
0
0
0
98
182
228
225
167
73
15
0
0
0
0
0
0
0
0
0
0
0
0
0
0
0
0
0
85
182
241
240
178
78
16
0
0
0
0
0
0
0
0
0
0
0
0
0
0
0
0
0
78
178
240
240
178
78
16
0
0
0
1
4
7
4
1
0
0
0
0
0
0
0
0
0
74
171
236
240
182
85
20
2
5
12
19
31
41
30
15
5
1
0
0
0
0
0
0
0
59
147
221
240
198
114
46
24
35
59
81
102
116
99
65
30
9
1
0
0
0
0
0
0
35
109
197
240
226
170
114
91
109
147
175
193
202
186
146
85
30
5
0
0
0
0
0
0
20
85
182
240
247
226
198
185
197
221
237
243
246
240
212
146
65
15
1
0
0
0
0
0
16
78
178
240
255
251
243
237
233
236
239
241
244
250
240
190
105
34
5
0
0
0
0
0
16
78
178
240
255
255
251
232
201
183
178
182
198
226
242
221
151
66
15
1
0
0
0
0
15
74
171
236
255
255
241
195
128
88
78
85
114
170
225
236
190
105
34
5
0
0
0
0
12
59
147
221
251
251
222
152
71
27
16
20
46
114
198
240
221
147
59
12
0
0
0
0
5
35
109
197
244
244
197
109
35
5
0
1
20
85
182
240
236
171
74
15
0
0
0
0
1
20
85
182
241
241
182
85
20
1
0
0
16
78
178
240
240
178
78
16
0
0
0
0
0
16
78
178
240
240
178
78
16
0
0
0
16
78
178
240
241
182
85
20
0
0
0
0
0
16
78
178
240
241
182
85
20
1
0
0
15
74
171
236
243
197
109
35
0
0
0
0
0
15
74
171
236
243
197
109
35
5
0
0
12
59
147
221
246
221
147
59
0
0
0
0
0
12
59
147
221
246
221
147
59
12
0
0
5
35
109
197
243
236
171
74
0
0
0
0
0
5
35
109
197
243
236
171
74
15
0
0
1
20
85
182
241
240
178
78
0
0
0
0
0
1
20
85
182
241
240
178
78
16
0
0
0
16
78
178
240
240
178
78
0
0
0
0
0
0
16
78
178
240
240
178
78
16
0
0
0
15
74
171
236
240
182
85
0
0
0
0
0
0
15
74
171
236
240
182
85
20
1
0
0
12
59
147
221
239
193
102
0
0
0
0
0
0
12
59
147
221
240
197
109
35
5
0
0
5
34
104
185
221
191
112
0
0
0
0
0
0
5
35
109
197
239
217
141
56
11
0
0
1
15
61
128
160
139
79
0
0
0
0
0
0
1
19
80
170
221
206
136
55
11
0
0
0
5
24
55
70
58
30
0
0
0
0
0
0
0
12
55
124
160
142
85
30
5
0
0
0
1
5
12
15
12
5
0
0
0
0
0
0
0
0
0
0
0
0
0
0
0
0
0
0
0
0
0
0
0
0
0
0
0
0
0
0
0
0
0
0
0
0
0
0
0
0
0
0
0
0
0
0
0
0
0
0
