25
30
0
0
0
0
0
0
0
0
0
0
0
0
0
0
0
0
0
0
0
0
0
0
0
0
0
0
0
0
0
0
0
0
0
0
0
0
0
0
0
0
0
0
0
0
0
0
0
0
0
0
0
0
67
106
139
130
75
25
4
0
0
0
0
0
0
0
0
0
0
0
0
0
0
0
0
0
0
140
189
210
180
101
33
5
0
0
0
0
0
0
0
0
0
0
0
0
0
0
0
0
0
0
179
231
240
198
114
39
7
1
0
0
0
0
0
0
0
0
0
0
0
0
0
0
0
0
0
169
230
244
211
135
57
14
2
1
5
11
14
10
6
3
2
1
0
0
0
0
0
0
0
0
135
211
244
230
169
86
30
14
18
35
58
67
55
37
26
17
8
3
1
0
0
0
0
0
0
114
199
244
241
192
111
60
57
77
108
145
159
140
112
93
69
38
13
2
1
0
0
0
0
0
103
191
241
244
204
142
118
139
169
195
220
228
216
198
183
150
92
35
7
1
0
0
0
0
0
86
169
230
244
221
187
187
212
232
239
241
243
245
244
238
208
141
61
14
1
0
0
0
0
0
57
135
211
244
241
230
235
244
242
224
204
206
228
245
250
232
174
88
27
4
1
0
0
0
0
39
114
199
244
253
251
249
238
206
160
123
130
173
214
241
241
202
126
52
13
2
0
0
0
0
33
103
191
241
255
254
243
206
144
83
48
58
106
166
221
245
228
167
85
26
4
0
0
0
0
26
86
169
230
252
251
227
165
87
32
11
19
58
127
204
245
241
191
104
35
6
0
0
0
0
14
57
135
211
248
247
208
129
51
11
2
7
37
106
192
242
244
200
118
47
11
0
0
0
0
7
39
114
199
245
246
201
118
42
8
1
4
26
86
169
230
244
213
142
68
21
0
0
0
0
5
33
103
191
241
247
211
135
57
14
2
2
14
57
135
211
244
231
174
93
30
0
0
0
0
4
26
86
169
230
249
230
169
86
26
4
1
7
39
114
199
244
242
195
111
39
0
0
0
0
2
14
57
135
211
247
241
191
103
33
5
0
5
33
103
191
241
247
211
135
57
0
0
0
0
1
7
38
109
194
242
244
199
114
39
7
1
4
26
86
169
230
249
230
169
86
0
0
0
0
0
4
26
86
169
230
244
211
135
57
14
2
2
14
57
135
211
247
241
191
103
0
0
0
0
0
2
14
57
135
211
244
230
169
86
26
4
1
7
39
114
199
245
245
199
114
0
0
0
0
0
1
7
39
114
199
244
242
194
109
38
7
1
5
33
103
191
241
246
207
127
0
0
0
0
0
0
5
33
103
191
241
247
211
135
57
14
2
4
26
83
163
218
230
199
128
0
0
0
0
0
0
4
26
86
169
230
249
230
169
86
26
4
2
13
47
102
151
166
141
85
0
0
0
0
0
0
2
14
57
135
211
246
237
183
98
31
5
1
4
15
39
63
72
59
32
0
0
0
0
0
0
1
7
37
107
187
226
213
155
79
25
4
0
1
3
7
13
15
12
5
0
0
0
0
0
0
0
4
25
75
137
164
144
91
40
11
2
0
0
0
0
0
0
0
0
0
0
0
0
0
0
0
0
0
0
0
0
0
0
0
0
0
0
0
0
0
0
0
0
0
0
0
0
0
0
0
0
0
0
0
0
0
0
0
0
0
0
0
0
0
0
0
0
0
0
0
0
