22
31
0
0
0
0
0
0
0
0
0
0
0
0
0
0
0
0
0
0
0
0
0
0
0
0
0
0
0
0
0
0
0
0
0
0
0
0
0
0
0
0
0
0
0
0
0
0
0
12
55
124
167
167
124
55
12
0
0
0
0
0
0
0
0
0
0
0
0
0
0
15
73
167
225
225
167
73
15
0
0
0
0
0
0
0
0
0
0
0
0
0
0
16
78
178
240
240
178
78
16
0
0
0
0
0
0
0
0
0
0
0
0
0
0
16
78
178
240
240
178
78
16
0
0
0
0
0
0
0
0
0
0
0
0
0
0
16
78
178
240
240
178
78
16
0
0
0
0
0
0
0
0
0
0
0
0
0
1
20
85
182
241
240
178
78
16
0
0
0
0
0
0
0
0
0
0
0
0
0
5
35
109
197
243
236
171
75
20
12
15
15
12
5
1
0
0
0
0
0
0
0
12
59
147
221
247
226
158
78
46
59
74
74
59
34
15
5
1
0
0
0
0
0
15
74
171
236
248
220
163
114
114
147
171
171
147
105
65
30
9
1
0
0
0
0
16
78
178
240
252
236
208
190
198
221
236
236
221
190
146
85
30
5
0
0
0
0
16
78
178
240
255
251
243
237
233
236
240
243
246
240
212
146
65
15
0
0
0
0
16
78
178
240
255
255
247
226
198
182
182
198
226
246
240
190
105
34
0
0
0
0
16
78
178
240
255
247
219
167
113
85
85
114
170
226
246
221
147
59
0
0
0
0
16
78
178
240
251
226
167
95
42
20
20
46
114
198
243
236
171
74
0
0
0
0
16
78
178
240
244
198
113
42
9
1
1
20
85
182
241
240
178
78
0
0
0
0
16
78
178
240
241
182
85
20
1
0
0
16
78
178
240
240
178
78
0
0
0
0
16
78
178
240
240
178
78
16
0
0
0
16
78
178
240
240
178
78
0
0
0
0
20
85
182
240
236
171
74
15
0
0
1
20
85
182
240
236
171
74
0
0
0
0
35
109
197
240
221
147
59
12
0
0
5
35
109
197
240
221
147
59
0
0
0
0
59
147
221
240
197
109
35
5
0
0
12
59
147
221
240
197
109
35
0
0
0
0
74
171
236
240
182
85
20
1
0
0
15
74
171
236
240
182
85
20
0
0
0
0
78
178
240
240
178
78
16
0
0
0
16
78
178
240
240
178
78
16
0
0
0
0
78
178
240
240
178
78
16
0
0
0
16
78
178
240
240
178
78
16
0
0
0
0
78
178
240
240
178
78
16
0
0
0
16
78
178
240
240
178
78
16
0
0
0
0
73
167
225
225
167
73
15
0
0
0
16
78
178
240
240
178
78
16
0
0
0
0
55
124
167
167
124
55
12
0
0
0
15
73
167
225
225
167
73
15
0
0
0
0
24
55
73
73
55
24
5
0
0
0
12
55
124
167
167
124
55
12
0
0
0
0
0
0
0
0
0
0
0
0
0
0
0
0
0
0
0
0
0
0
0
0
0
0
0
0
0
0
0
0
0
0
0
0
0
0
0
0
0
0
0
0
0
0
