22
32
0
0
0
0
0
0
0
0
0
0
0
0
0
0
0
0
0
0
0
0
0
0
0
0
0
0
0
0
0
0
0
0
0
0
0
0
0
0
0
0
0
0
0
0
0
0
0
0
12
55
124
160
142
85
30
5
0
0
0
0
0
0
0
0
0
0
0
0
0
0
15
73
167
221
210
142
58
12
0
0
0
0
0
0
0
0
0
0
0
0
0
0
16
78
178
239
236
171
74
15
0
0
0
0
0
0
0
0
0
0
0
0
0
1
20
85
182
240
236
171
74
15
0
0
0
0
0
0
0
0
0
0
0
0
0
5
35
109
197
240
221
147
59
12
0
0
0
0
0
0
0
0
0
0
0
0
0
12
59
147
221
240
197
109
35
5
0
0
0
0
0
0
0
0
0
0
0
0
0
15
74
171
236
240
182
85
21
6
11
11
5
1
0
0
0
0
0
0
0
0
0
16
78
178
240
241
183
89
35
35
56
56
34
15
5
1
0
0
0
0
0
0
1
20
85
182
241
244
201
132
96
109
141
141
105
66
34
15
5
1
0
0
0
0
5
35
109
197
244
251
232
201
186
197
217
217
190
151
105
65
30
9
0
0
0
0
12
59
147
221
251
255
250
240
230
229
235
239
236
221
189
142
79
27
0
0
0
0
15
74
171
236
255
255
247
226
198
182
183
201
231
246
237
196
118
43
0
0
0
0
16
78
178
240
255
247
219
167
113
85
88
128
195
241
247
212
133
50
0
0
0
0
16
78
178
240
251
226
167
95
42
20
27
71
152
222
247
225
154
63
0
0
0
0
20
85
182
240
241
191
109
41
9
1
5
35
109
197
243
236
171
74
0
0
0
0
35
109
197
240
222
151
66
15
1
0
2
24
91
185
241
236
171
74
0
0
0
0
59
147
221
240
197
109
35
5
0
0
5
35
109
197
240
221
147
59
0
0
0
0
74
171
236
240
182
85
20
1
0
0
12
59
147
221
240
197
109
35
0
0
0
0
78
178
240
240
178
78
16
0
0
0
15
74
171
236
240
182
85
20
0
0
0
0
78
178
240
240
178
78
16
0
0
0
16
78
178
240
240
178
78
16
0
0
0
0
85
182
240
236
171
74
15
0
0
0
16
78
178
240
240
178
78
16
0
0
0
0
109
197
240
221
147
59
12
0
0
1
20
85
182
240
236
171
74
15
0
0
0
0
147
221
240
197
109
35
5
0
0
5
35
109
197
240
221
147
59
12
0
0
0
0
171
236
240
182
85
20
1
0
0
12
59
147
221
240
197
109
35
5
0
0
0
0
167
225
225
167
73
15
0
0
0
15
74
171
236
240
182
85
20
1
0
0
0
0
124
167
167
124
55
12
0
0
0
16
78
178
240
240
178
78
16
0
0
0
0
0
55
73
73
55
24
5
0
0
0
15
73
167
225
225
167
73
15
0
0
0
0
0
12
15
15
12
5
1
0
0
0
12
55
124
167
167
124
55
12
0
0
0
0
0
0
0
0
0
0
0
0
0
0
0
0
0
0
0
0
0
0
0
0
0
0
0
0
0
0
0
0
0
0
0
0
0
0
0
0
0
0
0
0
0
0
0
