23
32
0
0
0
0
0
0
0
0
0
0
0
0
0
0
0
0
0
0
0
0
0
0
0
0
0
0
0
0
0
0
0
0
0
0
0
0
0
0
0
0
0
0
0
0
0
0
0
0
0
0
0
4
25
75
137
164
144
91
40
11
2
0
0
0
0
0
0
0
0
0
0
0
0
0
5
33
101
184
225
213
155
79
25
4
0
0
0
0
0
0
0
0
0
0
0
0
1
7
39
114
199
243
238
184
100
32
5
0
0
0
0
0
0
0
0
0
0
0
0
2
14
57
135
211
244
231
174
93
30
5
0
0
0
0
0
0
0
0
0
0
0
0
4
26
86
169
230
244
213
142
68
21
4
0
0
0
0
0
0
0
0
0
0
0
1
6
35
104
191
241
244
200
118
47
11
2
0
0
0
0
0
0
0
0
0
0
0
2
11
47
118
200
244
241
192
108
43
14
4
1
0
0
0
0
0
0
0
0
0
0
4
21
68
142
213
245
234
182
114
71
49
30
19
14
10
4
1
0
0
0
0
0
0
5
30
93
174
231
248
229
186
149
138
126
101
82
69
47
19
4
1
0
0
0
0
1
7
39
111
195
242
252
241
220
208
211
208
192
178
158
112
53
15
3
0
0
0
0
2
14
57
135
211
248
255
251
244
238
239
243
242
238
219
172
104
47
16
0
0
0
0
4
26
86
169
230
252
254
248
233
213
207
224
242
250
245
220
170
104
44
0
0
0
0
5
33
103
191
241
254
247
222
179
138
128
157
196
229
247
245
216
152
72
0
0
0
0
7
39
114
199
245
251
229
175
108
59
48
74
123
185
233
249
231
168
80
0
0
0
0
14
57
135
211
247
244
203
127
55
17
9
25
70
147
217
247
235
176
87
0
0
0
0
26
86
169
230
249
230
171
90
29
5
2
16
63
144
216
247
238
182
94
0
0
0
0
33
103
191
241
247
211
135
57
14
2
4
26
86
170
230
249
229
168
84
0
0
0
0
39
114
199
244
242
194
109
38
7
1
5
33
103
191
241
247
211
135
57
0
0
0
0
57
135
211
244
230
169
86
26
4
1
7
39
114
199
245
245
199
114
39
0
0
0
0
86
169
230
244
211
135
57
14
2
2
14
57
135
211
247
241
191
103
33
0
0
0
0
104
191
241
244
199
114
39
7
1
4
26
86
169
230
249
230
169
86
26
0
0
0
0
118
200
244
241
191
103
33
5
0
5
33
103
191
241
247
211
135
57
14
0
0
0
0
142
213
244
230
169
86
26
4
1
7
39
114
199
244
242
195
111
39
7
0
0
0
0
162
220
240
210
135
57
14
2
2
14
57
135
211
244
231
174
93
30
5
0
0
0
0
136
186
210
183
107
37
7
1
4
26
86
169
230
244
213
142
68
21
4
0
0
0
0
67
106
139
130
75
25
4
0
5
33
103
191
241
244
200
118
47
11
2
0
0
0
0
17
34
56
57
33
11
2
0
5
33
101
185
233
237
190
104
35
6
1
0
0
0
0
1
5
11
12
7
3
1
0
4
25
75
140
186
199
159
83
26
4
0
0
0
0
0
0
0
0
0
0
0
0
0
0
0
0
0
0
0
0
0
0
0
0
0
0
0
0
0
0
0
0
0
0
0
0
0
0
0
0
0
0
0
0
0
0
0
0
0
