24
36
0
0
0
0
0
0
0
0
0
0
0
0
0
0
0
0
0
0
0
0
0
0
0
0
0
0
0
0
0
0
0
0
0
0
0
0
0
0
0
0
0
0
0
0
0
0
0
0
0
0
38
87
129
142
123
77
30
7
1
1
1
0
0
0
0
0
0
0
0
0
0
0
0
0
55
127
188
207
179
112
44
10
2
1
1
0
0
0
0
0
0
0
0
0
0
0
0
0
61
142
211
232
201
125
48
11
2
1
1
0
0
0
0
0
0
0
0
0
0
0
0
0
62
144
215
237
205
127
49
11
2
1
1
0
0
0
0
0
0
0
0
0
0
0
0
0
62
145
216
238
205
128
49
11
2
1
1
0
0
0
0
0
0
0
0
0
0
0
0
0
62
145
216
238
206
128
49
11
2
1
1
0
0
0
0
0
0
0
0
0
0
0
0
0
62
145
216
238
206
128
49
11
2
1
1
0
0
0
0
0
0
0
0
0
0
0
0
0
63
145
216
238
206
128
49
11
2
1
1
0
0
0
0
0
0
0
0
0
0
0
0
0
63
145
216
238
206
128
49
11
2
1
1
0
0
0
0
0
0
0
0
0
0
0
0
0
63
145
216
238
206
128
49
11
2
1
1
0
0
0
0
0
0
0
0
0
0
0
0
0
63
145
216
238
206
128
49
11
2
1
1
0
0
0
0
0
0
0
0
0
0
0
0
0
63
145
216
238
206
128
49
11
2
1
1
0
0
0
0
0
0
0
0
0
0
0
0
0
63
145
216
238
206
128
49
11
2
1
1
0
0
0
0
0
0
0
0
0
0
0
0
0
63
145
216
238
206
128
49
11
2
1
1
0
0
0
0
0
0
0
0
0
0
0
0
0
63
145
216
238
206
128
49
11
2
1
1
0
0
0
0
0
0
0
0
0
0
0
0
0
63
145
216
238
206
128
49
11
2
1
1
0
0
0
0
0
0
0
0
0
0
0
0
0
63
145
216
238
206
128
49
11
2
1
1
0
0
0
0
0
0
0
0
0
0
0
0
0
63
145
216
238
206
128
49
11
2
1
1
0
0
0
0
0
0
0
0
0
0
0
0
0
63
145
216
238
206
128
49
11
2
1
1
0
0
0
0
0
0
0
0
0
0
0
0
0
63
145
216
238
206
128
49
11
2
1
1
0
0
0
0
0
0
0
0
0
0
0
0
0
63
145
216
238
206
128
49
11
2
1
1
0
0
0
0
0
0
0
0
0
0
0
0
0
63
145
216
238
206
128
49
11
2
1
1
0
0
0
0
0
0
0
0
0
0
0
0
0
63
145
216
238
206
128
49
11
2
1
1
0
0
0
0
0
0
0
0
0
0
0
0
0
63
145
216
238
206
128
49
11
2
1
1
1
1
1
1
1
1
1
1
1
0
0
0
0
62
145
216
238
206
128
50
12
3
2
2
2
2
2
2
2
2
2
2
2
0
0
0
0
62
145
216
238
207
133
58
22
14
13
13
13
13
13
13
13
13
13
13
11
0
0
0
0
62
145
216
239
215
154
94
64
58
58
58
57
57
57
57
57
57
57
56
48
0
0
0
0
62
144
215
242
231
197
163
146
143
143
143
143
143
143
143
143
143
142
138
119
0
0
0
0
61
142
211
240
240
230
219
214
213
213
213
213
213
213
213
213
213
212
206
178
0
0
0
0
55
127
188
214
219
218
217
216
216
216
216
216
216
216
216
216
216
215
209
180
0
0
0
0
38
88
129
147
150
151
151
151
151
151
151
151
151
151
151
151
151
150
146
126
0
0
0
0
17
38
56
64
65
65
65
65
65
65
65
65
65
65
65
65
65
65
63
55
0
0
0
0
0
0
0
0
0
0
0
0
0
0
0
0
0
0
0
0
0
0
0
0
0
0
0
0
0
0
0
0
0
0
0
0
0
0
0
0
0
0
0
0
0
0
0
0
0
0
