30
43
0
0
0
0
0
0
0
0
0
0
0
0
0
0
0
0
0
0
0
0
0
0
0
0
0
0
0
0
0
0
0
0
0
0
0
0
0
0
0
0
0
0
0
0
0
0
0
0
0
0
0
0
0
0
0
0
0
0
0
0
0
0
12
40
87
129
150
149
125
80
34
9
2
1
1
1
0
0
0
0
0
0
0
0
0
0
0
0
0
0
0
0
16
55
120
179
208
206
173
110
48
13
3
2
1
1
0
0
0
0
0
0
0
0
0
0
0
0
0
0
0
0
18
61
133
199
233
230
192
123
52
14
3
2
1
1
0
0
0
0
0
0
0
0
0
0
0
0
0
0
0
0
18
61
135
203
238
236
196
125
53
14
3
2
1
1
0
0
0
0
0
0
0
0
0
0
0
0
0
0
0
0
18
62
135
204
240
237
197
125
53
14
3
2
1
1
0
0
0
0
0
0
0
0
0
0
0
0
0
0
0
0
18
62
136
205
240
238
198
125
53
14
3
2
1
1
0
0
0
0
0
0
0
0
0
0
0
0
0
0
0
0
18
62
136
205
240
238
198
125
53
14
3
2
1
1
0
0
0
0
0
0
0
0
0
0
0
0
0
0
0
0
18
62
136
205
240
238
198
125
53
14
3
2
1
1
0
0
0
0
0
0
0
0
0
0
0
0
0
0
0
0
18
62
136
205
240
238
198
125
53
14
3
2
1
1
0
0
0
0
0
0
0
0
0
0
0
0
0
0
0
0
18
62
136
205
240
238
198
125
53
14
3
2
1
1
0
0
0
0
0
0
0
0
0
0
0
0
0
0
0
0
18
62
136
205
240
238
198
125
53
14
3
2
1
1
0
0
0
0
0
0
0
0
0
0
0
0
0
0
0
0
18
62
136
205
240
238
198
125
53
14
3
2
1
1
0
0
0
0
0
0
0
0
0
0
0
0
0
0
0
0
18
62
136
205
240
238
198
125
53
14
3
2
1
1
0
0
0
0
0
0
0
0
0
0
0
0
0
0
0
0
18
62
136
205
240
238
198
125
53
14
3
2
1
1
0
0
0
0
0
0
0
0
0
0
0
0
0
0
0
0
18
62
136
205
240
238
198
125
53
14
3
2
1
1
0
0
0
0
0
0
0
0
0
0
0
0
0
0
0
0
18
62
136
205
240
238
198
125
53
14
3
2
1
1
0
0
0
0
0
0
0
0
0
0
0
0
0
0
0
0
18
62
136
205
240
238
198
125
53
14
3
2
1
1
0
0
0
0
0
0
0
0
0
0
0
0
0
0
0
0
18
62
136
205
240
238
198
125
53
14
3
2
1
1
0
0
0
0
0
0
0
0
0
0
0
0
0
0
0
0
18
62
136
205
240
238
198
125
53
14
3
2
1
1
0
0
0
0
0
0
0
0
0
0
0
0
0
0
0
0
18
62
136
205
240
238
198
125
53
14
3
2
1
1
0
0
0
0
0
0
0
0
0
0
0
0
0
0
0
0
18
62
136
205
240
238
198
125
53
14
3
2
1
1
0
0
0
0
0
0
0
0
0
0
0
0
0
0
0
0
18
62
136
205
240
238
198
125
53
14
3
2
1
1
0
0
0
0
0
0
0
0
0
0
0
0
0
0
0
0
18
62
136
205
240
238
198
125
53
14
3
2
1
1
0
0
0
0
0
0
0
0
0
0
0
0
0
0
0
0
18
62
136
205
240
238
198
125
53
14
3
2
1
1
0
0
0
0
0
0
0
0
0
0
0
0
0
0
0
0
18
62
136
205
240
238
198
125
53
14
3
2
1
1
0
0
0
0
0
0
0
0
0
0
0
0
0
0
0
0
18
62
136
205
240
238
198
125
53
14
3
2
1
1
0
0
0
0
0
0
0
0
0
0
0
0
0
0
0
0
18
62
136
205
240
238
198
125
53
14
3
2
1
1
0
0
0
0
0
0
0
0
0
0
0
0
0
0
0
0
18
62
136
205
240
238
198
125
53
14
3
2
1
1
1
1
1
1
1
1
1
1
1
1
1
1
0
0
0
0
18
62
136
205
240
238
198
126
54
15
4
2
1
1
1
1
1
1
1
1
1
1
1
1
1
1
0
0
0
0
18
62
136
205
240
238
198
126
54
16
5
3
2
2
2
2
2
2
2
2
2
2
2
2
2
2
0
0
0
0
18
62
136
205
240
238
199
128
59
22
11
10
9
9
9
9
9
9
9
9
9
9
9
9
8
5
0
0
0
0
18
62
136
205
240
239
204
142
82
49
40
39
39
39
39
39
39
39
39
39
39
39
38
37
32
22
0
0
0
0
18
62
135
204
240
243
220
177
135
113
107
107
106
106
106
106
106
106
106
106
106
106
106
102
88
59
0
0
0
0
18
61
135
203
239
246
237
217
198
187
184
184
184
184
184
184
184
184
184
184
184
183
183
177
152
103
0
0
0
0
18
61
133
199
234
243
242
237
232
229
228
228
228
228
228
228
228
228
228
228
228
228
227
220
190
129
0
0
0
0
16
55
120
179
210
218
219
219
219
218
218
218
218
218
218
218
218
218
218
218
218
218
217
210
182
123
0
0
0
0
12
40
87
129
151
157
158
158
158
158
158
158
158
158
158
158
158
158
158
158
158
158
157
152
132
89
0
0
0
0
6
20
44
65
76
79
80
80
80
80
80
80
80
80
80
80
80
80
80
80
80
79
79
76
66
45
0
0
0
0
2
6
14
21
24
25
25
25
25
25
25
25
25
25
25
25
25
25
25
25
25
25
25
24
21
14
0
0
0
0
0
0
0
0
0
0
0
0
0
0
0
0
0
0
0
0
0
0
0
0
0
0
0
0
0
0
0
0
0
0
0
0
0
0
0
0
0
0
0
0
0
0
0
0
0
0
0
0
0
0
0
0
0
0
0
0
0
0
