29
36
0
0
0
0
0
0
0
0
0
0
0
0
0
0
0
0
0
0
0
0
0
0
0
0
0
0
0
0
0
0
0
0
0
0
0
0
0
0
0
0
0
0
0
0
0
0
0
0
0
0
0
0
0
0
0
0
0
0
0
0
11
38
82
122
142
141
118
76
33
9
2
1
1
1
0
0
0
0
0
0
0
0
0
0
0
0
0
0
0
16
54
118
177
206
204
171
109
47
13
3
2
1
1
0
0
0
0
0
0
0
0
0
0
0
0
0
0
0
18
60
132
199
233
231
192
122
52
14
3
2
1
1
0
0
0
0
0
0
0
0
0
0
0
0
0
0
0
18
61
135
204
239
237
197
125
53
14
3
2
1
1
0
0
0
0
0
0
0
0
0
0
0
0
0
0
0
18
62
136
205
240
238
198
125
53
14
3
2
1
1
0
0
0
0
0
0
0
0
0
0
0
0
0
0
0
18
62
136
205
240
238
198
125
53
14
3
2
1
1
0
0
0
0
0
0
0
0
0
0
0
0
0
0
0
18
62
136
205
240
238
198
125
53
14
3
2
1
1
0
0
0
0
0
0
0
0
0
0
0
0
0
0
0
18
62
136
205
240
238
198
125
53
14
3
2
1
1
0
0
0
0
0
0
0
0
0
0
0
0
0
0
0
18
62
136
205
240
238
198
125
53
14
3
2
1
1
0
0
0
0
0
0
0
0
0
0
0
0
0
0
0
18
62
136
205
240
238
198
125
53
14
3
2
1
1
0
0
0
0
0
0
0
0
0
0
0
0
0
0
0
18
62
136
205
240
238
198
125
53
14
3
2
1
1
0
0
0
0
0
0
0
0
0
0
0
0
0
0
0
18
62
136
205
240
238
198
125
53
14
3
2
1
1
0
0
0
0
0
0
0
0
0
0
0
0
0
0
0
18
62
136
205
240
238
198
125
53
14
3
2
1
1
0
0
0
0
0
0
0
0
0
0
0
0
0
0
0
18
62
136
205
240
238
198
125
53
14
3
2
1
1
0
0
0
0
0
0
0
0
0
0
0
0
0
0
0
18
62
136
205
240
238
198
125
53
14
3
2
1
1
0
0
0
0
0
0
0
0
0
0
0
0
0
0
0
18
62
136
205
240
238
198
125
53
14
3
2
1
1
0
0
0
0
0
0
0
0
0
0
0
0
0
0
0
18
62
136
205
240
238
198
125
53
14
3
2
1
1
0
0
0
0
0
0
0
0
0
0
0
0
0
0
0
18
62
136
205
240
238
198
125
53
14
3
2
1
1
0
0
0
0
0
0
0
0
0
0
0
0
0
0
0
18
62
136
205
240
238
198
125
53
14
3
2
1
1
0
0
0
0
0
0
0
0
0
0
0
0
0
0
0
18
62
136
205
240
238
198
125
53
14
3
2
1
1
0
0
0
0
0
0
0
0
0
0
0
0
0
0
0
18
62
136
205
240
238
198
125
53
14
3
2
1
1
0
0
0
0
0
0
0
0
0
0
0
0
0
0
0
18
62
136
205
240
238
198
125
53
14
3
2
1
1
0
0
0
0
0
0
0
0
0
0
0
0
0
0
0
18
62
136
205
240
238
198
125
53
14
3
2
1
1
0
0
0
0
0
0
0
0
0
0
0
0
0
0
0
18
62
136
205
240
238
198
126
54
15
4
2
1
1
1
1
1
1
1
1
1
1
1
1
1
0
0
0
0
18
62
136
205
240
238
198
126
55
16
5
3
3
2
2
2
2
2
2
2
2
2
2
2
2
0
0
0
0
18
62
136
205
240
238
200
131
64
27
17
16
15
15
15
15
15
15
15
15
15
15
14
14
12
0
0
0
0
18
62
136
205
240
240
209
153
99
69
61
60
60
60
59
59
59
59
59
59
59
59
59
57
49
0
0
0
0
18
61
135
204
239
244
227
195
164
147
143
142
142
142
142
142
142
142
142
142
142
142
141
136
117
0
0
0
0
18
61
133
199
234
242
238
227
217
211
209
209
209
209
209
209
209
209
209
209
209
209
208
201
173
0
0
0
0
16
55
118
177
207
216
216
215
213
212
212
212
212
212
212
212
212
212
212
212
212
212
211
204
176
0
0
0
0
11
38
82
122
143
149
149
149
149
149
149
149
149
149
149
149
149
149
149
149
150
149
149
144
124
0
0
0
0
5
17
37
55
64
67
67
67
67
67
67
67
67
67
67
67
67
67
67
67
67
67
67
65
56
0
0
0
0
0
0
0
0
0
0
0
0
0
0
0
0
0
0
0
0
0
0
0
0
0
0
0
0
0
0
0
0
0
0
0
0
0
0
0
0
0
0
0
0
0
0
0
0
0
0
0
0
0
0
0
0
0
0
0
0
