30
48
0
0
0
0
0
0
0
0
0
0
0
0
0
0
0
0
0
0
0
0
0
0
0
0
0
0
0
0
0
0
0
0
0
0
0
0
0
0
0
0
0
0
0
0
0
0
0
0
0
0
0
0
0
0
0
0
0
0
0
0
0
0
8
27
59
88
102
102
85
54
24
7
2
1
1
1
0
0
0
0
0
0
0
0
0
0
0
0
0
0
0
0
14
46
99
148
172
171
143
92
40
11
3
1
1
1
0
0
0
0
0
0
0
0
0
0
0
0
0
0
0
0
17
58
126
187
218
216
181
116
50
13
3
2
1
1
0
0
0
0
0
0
0
0
0
0
0
0
0
0
0
0
18
61
134
201
235
233
194
123
53
14
3
2
1
1
0
0
0
0
0
0
0
0
0
0
0
0
0
0
0
0
18
61
135
203
238
236
196
124
53
14
3
2
1
1
0
0
0
0
0
0
0
0
0
0
0
0
0
0
0
0
18
61
135
204
240
237
197
125
53
14
3
2
1
1
0
0
0
0
0
0
0
0
0
0
0
0
0
0
0
0
18
62
136
205
240
238
198
125
53
14
3
2
1
1
0
0
0
0
0
0
0
0
0
0
0
0
0
0
0
0
18
62
136
205
240
238
198
125
53
14
3
2
1
1
0
0
0
0
0
0
0
0
0
0
0
0
0
0
0
0
18
62
136
205
240
238
198
125
53
14
3
2
1
1
0
0
0
0
0
0
0
0
0
0
0
0
0
0
0
0
18
62
136
205
240
238
198
125
53
14
3
2
1
1
0
0
0
0
0
0
0
0
0
0
0
0
0
0
0
0
18
62
136
205
240
238
198
125
53
14
3
2
1
1
0
0
0
0
0
0
0
0
0
0
0
0
0
0
0
0
18
62
136
205
240
238
198
125
53
14
3
2
1
1
0
0
0
0
0
0
0
0
0
0
0
0
0
0
0
0
18
62
136
205
240
238
198
125
53
14
3
2
1
1
0
0
0
0
0
0
0
0
0
0
0
0
0
0
0
0
18
62
136
205
240
238
198
125
53
14
3
2
1
1
0
0
0
0
0
0
0
0
0
0
0
0
0
0
0
0
18
62
136
205
240
238
198
125
53
14
3
2
1
1
0
0
0
0
0
0
0
0
0
0
0
0
0
0
0
0
18
62
136
205
240
238
198
125
53
14
3
2
1
1
0
0
0
0
0
0
0
0
0
0
0
0
0
0
0
0
18
62
136
205
240
238
198
125
53
14
3
2
1
1
0
0
0
0
0
0
0
0
0
0
0
0
0
0
0
0
18
62
136
205
240
238
198
125
53
14
3
2
1
1
0
0
0
0
0
0
0
0
0
0
0
0
0
0
0
0
18
62
136
205
240
238
198
125
53
14
3
2
1
1
0
0
0
0
0
0
0
0
0
0
0
0
0
0
0
0
18
62
136
205
240
238
198
125
53
14
3
2
1
1
0
0
0
0
0
0
0
0
0
0
0
0
0
0
0
0
18
62
136
205
240
238
198
125
53
14
3
2
1
1
0
0
0
0
0
0
0
0
0
0
0
0
0
0
0
0
18
62
136
205
240
238
198
125
53
14
3
2
1
1
0
0
0
0
0
0
0
0
0
0
0
0
0
0
0
0
18
62
136
205
240
238
198
125
53
14
3
2
1
1
0
0
0
0
0
0
0
0
0
0
0
0
0
0
0
0
18
62
136
205
240
238
198
125
53
14
3
2
1
1
0
0
0
0
0
0
0
0
0
0
0
0
0
0
0
0
18
62
136
205
240
238
198
125
53
14
3
2
1
1
0
0
0
0
0
0
0
0
0
0
0
0
0
0
0
0
18
62
136
205
240
238
198
125
53
14
3
2
1
1
0
0
0
0
0
0
0
0
0
0
0
0
0
0
0
0
18
62
136
205
240
238
198
125
53
14
3
2
1
1
0
0
0
0
0
0
0
0
0
0
0
0
0
0
0
0
18
62
136
205
240
238
198
125
53
14
3
2
1
1
0
0
0
0
0
0
0
0
0
0
0
0
0
0
0
0
18
62
136
205
240
238
198
125
53
14
3
2
1
1
0
0
0
0
0
0
0
0
0
0
0
0
0
0
0
0
18
62
136
205
240
238
198
125
53
14
3
2
1
1
0
0
0
0
0
0
0
0
0
0
0
0
0
0
0
0
18
62
136
205
240
238
198
125
53
14
3
2
1
1
0
0
0
0
0
0
0
0
0
0
0
0
0
0
0
0
18
62
136
205
240
238
198
125
53
14
3
2
1
1
0
0
0
0
0
0
0
0
0
0
0
0
0
0
0
0
18
62
136
205
240
238
198
125
53
14
4
2
1
1
1
1
1
1
1
1
1
1
1
1
1
1
0
0
0
0
18
62
136
205
240
238
198
126
54
15
4
3
2
2
2
2
2
2
2
2
2
2
2
1
1
1
0
0
0
0
18
62
136
205
240
238
198
126
55
16
6
4
3
3
3
3
3
3
3
3
3
3
3
3
3
2
0
0
0
0
18
62
136
205
240
238
199
130
62
25
15
14
13
13
13
13
13
13
13
13
13
13
13
12
11
7
0
0
0
0
18
62
136
205
241
240
207
148
90
60
51
50
50
50
50
50
50
50
50
50
50
50
49
47
41
28
0
0
0
0
18
61
135
204
240
244
223
185
147
127
122
122
121
121
121
121
121
121
121
121
121
121
120
116
100
67
0
0
0
0
18
61
135
203
239
247
239
222
206
197
194
194
194
194
194
194
194
194
194
194
194
193
193
186
161
109
0
0
0
0
18
61
134
201
236
246
245
242
237
235
234
234
234
234
234
234
234
234
234
234
234
234
233
225
195
132
0
0
0
0
17
58
126
187
220
229
230
230
230
229
229
229
229
229
229
229
229
229
229
229
229
229
228
221
191
130
0
0
0
0
14
46
99
148
173
180
181
181
181
181
181
181
181
181
181
181
181
181
181
181
181
181
180
174
151
103
0
0
0
0
8
27
59
88
103
107
108
107
107
107
107
107
107
107
107
107
107
107
107
107
107
107
107
103
89
61
0
0
0
0
3
11
23
35
41
42
42
42
42
42
42
42
42
42
42
42
42
42
42
42
42
42
42
41
35
24
0
0
0
0
0
0
0
0
0
0
0
0
0
0
0
0
0
0
0
0
0
0
0
0
0
0
0
0
0
0
0
0
0
0
0
0
0
0
0
0
0
0
0
0
0
0
0
0
0
0
0
0
0
0
0
0
0
0
0
0
0
0
