26
42
0
0
0
0
0
0
0
0
0
0
0
0
0
0
0
0
0
0
0
0
0
0
0
0
0
0
0
0
0
0
0
0
0
0
0
0
0
0
0
0
0
0
0
0
0
0
0
0
0
0
0
0
0
0
11
41
92
134
148
128
81
33
8
2
1
1
0
0
0
0
0
0
0
0
0
0
0
0
0
0
16
57
127
186
204
177
112
46
11
2
1
1
0
0
0
0
0
0
0
0
0
0
0
0
0
0
17
63
141
207
228
197
125
50
12
2
1
1
0
0
0
0
0
0
0
0
0
0
0
0
0
0
17
64
143
212
233
202
127
51
12
2
1
1
0
0
0
0
0
0
0
0
0
0
0
0
0
0
17
64
144
213
235
203
127
51
12
2
1
1
0
0
0
0
0
0
0
0
0
0
0
0
0
0
18
64
144
213
235
203
128
51
12
2
1
1
0
0
0
0
0
0
0
0
0
0
0
0
0
0
18
64
144
214
235
203
128
51
12
2
1
1
0
0
0
0
0
0
0
0
0
0
0
0
0
0
18
64
144
213
235
203
128
51
12
2
1
1
0
0
0
0
0
0
0
0
0
0
0
0
0
0
18
64
144
213
235
203
128
51
12
2
1
1
0
0
0
0
0
0
0
0
0
0
0
0
0
0
18
64
144
213
235
203
128
51
12
2
1
1
0
0
0
0
0
0
0
0
0
0
0
0
0
0
18
64
144
213
235
203
128
51
12
2
1
1
0
0
0
0
0
0
0
0
0
0
0
0
0
0
18
64
144
213
235
203
128
51
12
2
1
1
0
0
0
0
0
0
0
0
0
0
0
0
0
0
18
64
144
213
235
203
128
51
12
2
1
1
0
0
0
0
0
0
0
0
0
0
0
0
0
0
18
64
144
213
235
203
128
51
12
2
1
1
0
0
0
0
0
0
0
0
0
0
0
0
0
0
18
64
144
213
235
203
128
51
12
2
1
1
0
0
0
0
0
0
0
0
0
0
0
0
0
0
18
64
144
213
235
203
128
51
12
2
1
1
0
0
0
0
0
0
0
0
0
0
0
0
0
0
18
64
144
213
235
203
128
51
12
2
1
1
0
0
0
0
0
0
0
0
0
0
0
0
0
0
18
64
144
213
235
203
128
51
12
2
1
1
0
0
0
0
0
0
0
0
0
0
0
0
0
0
18
64
144
213
235
203
128
51
12
2
1
1
0
0
0
0
0
0
0
0
0
0
0
0
0
0
18
64
144
213
235
203
128
51
12
2
1
1
0
0
0
0
0
0
0
0
0
0
0
0
0
0
18
64
144
213
235
203
128
51
12
2
1
1
0
0
0
0
0
0
0
0
0
0
0
0
0
0
18
64
144
213
235
203
128
51
12
2
1
1
0
0
0
0
0
0
0
0
0
0
0
0
0
0
18
64
144
213
235
203
128
51
12
2
1
1
0
0
0
0
0
0
0
0
0
0
0
0
0
0
18
64
144
213
235
203
128
51
12
2
1
1
0
0
0
0
0
0
0
0
0
0
0
0
0
0
18
64
144
213
235
203
128
51
12
2
1
1
0
0
0
0
0
0
0
0
0
0
0
0
0
0
18
64
144
213
235
203
128
51
12
2
1
1
0
0
0
0
0
0
0
0
0
0
0
0
0
0
18
64
144
213
235
203
128
51
12
2
1
1
0
0
0
0
0
0
0
0
0
0
0
0
0
0
18
64
144
213
235
203
128
51
12
2
1
1
1
1
1
1
1
1
1
1
1
1
0
0
0
0
18
64
144
213
235
203
128
52
13
3
2
1
1
1
1
1
1
1
1
1
1
1
0
0
0
0
18
64
144
213
235
203
128
52
14
4
3
2
2
2
2
2
2
2
2
2
2
1
0
0
0
0
18
64
144
213
235
204
131
57
20
10
9
9
9
9
9
9
9
9
9
9
7
5
0
0
0
0
18
64
144
213
236
209
145
80
48
40
39
39
39
39
39
39
39
39
39
37
32
21
0
0
0
0
17
64
144
213
239
222
178
134
113
107
107
106
106
106
106
106
106
106
106
102
88
57
0
0
0
0
17
64
143
212
241
238
218
197
187
184
184
184
184
184
184
184
184
184
183
177
152
99
0
0
0
0
17
63
141
208
238
242
237
232
229
228
228
228
228
228
228
228
228
228
227
221
189
123
0
0
0
0
16
57
127
187
213
219
219
219
218
218
218
218
218
218
218
218
218
218
217
211
181
118
0
0
0
0
11
41
92
135
154
158
158
158
158
158
158
158
158
158
158
158
158
158
158
153
131
85
0
0
0
0
6
21
46
68
77
79
80
80
80
80
80
80
80
80
80
80
80
80
79
77
66
43
0
0
0
0
0
0
0
0
0
0
0
0
0
0
0
0
0
0
0
0
0
0
0
0
0
0
0
0
0
0
0
0
0
0
0
0
0
0
0
0
0
0
0
0
0
0
0
0
0
0
0
0
0
0
