22
36
0
0
0
0
0
0
0
0
0
0
0
0
0
0
0
0
0
0
0
0
0
0
0
0
0
0
0
0
0
0
0
0
0
0
0
0
0
0
0
0
0
0
0
0
0
0
28
73
120
136
112
62
21
5
1
1
0
0
0
0
0
0
0
0
0
0
0
0
40
107
175
198
162
89
30
7
2
1
0
0
0
0
0
0
0
0
0
0
0
0
44
119
197
222
182
100
34
7
2
1
0
0
0
0
0
0
0
0
0
0
0
0
45
121
201
227
185
101
34
7
2
1
0
0
0
0
0
0
0
0
0
0
0
0
45
121
201
228
186
101
34
7
2
1
0
0
0
0
0
0
0
0
0
0
0
0
45
122
201
228
186
101
34
7
2
1
0
0
0
0
0
0
0
0
0
0
0
0
45
122
201
228
186
101
34
7
2
1
0
0
0
0
0
0
0
0
0
0
0
0
45
122
201
228
186
101
34
7
2
1
0
0
0
0
0
0
0
0
0
0
0
0
45
122
201
228
186
101
34
7
2
1
0
0
0
0
0
0
0
0
0
0
0
0
45
122
201
228
186
101
34
7
2
1
0
0
0
0
0
0
0
0
0
0
0
0
45
122
201
228
186
101
34
7
2
1
0
0
0
0
0
0
0
0
0
0
0
0
45
122
201
228
186
101
34
7
2
1
0
0
0
0
0
0
0
0
0
0
0
0
45
122
201
228
186
101
34
7
2
1
0
0
0
0
0
0
0
0
0
0
0
0
45
122
201
228
186
101
34
7
2
1
0
0
0
0
0
0
0
0
0
0
0
0
45
122
201
228
186
101
34
7
2
1
0
0
0
0
0
0
0
0
0
0
0
0
45
122
201
228
186
101
34
7
2
1
0
0
0
0
0
0
0
0
0
0
0
0
45
122
201
228
186
101
34
7
2
1
0
0
0
0
0
0
0
0
0
0
0
0
45
122
201
228
186
101
34
7
2
1
0
0
0
0
0
0
0
0
0
0
0
0
45
122
201
228
186
101
34
7
2
1
0
0
0
0
0
0
0
0
0
0
0
0
45
122
201
228
186
101
34
7
2
1
0
0
0
0
0
0
0
0
0
0
0
0
45
122
201
228
186
101
34
7
2
1
0
0
0
0
0
0
0
0
0
0
0
0
45
122
201
228
186
101
34
7
2
1
0
0
0
0
0
0
0
0
0
0
0
0
45
122
201
228
186
101
34
7
2
1
0
0
0
0
0
0
0
0
0
0
0
0
45
122
201
228
186
102
34
8
2
1
1
1
1
1
1
1
1
1
0
0
0
0
45
121
201
228
186
102
35
9
3
2
2
2
2
2
2
2
2
2
0
0
0
0
45
121
201
228
188
108
44
19
14
13
13
13
13
13
13
13
12
10
0
0
0
0
45
121
201
231
199
134
82
62
58
58
57
57
57
57
57
57
54
42
0
0
0
0
45
121
201
236
222
185
156
145
143
143
143
143
143
143
142
142
133
105
0
0
0
0
44
119
197
235
238
226
217
213
213
213
213
213
213
213
212
211
199
157
0
0
0
0
40
107
176
211
219
218
216
216
216
216
216
216
216
216
215
214
202
160
0
0
0
0
28
74
121
145
150
151
151
151
151
151
151
151
151
151
150
150
141
112
0
0
0
0
12
32
53
63
65
65
65
65
65
65
65
65
65
65
65
65
61
49
0
0
0
0
0
0
0
0
0
0
0
0
0
0
0
0
0
0
0
0
0
0
0
0
0
0
0
0
0
0
0
0
0
0
0
0
0
0
0
0
0
0
0
0
0
0
