34
28
0
0
0
0
0
0
0
0
0
0
0
0
0
0
0
0
0
0
0
0
0
0
0
0
0
0
0
0
0
0
0
0
0
0
0
0
0
0
0
0
0
0
0
0
0
0
0
0
0
0
0
0
0
0
0
0
0
0
0
0
0
0
0
0
0
0
0
0
0
0
40
60
65
53
30
10
2
1
1
1
2
9
26
51
66
66
50
26
8
2
1
1
1
2
10
29
52
65
60
40
0
0
0
0
88
133
145
121
71
26
6
1
1
1
5
22
64
116
147
147
114
61
20
4
1
1
1
5
25
69
119
144
133
88
0
0
0
0
120
185
207
180
113
45
11
2
1
2
9
38
102
174
213
212
171
98
36
8
2
1
2
10
42
108
176
206
185
120
0
0
0
0
120
196
230
210
144
65
18
3
2
3
15
56
133
206
240
240
204
130
54
14
3
2
3
15
59
137
207
229
196
120
0
0
0
0
103
184
230
225
169
87
28
6
2
5
24
78
159
223
249
249
223
158
77
23
5
2
5
24
79
161
221
230
184
103
0
0
0
0
82
164
223
233
190
110
41
9
3
9
37
104
185
235
251
251
235
183
101
36
8
3
8
36
102
183
230
223
164
82
0
0
0
0
61
140
210
236
208
135
57
15
5
14
54
130
205
240
244
245
239
202
126
51
13
5
13
52
127
203
234
210
140
61
0
0
0
0
43
113
191
233
221
159
77
24
9
22
73
154
218
233
221
222
233
216
151
71
22
8
21
71
152
217
232
191
113
43
0
0
0
0
28
87
169
226
230
181
99
35
14
34
96
177
224
215
181
181
215
224
177
96
34
13
32
93
175
228
225
169
87
28
0
0
0
0
18
66
146
215
235
199
121
49
23
51
124
199
225
190
135
135
190
225
199
123
51
21
46
116
195
234
215
146
66
18
0
0
0
0
11
48
122
199
235
214
145
67
36
73
151
215
220
164
96
96
164
220
214
149
70
34
64
141
212
234
199
122
48
11
0
0
0
0
7
32
95
177
229
226
169
91
56
97
176
224
209
138
68
68
138
209
223
172
92
52
85
165
224
228
177
95
32
7
0
0
0
0
4
20
70
151
218
233
191
117
81
123
195
226
192
112
46
46
112
191
225
192
119
75
110
185
231
217
151
70
20
4
0
0
0
0
3
12
50
126
202
234
208
146
113
151
210
222
169
86
29
29
85
168
221
209
149
107
137
203
232
202
126
50
12
3
0
0
0
0
2
7
35
101
182
230
222
178
153
183
222
212
145
64
18
17
61
141
210
221
181
147
170
218
229
182
101
35
7
2
0
0
0
0
1
4
22
76
157
220
233
212
198
215
228
196
120
46
11
10
43
116
195
227
212
192
206
231
220
158
76
23
4
1
0
0
0
0
1
3
14
54
130
204
238
238
233
237
226
174
93
31
6
6
30
92
174
225
234
229
235
238
206
133
55
14
3
1
0
0
0
0
1
2
8
37
104
185
235
249
249
244
216
149
68
19
4
4
19
68
148
215
242
247
248
236
189
108
39
9
2
1
0
0
0
0
1
1
5
25
81
163
225
248
251
241
201
124
49
11
2
2
11
47
121
198
239
251
248
225
165
84
27
5
1
1
0
0
0
0
1
1
3
16
59
137
209
243
249
233
181
100
34
7
1
1
6
32
96
178
231
248
243
209
138
60
16
3
1
1
0
0
0
0
1
1
2
9
41
110
188
233
241
218
156
76
22
4
1
1
4
21
74
154
217
241
233
188
110
41
9
2
1
1
0
0
0
0
1
1
1
5
27
82
155
204
214
187
123
53
14
2
1
1
2
13
51
120
185
213
204
155
82
27
5
1
1
1
0
0
0
0
1
1
1
3
15
49
102
140
149
126
79
31
7
1
1
1
1
7
29
75
123
147
140
101
49
15
3
1
1
1
0
0
0
0
0
1
1
1
6
20
44
62
67
56
34
13
3
1
1
1
1
3
11
31
54
66
62
44
20
6
1
1
1
0
0
0
0
0
0
0
0
0
0
0
0
0
0
0
0
0
0
0
0
0
0
0
0
0
0
0
0
0
0
0
0
0
0
0
0
0
0
0
0
0
0
0
0
0
0
0
0
0
0
0
0
0
0
0
0
0
0
0
0
0
0
0
0
0
0
0
0
0
0
0
