40
32
0
0
0
0
0
0
0
0
0
0
0
0
0
0
0
0
0
0
0
0
0
0
0
0
0
0
0
0
0
0
0
0
0
0
0
0
0
0
0
0
0
0
0
0
0
0
0
0
0
0
0
0
0
0
0
0
0
0
0
0
0
0
0
0
0
0
0
0
0
0
0
0
0
0
0
0
0
0
0
0
0
0
52
75
83
77
57
31
11
3
1
1
1
1
2
6
20
46
71
84
84
71
45
20
6
2
1
1
1
1
3
11
30
56
76
83
75
52
0
0
0
0
97
141
158
149
113
64
24
6
2
1
1
2
4
14
44
93
139
161
161
137
90
41
12
3
1
1
1
2
6
23
61
111
147
158
141
97
0
0
0
0
127
186
212
204
162
97
39
10
3
1
1
2
6
23
69
136
192
219
218
190
131
64
21
5
2
1
1
2
9
36
92
157
202
212
186
127
0
0
0
0
129
196
231
229
191
124
55
16
4
2
2
3
9
34
91
164
220
243
242
218
161
88
33
9
3
2
2
3
14
49
116
186
227
231
197
129
0
0
0
0
114
186
230
238
209
147
73
25
6
2
2
4
14
48
114
186
233
250
249
232
185
113
48
14
4
2
2
5
21
65
138
204
236
230
187
114
0
0
0
0
95
170
223
241
223
168
94
36
9
3
3
6
23
68
139
205
242
252
252
241
205
138
67
22
6
3
3
8
31
85
160
218
240
223
170
95
0
0
0
0
76
150
212
240
232
188
115
49
14
4
4
10
34
90
164
221
247
252
252
246
220
161
87
32
9
4
4
12
44
107
181
229
240
212
150
76
0
0
0
0
58
127
196
236
238
205
138
66
21
6
5
14
47
113
185
231
245
244
245
245
230
181
108
44
13
5
5
18
59
129
199
236
235
196
127
58
0
0
0
0
41
102
175
226
241
219
160
86
32
9
7
21
63
134
202
235
235
223
224
236
234
199
131
61
20
7
8
27
78
152
214
240
226
175
102
41
0
0
0
0
28
79
152
214
240
229
180
106
44
14
11
31
83
157
215
234
215
187
188
215
234
214
156
82
31
10
12
39
98
173
226
240
214
153
79
28
0
0
0
0
18
60
130
199
237
236
197
126
57
19
16
45
107
179
226
227
188
144
144
189
228
226
179
107
45
15
18
53
120
192
234
236
199
130
60
18
0
0
0
0
12
45
109
182
231
240
211
146
73
28
24
63
132
199
232
217
161
104
104
161
217
232
199
131
62
23
26
70
142
208
239
230
182
109
45
12
0
0
0
0
8
32
88
162
220
241
223
168
94
41
37
84
157
215
233
203
136
74
74
135
203
233
214
154
80
34
38
90
164
221
240
220
162
88
32
8
0
0
0
0
5
21
66
137
204
238
233
189
117
59
54
106
178
226
230
186
112
53
53
112
186
229
224
174
101
49
54
111
184
231
238
204
137
66
21
5
0
0
0
0
4
13
47
112
184
231
239
206
139
79
73
127
196
232
221
165
89
37
36
89
164
220
230
193
124
69
73
132
201
237
231
184
112
47
13
4
0
0
0
0
3
8
33
89
163
222
241
219
161
104
99
151
210
233
207
141
67
23
23
67
139
205
232
210
149
94
96
153
214
239
222
163
89
33
8
3
0
0
0
0
2
6
23
69
142
208
239
229
184
135
131
176
222
230
190
117
49
14
14
47
114
186
228
222
175
126
127
175
224
238
208
142
69
23
5
2
0
0
0
0
2
4
15
52
118
190
233
236
207
172
170
202
231
223
170
96
36
9
8
33
91
166
221
230
200
165
165
200
233
232
190
118
52
15
4
2
0
0
0
0
1
3
9
36
93
167
222
240
228
210
209
226
235
211
148
75
25
6
5
23
71
145
209
234
223
203
204
224
239
223
168
94
36
9
2
1
0
0
0
0
1
2
6
24
71
143
208
240
243
238
237
241
233
193
123
55
16
4
4
15
54
122
192
232
239
233
233
241
240
211
146
73
25
6
2
1
0
0
0
0
1
1
4
15
52
120
192
235
249
250
249
245
225
172
98
38
10
3
3
10
38
97
170
223
244
247
248
248
237
196
125
56
17
4
2
1
0
0
0
0
1
1
3
10
38
98
173
226
248
252
251
243
213
150
77
26
6
2
2
6
25
74
146
210
242
251
252
248
227
176
102
41
11
3
1
1
0
0
0
0
1
1
2
7
27
77
150
212
243
251
250
238
198
128
59
18
4
1
1
3
16
55
123
194
236
249
251
243
213
151
78
28
7
2
1
1
0
0
0
0
1
1
2
4
17
57
125
195
235
248
247
228
179
106
43
12
3
1
1
2
11
41
102
176
227
246
248
235
195
126
57
17
4
2
1
1
0
0
0
0
1
1
1
3
11
41
101
174
223
242
239
213
156
83
30
7
2
1
1
2
7
29
81
153
212
238
241
223
174
101
41
11
3
1
1
1
0
0
0
0
1
1
1
2
7
28
77
144
196
218
214
184
125
60
19
4
1
1
1
1
4
18
58
122
182
213
217
196
144
77
28
7
2
1
1
1
0
0
0
0
0
1
1
1
4
17
49
99
141
160
158
132
85
38
11
3
1
1
1
1
2
10
35
81
128
156
160
141
99
50
17
4
1
1
1
0
0
0
0
0
0
1
1
1
2
7
23
49
73
84
82
68
43
18
5
1
1
1
1
1
1
5
16
39
65
81
84
73
49
23
7
2
1
1
1
0
0
0
0
0
0
0
0
0
0
0
0
0
0
0
0
0
0
0
0
0
0
0
0
0
0
0
0
0
0
0
0
0
0
0
0
0
0
0
0
0
0
0
0
0
0
0
0
0
0
0
0
0
0
0
0
0
0
0
0
0
0
0
0
0
0
0
0
0
0
0
0
0
0
0
0
0
0
0
0
0
0
0
