40
28
0
0
0
0
0
0
0
0
0
0
0
0
0
0
0
0
0
0
0
0
0
0
0
0
0
0
0
0
0
0
0
0
0
0
0
0
0
0
0
0
0
0
0
0
0
0
0
0
0
0
0
0
0
0
0
0
0
0
0
0
0
0
0
0
0
0
0
0
0
0
0
0
0
0
0
0
0
0
0
0
0
0
43
62
69
64
47
26
9
3
1
1
1
1
2
5
17
38
59
70
70
59
37
16
5
2
1
1
1
1
2
9
25
47
64
69
62
43
0
0
0
0
90
131
148
139
107
61
23
6
2
1
1
1
4
13
42
88
130
151
150
128
85
39
12
3
1
1
1
2
6
22
58
104
138
147
131
90
0
0
0
0
122
181
208
202
162
99
41
11
3
2
1
2
6
24
71
136
191
215
215
188
132
67
23
6
2
1
1
3
10
37
93
157
200
208
181
122
0
0
0
0
123
191
229
230
196
130
61
19
5
2
2
3
11
39
98
170
222
243
243
221
167
95
37
11
3
2
2
4
16
55
122
190
229
229
192
123
0
0
0
0
104
178
226
239
215
157
84
31
8
3
3
5
18
58
127
195
237
251
251
236
194
125
57
18
5
2
2
6
26
75
149
210
238
226
178
104
0
0
0
0
82
156
215
240
229
181
109
46
13
4
3
8
30
83
156
216
244
251
251
244
215
154
81
29
8
3
3
11
40
100
174
225
239
215
156
82
0
0
0
0
60
129
197
235
237
202
135
65
21
6
5
14
46
110
182
229
244
243
243
244
228
179
106
44
13
5
5
18
58
127
196
235
235
197
129
60
0
0
0
0
40
100
173
225
240
219
162
88
33
10
8
22
66
137
202
234
231
217
218
232
233
200
134
64
22
7
9
29
80
154
214
239
225
173
100
40
0
0
0
0
25
74
146
209
239
231
185
112
48
15
12
35
90
163
218
231
206
174
174
207
231
217
163
90
35
12
14
44
105
178
228
238
209
146
74
25
0
0
0
0
15
52
120
191
234
238
204
136
66
24
20
54
120
189
228
222
175
124
125
175
222
229
189
119
53
20
22
62
131
199
236
233
190
120
52
15
0
0
0
0
9
36
94
168
223
241
219
161
88
38
34
77
149
210
232
207
143
84
84
143
207
232
209
147
75
32
35
85
157
217
240
223
168
94
36
9
0
0
0
0
6
23
69
140
205
238
231
186
115
57
53
103
176
224
229
187
115
56
56
115
187
229
223
172
99
49
53
109
181
229
237
205
140
69
23
6
0
0
0
0
4
13
47
110
182
230
238
206
141
82
77
130
197
231
218
162
87
36
36
87
161
218
230
194
127
73
76
134
201
236
230
182
110
47
14
4
0
0
0
0
3
8
30
83
157
217
240
222
168
114
109
158
214
232
201
134
62
21
21
61
132
199
230
213
157
105
106
159
217
239
217
157
83
30
8
3
0
0
0
0
2
5
19
61
130
199
236
232
195
154
151
189
226
226
180
107
43
12
11
41
103
176
224
226
187
146
146
187
228
235
199
130
61
19
5
2
0
0
0
0
1
3
11
41
101
174
225
239
221
198
196
218
233
214
154
81
28
7
6
26
77
151
212
232
216
191
191
216
237
226
175
102
41
11
3
1
0
0
0
0
1
2
6
26
74
145
209
240
241
232
231
238
232
194
125
57
17
4
4
16
56
124
193
231
235
227
228
238
239
212
149
76
27
7
2
1
0
0
0
0
1
1
4
16
52
118
189
234
248
248
248
244
223
169
96
37
10
3
3
10
37
95
168
222
243
246
247
247
235
193
122
55
17
4
2
1
0
0
0
0
1
1
3
9
35
92
166
222
246
252
251
241
208
143
72
24
5
2
2
5
23
69
140
205
240
250
251
246
222
168
95
37
10
3
1
1
0
0
0
0
1
1
2
6
22
67
138
203
239
250
248
233
188
117
51
15
3
1
1
3
14
48
113
185
231
248
249
239
203
138
68
23
6
2
1
1
0
0
0
0
1
1
2
3
13
46
109
179
225
242
240
216
162
90
34
9
2
1
1
2
8
33
87
159
215
239
242
225
179
109
46
13
3
1
1
1
0
0
0
0
1
1
1
2
8
29
79
145
194
214
211
183
127
63
21
5
2
1
1
1
5
20
61
124
181
210
214
194
145
79
29
8
2
1
1
1
0
0
0
0
1
1
1
1
4
16
47
94
132
150
147
124
81
37
11
3
1
1
1
1
2
10
34
77
120
146
150
132
94
47
16
4
1
1
1
1
0
0
0
0
0
1
1
1
2
6
20
41
60
70
68
56
35
16
5
1
1
1
1
1
1
4
14
33
54
67
70
61
41
20
6
2
1
1
1
0
0
0
0
0
0
0
0
0
0
0
0
0
0
0
0
0
0
0
0
0
0
0
0
0
0
0
0
0
0
0
0
0
0
0
0
0
0
0
0
0
0
0
0
0
0
0
0
0
0
0
0
0
0
0
0
0
0
0
0
0
0
0
0
0
0
0
0
0
0
0
0
0
0
0
0
0
0
0
0
0
0
0
