40
36
0
0
0
0
0
0
0
0
0
0
0
0
0
0
0
0
0
0
0
0
0
0
0
0
0
0
0
0
0
0
0
0
0
0
0
0
0
0
0
0
0
0
0
0
0
0
0
0
0
0
0
0
0
0
0
0
0
0
0
0
0
0
0
0
0
0
0
0
0
0
0
0
0
0
0
0
0
0
0
0
0
0
27
39
44
40
29
15
5
2
1
1
1
1
1
3
10
23
37
44
44
37
23
10
3
1
1
1
1
1
2
5
15
29
40
44
39
27
0
0
0
0
67
96
107
99
73
40
14
4
1
1
1
1
2
8
26
59
92
109
108
91
58
25
7
2
1
1
1
1
4
14
39
72
99
107
96
67
0
0
0
0
109
157
177
166
127
72
27
7
2
1
1
2
4
16
49
104
155
180
179
153
100
46
14
4
2
1
1
2
6
25
68
124
164
176
157
109
0
0
0
0
132
193
220
211
168
101
40
11
3
1
1
2
6
24
71
141
199
226
226
197
135
66
22
6
2
1
1
3
10
37
95
163
209
219
193
132
0
0
0
0
131
199
233
231
192
123
54
16
4
2
2
3
9
33
90
164
221
244
244
219
161
87
31
8
3
2
2
3
13
49
116
187
229
233
199
131
0
0
0
0
117
189
232
238
207
143
70
23
6
2
2
4
13
45
109
183
231
249
249
231
181
108
44
13
4
2
2
4
19
62
134
202
236
232
189
117
0
0
0
0
100
175
226
241
220
163
88
32
8
3
3
5
19
61
132
200
240
252
252
240
200
131
61
19
5
2
2
6
27
79
153
214
240
226
175
100
0
0
0
0
83
159
218
242
229
180
107
43
12
3
3
8
29
81
155
216
246
253
253
246
215
153
78
27
7
3
3
10
38
98
173
226
241
218
159
83
0
0
0
0
67
140
206
239
236
196
126
56
17
5
4
11
40
101
175
228
248
251
251
248
226
171
97
37
10
4
4
14
50
118
190
234
239
206
140
67
0
0
0
0
51
119
190
233
240
210
146
72
24
7
5
16
52
120
192
234
244
241
241
244
233
188
116
49
15
5
6
21
65
137
205
238
233
190
119
51
0
0
0
0
37
96
170
224
242
222
165
90
34
10
7
22
67
139
205
236
232
218
219
233
235
203
137
65
22
7
9
30
83
157
217
240
224
170
96
37
0
0
0
0
26
76
150
212
240
230
182
108
44
14
11
32
85
159
217
234
213
183
184
213
234
216
159
84
31
10
12
40
101
176
227
240
212
150
76
26
0
0
0
0
18
59
130
199
237
236
197
125
56
19
15
44
106
179
226
228
189
144
144
189
228
226
179
106
44
15
17
52
119
192
234
237
199
130
59
18
0
0
0
0
12
46
112
185
232
240
209
143
70
26
22
59
129
197
232
219
164
107
107
164
219
232
197
128
59
22
24
67
139
206
239
232
185
112
46
12
0
0
0
0
9
35
93
168
224
242
220
162
88
37
33
78
151
212
234
207
141
79
79
141
207
233
211
149
75
31
35
85
158
218
241
224
168
93
35
9
0
0
0
0
6
25
74
147
211
240
230
181
108
51
47
97
171
223
232
193
121
60
60
121
193
231
221
167
92
43
47
103
177
228
240
211
147
74
25
6
0
0
0
0
4
17
56
124
195
235
237
198
128
68
63
117
188
230
226
176
101
44
44
101
176
226
228
184
112
58
63
122
193
235
235
195
124
56
17
4
0
0
0
0
3
11
41
102
176
228
240
212
148
88
82
136
202
233
216
156
81
31
31
80
156
216
232
200
133
77
80
140
206
239
228
176
102
41
11
3
0
0
0
0
2
7
29
83
158
219
241
222
167
111
106
157
214
233
203
134
62
20
20
61
133
201
232
214
156
101
102
157
217
240
219
158
83
29
7
2
0
0
0
0
2
5
21
67
139
207
239
230
187
139
135
180
224
229
187
114
47
13
12
45
110
184
228
224
178
130
130
178
226
238
207
139
67
21
5
2
0
0
0
0
2
4
15
51
118
190
233
236
207
173
170
203
231
223
170
95
35
8
8
32
90
166
221
231
201
165
165
200
233
233
190
118
51
15
4
2
0
0
0
0
1
3
10
37
96
170
224
240
227
207
206
224
236
213
151
77
26
6
5
24
73
147
211
234
221
200
201
222
239
224
171
96
37
10
3
1
0
0
0
0
1
2
6
26
75
148
212
241
242
235
234
240
235
198
129
59
18
4
4
17
58
128
198
234
237
229
230
239
241
214
151
77
27
6
2
1
0
0
0
0
1
2
4
18
58
127
198
238
249
249
248
246
229
179
106
43
11
3
3
11
43
106
179
228
244
245
246
248
239
202
133
62
19
5
2
1
0
0
0
0
1
1
3
12
45
108
183
231
250
252
252
245
219
160
86
31
7
2
2
7
30
84
158
217
244
251
252
250
233
187
113
48
14
3
2
1
0
0
0
0
1
1
3
9
33
90
165
222
247
252
251
242
208
141
69
22
5
2
2
5
20
65
137
204
240
251
252
247
223
167
93
35
9
3
1
1
0
0
0
0
1
1
2
6
23
71
143
208
242
251
249
236
194
122
54
16
3
1
1
3
14
50
117
190
234
249
250
242
208
144
71
24
6
2
1
1
0
0
0
0
1
1
2
4
16
53
121
192
234
248
246
227
176
102
41
11
2
1
1
2
10
39
99
173
226
246
248
234
192
121
53
16
4
2
1
1
0
0
0
0
1
1
1
3
11
40
101
174
224
243
240
214
155
82
29
7
2
1
1
2
7
28
80
154
213
240
243
224
174
100
40
10
3
1
1
1
0
0
0
0
1
1
1
2
7
29
80
149
203
225
222
191
130
62
20
4
1
1
1
1
4
19
60
127
189
221
225
203
149
80
29
7
2
1
1
1
0
0
0
0
0
1
1
2
4
18
55
111
158
179
175
147
95
43
13
3
1
1
1
1
2
11
40
90
143
174
179
158
111
55
18
4
2
1
1
0
0
0
0
0
0
1
1
1
3
10
30
64
94
108
106
87
55
24
7
2
1
1
1
1
1
6
21
50
84
105
108
94
64
30
10
3
1
1
1
0
0
0
0
0
0
0
0
0
0
0
0
0
0
0
0
0
0
0
0
0
0
0
0
0
0
0
0
0
0
0
0
0
0
0
0
0
0
0
0
0
0
0
0
0
0
0
0
0
0
0
0
0
0
0
0
0
0
0
0
0
0
0
0
0
0
0
0
0
0
0
0
0
0
0
0
0
0
0
0
0
0
0
