34
32
0
0
0
0
0
0
0
0
0
0
0
0
0
0
0
0
0
0
0
0
0
0
0
0
0
0
0
0
0
0
0
0
0
0
0
0
0
0
0
0
0
0
0
0
0
0
0
0
0
0
0
0
0
0
0
0
0
0
0
0
0
0
0
0
0
0
0
0
0
0
49
74
79
64
37
13
3
1
1
1
3
11
33
62
81
80
62
32
11
2
1
1
1
3
13
36
64
79
74
49
0
0
0
0
93
139
152
126
75
29
7
2
1
2
6
24
68
122
155
154
120
65
22
5
1
1
2
7
27
73
124
151
139
93
0
0
0
0
122
185
206
177
111
46
11
2
1
2
10
39
101
172
211
210
168
97
36
9
2
1
2
11
42
106
174
204
185
122
0
0
0
0
125
197
227
204
137
62
17
4
2
3
14
53
126
199
236
236
197
123
51
13
3
2
3
15
56
131
200
226
197
125
0
0
0
0
112
189
229
218
158
79
25
6
2
5
21
69
147
215
245
245
214
146
68
20
5
2
4
21
71
150
214
228
189
112
0
0
0
0
95
175
226
226
176
97
35
8
3
7
31
89
169
227
250
249
227
168
88
30
7
3
7
30
89
169
223
225
175
95
0
0
0
0
78
158
219
232
193
117
46
12
4
11
43
111
189
236
251
250
236
187
108
41
11
4
10
41
109
187
229
218
158
78
0
0
0
0
61
137
207
233
207
137
60
17
6
16
57
132
204
239
245
245
239
202
128
54
15
6
15
55
129
202
232
207
137
61
0
0
0
0
46
115
191
231
218
157
77
25
9
23
72
151
215
234
226
227
234
213
148
70
22
9
22
71
149
214
230
191
115
46
0
0
0
0
32
93
173
225
226
175
95
34
14
32
91
170
221
220
195
195
220
220
169
90
32
13
31
88
168
223
225
173
93
32
0
0
0
0
23
75
155
218
231
190
112
44
21
45
112
188
223
200
156
156
200
223
188
112
45
20
41
107
185
229
217
155
75
23
0
0
0
0
16
60
136
207
233
203
130
57
30
61
135
204
221
178
120
120
178
221
204
135
61
29
55
126
200
232
207
136
60
16
0
0
0
0
11
46
116
193
231
215
150
75
44
81
157
215
215
157
91
91
157
215
214
154
77
41
71
147
213
231
193
116
46
11
0
0
0
0
7
33
94
174
226
224
170
95
62
101
176
222
206
136
70
70
136
205
220
172
96
57
90
166
222
225
174
94
33
7
0
0
0
0
5
23
74
153
216
230
188
117
82
122
192
223
192
115
51
51
115
191
222
189
118
77
110
182
227
216
153
74
23
5
0
0
0
0
3
15
56
132
204
232
203
140
107
145
205
220
174
93
36
36
92
172
219
204
143
101
131
197
230
204
132
56
15
3
0
0
0
0
2
10
43
111
190
230
215
165
138
170
215
214
154
74
24
23
72
151
212
215
168
132
157
210
228
190
112
43
10
2
0
0
0
0
2
7
31
91
171
224
226
193
175
198
223
204
135
58
16
15
55
130
201
222
195
168
186
222
223
171
91
31
7
2
0
0
0
0
1
5
22
71
150
214
234
221
211
222
227
190
114
44
11
10
42
111
188
226
219
205
216
232
214
151
72
22
5
1
0
0
0
0
1
3
14
54
127
201
237
241
237
239
224
171
92
31
7
7
31
91
171
224
236
234
238
237
203
130
55
15
3
1
0
0
0
0
1
2
10
40
107
186
234
249
249
243
216
150
72
21
5
5
21
71
149
215
242
248
248
235
189
111
42
10
2
1
0
0
0
0
1
2
7
30
88
168
226
249
251
241
203
130
55
14
3
3
14
53
127
201
240
251
248
227
171
91
31
7
2
1
0
0
0
0
1
1
5
21
70
148
214
245
249
235
189
111
42
10
2
2
9
39
106
185
234
249
245
215
149
71
22
5
1
1
0
0
0
0
1
1
3
14
53
126
199
239
246
226
171
91
31
6
1
1
6
29
88
168
225
245
238
199
126
53
14
3
1
1
0
0
0
0
1
1
2
9
39
104
181
228
238
212
149
71
21
4
1
1
4
21
70
147
211
237
228
181
104
39
9
2
1
1
0
0
0
0
1
1
2
6
27
81
153
202
213
184
121
53
14
3
1
1
3
14
51
118
182
212
202
153
81
27
6
1
1
1
0
0
0
0
1
1
1
3
17
53
107
147
156
133
83
34
8
2
1
1
2
8
31
79
129
155
147
107
53
17
3
1
1
1
0
0
0
0
0
1
1
2
8
25
54
76
82
68
41
16
4
1
1
1
1
4
14
38
66
81
76
54
25
8
2
1
1
0
0
0
0
0
0
0
0
0
0
0
0
0
0
0
0
0
0
0
0
0
0
0
0
0
0
0
0
0
0
0
0
0
0
0
0
0
0
0
0
0
0
0
0
0
0
0
0
0
0
0
0
0
0
0
0
0
0
0
0
0
0
0
0
0
0
0
0
0
0
0
