30
28
0
0
0
0
0
0
0
0
0
0
0
0
0
0
0
0
0
0
0
0
0
0
0
0
0
0
0
0
0
0
0
0
0
0
0
0
0
0
0
0
0
0
0
0
0
0
0
0
0
0
0
0
0
0
0
0
0
0
0
0
0
0
33
55
61
47
23
7
2
1
1
5
19
43
62
62
43
19
5
1
1
2
6
22
46
61
55
33
0
0
0
0
71
121
137
107
54
17
4
2
3
13
47
100
139
138
98
45
12
3
2
3
16
52
105
136
121
71
0
0
0
0
97
169
196
161
87
29
6
3
5
23
75
151
201
200
147
72
22
5
2
6
27
83
157
195
169
97
0
0
0
0
97
179
218
190
113
42
10
3
8
34
99
181
230
229
179
97
33
8
3
9
38
107
186
217
179
97
0
0
0
0
82
166
220
206
135
56
15
5
12
48
122
200
241
241
199
121
47
12
4
13
51
128
202
218
166
82
0
0
0
0
66
148
214
217
156
73
21
7
18
65
145
215
245
245
215
144
63
18
6
19
67
149
213
213
148
66
0
0
0
0
50
127
202
223
175
92
30
10
26
83
167
224
241
242
223
164
81
25
9
27
86
169
220
202
127
50
0
0
0
0
36
103
185
223
192
112
42
15
36
103
183
223
223
223
223
182
101
36
14
38
106
187
221
185
103
36
0
0
0
0
24
81
166
219
205
132
55
23
50
125
196
211
188
188
212
196
125
50
22
51
127
202
218
165
81
24
0
0
0
0
16
63
146
212
214
151
70
35
69
148
205
194
147
147
194
205
148
68
34
67
148
212
212
146
63
16
0
0
0
0
11
48
125
201
220
170
90
52
91
170
210
175
112
112
175
209
168
89
50
87
167
219
201
125
48
11
0
0
0
0
7
35
102
184
222
188
113
73
114
187
208
156
86
86
155
207
184
110
69
108
185
220
184
102
35
7
0
0
0
0
4
23
79
163
217
202
136
98
137
199
201
134
64
64
134
200
197
134
92
130
198
216
163
79
23
4
0
0
0
0
3
15
60
141
209
212
161
127
161
206
188
111
46
45
110
186
205
159
121
153
208
208
141
60
15
3
0
0
0
0
2
10
45
119
196
219
188
164
188
210
172
90
31
30
87
169
208
185
158
181
215
195
120
45
10
2
0
0
0
0
1
6
32
97
178
221
216
203
214
210
153
71
21
20
68
150
207
211
198
211
219
179
97
32
6
1
0
0
0
0
1
4
21
75
157
218
235
234
231
203
131
54
14
13
52
129
201
229
230
233
219
160
77
22
4
1
0
0
0
0
1
2
14
57
137
210
242
247
235
189
108
38
9
9
38
107
187
234
246
242
211
140
60
15
3
1
0
0
0
0
1
2
10
43
116
195
239
248
229
171
87
27
6
6
26
85
168
227
247
239
197
118
45
10
2
1
0
0
0
0
1
2
6
31
94
177
231
244
218
151
69
19
4
4
18
66
148
217
244
231
177
94
31
6
2
1
0
0
0
0
1
1
4
21
73
154
218
235
202
128
52
12
3
3
12
50
126
201
234
218
154
72
21
4
1
1
0
0
0
0
1
1
3
13
53
124
188
206
172
100
36
8
2
2
7
35
97
170
205
188
124
53
13
3
1
1
0
0
0
0
1
1
2
8
32
81
128
142
115
63
21
4
1
1
4
20
60
113
141
128
81
32
8
2
1
1
0
0
0
0
1
1
1
3
13
34
57
64
51
27
9
2
1
1
2
8
25
49
63
57
34
13
3
1
1
1
0
0
0
0
0
0
0
0
0
0
0
0
0
0
0
0
0
0
0
0
0
0
0
0
0
0
0
0
0
0
0
0
0
0
0
0
0
0
0
0
0
0
0
0
0
0
0
0
0
0
0
0
0
0
0
0
0
0
0
0
0
0
