13
44
0
0
0
0
0
0
0
0
0
0
0
0
0
0
0
0
0
0
0
0
0
0
0
0
0
0
0
0
1
5
24
66
113
134
121
77
31
0
0
0
0
2
7
35
98
167
199
179
114
46
0
0
0
0
2
8
39
108
185
221
197
125
50
0
0
0
0
2
7
35
96
165
197
176
112
45
0
0
0
0
1
5
23
63
109
129
115
73
29
0
0
0
0
1
2
9
26
45
54
48
31
12
0
0
0
0
1
1
4
10
17
19
17
11
5
0
0
0
0
1
1
6
16
28
33
30
19
8
0
0
0
0
1
4
16
46
78
93
83
53
21
0
0
0
0
1
6
30
83
143
170
152
97
39
0
0
0
0
2
8
38
106
182
217
194
123
49
0
0
0
0
2
8
40
112
193
230
205
130
51
0
0
0
0
2
8
40
112
194
232
206
130
51
0
0
0
0
2
8
40
112
194
232
207
130
51
0
0
0
0
2
8
40
112
195
232
207
131
52
0
0
0
0
2
8
40
112
195
232
207
131
52
0
0
0
0
2
8
40
112
195
232
207
131
52
0
0
0
0
2
8
40
112
195
232
207
131
52
0
0
0
0
2
8
40
112
195
232
207
131
52
0
0
0
0
2
8
40
112
195
232
207
131
52
0
0
0
0
2
8
40
112
195
232
207
131
52
0
0
0
0
2
8
40
112
195
232
207
131
52
0
0
0
0
2
8
40
112
195
232
207
131
52
0
0
0
0
2
8
40
112
195
232
207
131
52
0
0
0
0
2
8
40
112
195
232
207
131
52
0
0
0
0
2
8
40
112
195
232
207
131
52
0
0
0
0
2
8
40
112
195
232
207
131
52
0
0
0
0
2
8
40
112
195
232
207
131
52
0
0
0
0
2
8
40
112
195
232
207
131
51
0
0
0
0
2
8
40
113
195
232
207
130
51
0
0
0
0
2
8
40
113
195
232
207
130
51
0
0
0
0
2
8
40
113
195
232
206
130
51
0
0
0
0
2
9
41
114
196
232
205
127
49
0
0
0
0
3
11
46
120
200
232
201
122
46
0
0
0
0
13
25
64
138
209
232
194
113
41
0
0
0
0
53
72
110
171
223
230
182
99
33
0
0
0
0
125
153
180
213
234
220
160
79
24
0
0
0
0
180
213
226
233
226
190
122
53
14
0
0
0
0
178
209
215
208
182
133
73
27
6
0
0
0
0
121
142
145
134
106
66
30
9
2
0
0
0
0
0
0
0
0
0
0
0
0
0
0
0
0
0
0
0
0
0
0
0
0
0
0
0
0
