16
52
0
0
0
0
0
0
0
0
0
0
0
0
0
0
0
0
0
0
0
0
0
0
0
0
0
0
0
0
0
0
0
0
0
0
1
1
3
15
46
92
131
144
130
90
44
14
0
0
0
0
1
2
5
21
65
130
184
203
183
127
62
19
0
0
0
0
1
2
5
23
73
146
207
229
206
143
69
21
0
0
0
0
1
2
5
23
71
143
203
224
201
140
68
21
0
0
0
0
1
1
4
19
59
119
168
185
167
116
56
17
0
0
0
0
1
1
3
12
37
75
106
116
105
73
35
11
0
0
0
0
1
1
1
5
16
31
45
49
44
31
15
5
0
0
0
0
1
1
1
2
6
11
16
17
15
11
5
2
0
0
0
0
1
1
1
2
6
12
17
19
17
12
6
2
0
0
0
0
1
1
2
6
18
35
50
55
49
34
17
5
0
0
0
0
1
1
3
13
39
78
110
122
109
76
37
12
0
0
0
0
1
1
4
20
61
121
172
189
170
118
58
18
0
0
0
0
1
2
5
23
72
144
205
226
203
141
68
21
0
0
0
0
1
2
5
24
75
150
213
236
211
146
71
22
0
0
0
0
1
2
5
24
75
150
214
237
212
146
71
22
0
0
0
0
1
2
5
24
75
150
215
237
213
146
71
22
0
0
0
0
1
2
5
24
75
151
215
238
213
147
71
22
0
0
0
0
1
2
5
24
75
151
215
238
213
147
71
22
0
0
0
0
1
2
5
24
75
151
215
238
213
147
71
22
0
0
0
0
1
2
5
24
75
151
215
238
213
147
71
22
0
0
0
0
1
2
5
24
75
151
215
238
213
147
71
22
0
0
0
0
1
2
5
24
75
151
215
238
213
147
71
22
0
0
0
0
1
2
5
24
75
151
215
238
213
147
71
22
0
0
0
0
1
2
5
24
75
151
215
238
213
147
71
22
0
0
0
0
1
2
5
24
75
151
215
238
213
147
71
22
0
0
0
0
1
2
5
24
75
151
215
238
213
147
71
22
0
0
0
0
1
2
5
24
75
151
215
238
213
147
71
22
0
0
0
0
1
2
5
24
75
151
215
238
213
147
71
22
0
0
0
0
1
2
5
24
75
151
215
238
213
147
71
22
0
0
0
0
1
2
5
24
75
151
215
238
213
147
71
22
0
0
0
0
1
2
5
24
75
151
215
238
213
147
71
22
0
0
0
0
1
2
5
24
75
151
215
238
213
147
71
22
0
0
0
0
1
2
5
24
75
151
215
238
213
147
71
22
0
0
0
0
1
2
5
24
75
151
215
238
213
147
71
22
0
0
0
0
1
2
5
24
75
151
215
238
213
147
71
22
0
0
0
0
1
2
5
24
75
151
215
238
213
147
71
22
0
0
0
0
1
2
5
24
75
151
215
238
213
147
71
22
0
0
0
0
1
2
5
24
75
151
215
238
213
146
71
22
0
0
0
0
1
2
5
24
75
151
215
237
212
145
69
21
0
0
0
0
1
2
6
25
77
153
216
237
210
142
67
20
0
0
0
0
2
3
7
29
83
159
219
237
206
137
63
19
0
0
0
0
6
10
16
41
99
172
225
236
201
129
57
16
0
0
0
0
26
38
50
77
131
193
233
233
191
117
49
13
0
0
0
0
68
99
119
142
180
219
239
226
176
100
39
10
0
0
0
0
114
164
191
206
223
237
237
209
150
78
27
6
0
0
0
0
137
197
226
235
238
235
216
174
111
51
16
4
0
0
0
0
128
184
210
216
213
199
167
118
66
26
7
2
0
0
0
0
91
130
148
152
148
131
99
60
28
10
3
1
0
0
0
0
0
0
0
0
0
0
0
0
0
0
0
0
0
0
0
0
0
0
0
0
0
0
0
0
0
0
0
0
0
0
