16
44
0
0
0
0
0
0
0
0
0
0
0
0
0
0
0
0
0
0
0
0
0
0
0
0
0
0
0
0
0
0
0
0
0
0
1
1
3
14
44
88
124
137
123
86
42
13
0
0
0
0
1
1
5
21
65
129
183
202
181
126
62
19
0
0
0
0
1
2
5
23
72
143
202
223
201
139
68
21
0
0
0
0
1
1
4
20
64
127
180
199
179
124
60
19
0
0
0
0
1
1
3
14
42
84
120
132
118
82
40
13
0
0
0
0
1
1
2
6
18
37
52
58
52
36
18
6
0
0
0
0
1
1
1
3
7
15
21
23
20
14
7
3
0
0
0
0
1
1
1
4
12
24
33
37
33
23
11
4
0
0
0
0
1
1
2
10
31
62
87
96
87
60
29
9
0
0
0
0
1
1
4
18
55
110
157
173
155
108
52
16
0
0
0
0
1
2
5
22
70
141
200
220
198
137
66
20
0
0
0
0
1
2
5
23
74
149
213
235
211
145
70
21
0
0
0
0
1
2
5
24
75
150
215
237
212
146
71
22
0
0
0
0
1
2
5
24
75
151
215
238
213
147
71
22
0
0
0
0
1
2
5
24
75
151
215
238
213
147
71
22
0
0
0
0
1
2
5
24
75
151
215
238
213
147
71
22
0
0
0
0
1
2
5
24
75
151
215
238
213
147
71
22
0
0
0
0
1
2
5
24
75
151
215
238
213
147
71
22
0
0
0
0
1
2
5
24
75
151
215
238
213
147
71
22
0
0
0
0
1
2
5
24
75
151
215
238
213
147
71
22
0
0
0
0
1
2
5
24
75
151
215
238
213
147
71
22
0
0
0
0
1
2
5
24
75
151
215
238
213
147
71
22
0
0
0
0
1
2
5
24
75
151
215
238
213
147
71
22
0
0
0
0
1
2
5
24
75
151
215
238
213
147
71
22
0
0
0
0
1
2
5
24
75
151
215
238
213
147
71
22
0
0
0
0
1
2
5
24
75
151
215
238
213
147
71
22
0
0
0
0
1
2
5
24
75
151
215
238
213
147
71
22
0
0
0
0
1
2
5
24
75
151
215
238
213
147
71
22
0
0
0
0
1
2
5
24
75
151
215
238
213
147
71
22
0
0
0
0
1
2
5
24
75
151
215
238
213
147
71
22
0
0
0
0
1
2
5
24
75
151
215
238
213
147
71
22
0
0
0
0
1
2
5
24
75
151
215
237
212
146
70
21
0
0
0
0
1
2
6
25
77
153
216
237
210
143
68
20
0
0
0
0
2
4
8
29
83
159
219
236
206
137
64
19
0
0
0
0
10
15
23
47
103
174
226
235
200
128
57
16
0
0
0
0
38
56
70
95
144
199
234
231
187
113
47
13
0
0
0
0
88
127
150
169
198
226
237
218
163
90
34
9
0
0
0
0
125
181
209
220
229
232
220
184
124
61
20
5
0
0
0
0
125
180
205
212
210
199
171
126
74
31
9
2
0
0
0
0
86
124
141
145
141
127
98
62
31
11
3
1
0
0
0
0
0
0
0
0
0
0
0
0
0
0
0
0
0
0
0
0
0
0
0
0
0
0
0
0
0
0
0
0
0
0
