16
58
0
0
0
0
0
0
0
0
0
0
0
0
0
0
0
0
0
0
0
0
0
0
0
0
0
0
0
0
0
0
0
0
0
0
1
1
4
17
54
108
152
168
151
105
52
16
0
0
0
0
1
2
5
22
69
138
195
215
194
135
66
20
0
0
0
0
1
2
5
24
74
148
210
232
208
145
70
22
0
0
0
0
1
2
5
23
73
145
206
227
204
142
69
21
0
0
0
0
1
1
4
20
63
126
178
197
177
123
60
19
0
0
0
0
1
1
3
14
43
86
123
135
121
84
41
13
0
0
0
0
1
1
2
7
21
42
59
65
59
41
20
6
0
0
0
0
1
1
1
3
8
15
20
22
20
14
7
2
0
0
0
0
1
1
1
2
4
8
10
11
10
7
4
1
0
0
0
0
1
1
1
3
8
15
21
23
21
15
7
3
0
0
0
0
1
1
2
7
21
41
58
64
58
40
20
6
0
0
0
0
1
1
3
14
42
84
119
131
118
82
40
12
0
0
0
0
1
1
4
20
62
124
176
194
174
121
59
18
0
0
0
0
1
2
5
23
72
145
206
227
204
141
69
21
0
0
0
0
1
2
5
24
75
150
213
236
212
146
71
22
0
0
0
0
1
2
5
24
74
150
214
237
212
146
70
21
0
0
0
0
1
2
5
24
74
150
215
237
213
146
71
22
0
0
0
0
1
2
5
24
75
151
215
238
213
147
71
22
0
0
0
0
1
2
5
24
75
151
215
238
213
147
71
22
0
0
0
0
1
2
5
24
75
151
215
238
213
147
71
22
0
0
0
0
1
2
5
24
75
151
215
238
213
147
71
22
0
0
0
0
1
2
5
24
75
151
215
238
213
147
71
22
0
0
0
0
1
2
5
24
75
151
215
238
213
147
71
22
0
0
0
0
1
2
5
24
75
151
215
238
213
147
71
22
0
0
0
0
1
2
5
24
75
151
215
238
213
147
71
22
0
0
0
0
1
2
5
24
75
151
215
238
213
147
71
22
0
0
0
0
1
2
5
24
75
151
215
238
213
147
71
22
0
0
0
0
1
2
5
24
75
151
215
238
213
147
71
22
0
0
0
0
1
2
5
24
75
151
215
238
213
147
71
22
0
0
0
0
1
2
5
24
75
151
215
238
213
147
71
22
0
0
0
0
1
2
5
24
75
151
215
238
213
147
71
22
0
0
0
0
1
2
5
24
75
151
215
238
213
147
71
22
0
0
0
0
1
2
5
24
75
151
215
238
213
147
71
22
0
0
0
0
1
2
5
24
75
151
215
238
213
147
71
22
0
0
0
0
1
2
5
24
75
151
215
238
213
147
71
22
0
0
0
0
1
2
5
24
75
151
215
238
213
147
71
22
0
0
0
0
1
2
5
24
75
151
215
238
213
147
71
22
0
0
0
0
1
2
5
24
75
151
215
238
213
147
71
22
0
0
0
0
1
2
5
24
75
151
215
238
213
147
71
22
0
0
0
0
1
2
5
24
75
151
215
238
213
147
71
22
0
0
0
0
1
2
5
24
75
151
215
238
213
147
71
22
0
0
0
0
1
2
5
24
75
151
215
238
213
147
71
22
0
0
0
0
1
2
5
24
75
151
215
237
212
146
70
21
0
0
0
0
1
2
5
24
76
152
215
237
211
143
68
21
0
0
0
0
2
3
6
26
79
155
217
237
208
139
65
19
0
0
0
0
3
4
9
31
87
163
221
236
204
134
61
18
0
0
0
0
8
13
20
47
105
177
227
235
198
126
55
15
0
0
0
0
31
46
59
87
140
199
235
233
189
114
47
13
0
0
0
0
74
108
129
152
188
223
240
226
174
98
37
9
0
0
0
0
117
170
197
212
227
240
238
211
151
77
26
6
0
0
0
0
140
202
231
239
242
239
222
180
116
53
16
4
0
0
0
0
135
195
222
228
226
213
181
131
73
30
8
2
0
0
0
0
106
152
173
178
174
155
120
75
36
13
4
1
0
0
0
0
62
89
101
104
100
85
59
31
13
4
2
1
0
0
0
0
0
0
0
0
0
0
0
0
0
0
0
0
0
0
0
0
0
0
0
0
0
0
0
0
0
0
0
0
0
0
