15
52
0
0
0
0
0
0
0
0
0
0
0
0
0
0
0
0
0
0
0
0
0
0
0
0
0
0
0
0
0
0
0
0
1
1
6
26
69
117
138
124
80
34
9
0
0
0
0
1
2
9
37
98
165
196
176
113
47
12
0
0
0
0
1
2
10
41
110
185
220
197
127
53
13
0
0
0
0
1
2
9
41
108
181
215
193
124
52
13
0
0
0
0
1
2
8
34
89
150
179
160
103
43
11
0
0
0
0
1
1
5
21
56
94
112
100
64
27
7
0
0
0
0
1
1
2
9
24
40
47
42
27
11
3
0
0
0
0
1
1
1
3
8
14
16
15
10
4
1
0
0
0
0
1
1
1
4
9
16
18
16
11
5
1
0
0
0
0
1
1
3
10
27
45
53
47
30
13
3
0
0
0
0
1
1
5
22
58
99
117
105
67
28
7
0
0
0
0
1
2
8
34
91
153
182
163
105
44
11
0
0
0
0
1
2
9
41
108
183
217
194
125
52
13
0
0
0
0
1
2
10
42
113
191
227
202
130
54
13
0
0
0
0
1
2
10
42
113
192
228
203
130
53
13
0
0
0
0
1
2
10
42
113
192
228
204
130
54
13
0
0
0
0
1
2
10
42
113
192
229
204
130
54
13
0
0
0
0
1
2
10
42
113
192
229
204
130
54
13
0
0
0
0
1
2
10
42
113
192
229
204
130
54
13
0
0
0
0
1
2
10
42
113
192
229
204
130
54
13
0
0
0
0
1
2
10
42
113
192
229
204
130
54
13
0
0
0
0
1
2
10
42
113
192
229
204
130
54
13
0
0
0
0
1
2
10
42
113
192
229
204
130
54
13
0
0
0
0
1
2
10
42
113
192
229
204
130
54
13
0
0
0
0
1
2
10
42
113
192
229
204
130
54
13
0
0
0
0
1
2
10
42
113
192
229
204
130
54
13
0
0
0
0
1
2
10
42
113
192
229
204
130
54
13
0
0
0
0
1
2
10
42
113
192
229
204
130
54
13
0
0
0
0
1
2
10
42
113
192
229
204
130
54
13
0
0
0
0
1
2
10
42
113
192
229
204
130
54
13
0
0
0
0
1
2
10
42
113
192
229
204
130
54
13
0
0
0
0
1
2
10
42
113
192
229
204
130
54
13
0
0
0
0
1
2
10
42
113
192
229
204
130
54
13
0
0
0
0
1
2
10
42
113
192
229
204
130
54
13
0
0
0
0
1
2
10
42
113
192
229
204
130
54
13
0
0
0
0
1
2
10
42
113
192
229
204
130
54
13
0
0
0
0
1
2
10
42
113
192
229
204
130
54
13
0
0
0
0
1
2
10
42
113
192
229
204
130
54
13
0
0
0
0
1
2
10
42
113
192
228
203
129
53
13
0
0
0
0
1
3
11
44
115
193
228
201
126
51
12
0
0
0
0
2
4
13
48
121
197
228
198
121
48
11
0
0
0
0
6
10
22
62
135
205
229
193
114
44
10
0
0
0
0
23
38
56
96
162
217
228
184
104
37
8
0
0
0
0
61
96
123
155
199
230
224
170
89
30
6
0
0
0
0
101
159
192
211
230
235
209
146
69
21
4
0
0
0
0
122
190
225
235
236
220
177
110
46
13
3
0
0
0
0
114
177
208
214
205
176
125
67
25
6
2
0
0
0
0
80
125
147
150
139
109
67
30
10
2
1
0
0
0
0
0
0
0
0
0
0
0
0
0
0
0
0
0
0
0
0
0
0
0
0
0
0
0
0
0
0
0
0
