12
43
0
0
0
0
0
0
0
0
0
0
0
0
0
0
0
0
0
0
0
0
0
0
0
0
0
0
3
17
64
137
184
166
98
35
0
0
0
0
3
19
70
151
203
184
108
38
0
0
0
0
3
17
62
135
181
163
96
34
0
0
0
0
2
11
41
89
119
107
63
22
0
0
0
0
1
5
17
37
50
45
26
9
0
0
0
0
1
2
6
14
18
16
9
4
0
0
0
0
1
3
11
23
31
28
16
6
0
0
0
0
2
8
30
64
86
78
45
16
0
0
0
0
3
15
54
117
157
142
83
29
0
0
0
0
3
19
69
149
200
180
106
37
0
0
0
0
3
19
72
157
212
191
111
39
0
0
0
0
3
19
73
158
213
192
112
39
0
0
0
0
3
20
73
158
213
192
112
39
0
0
0
0
3
20
73
158
213
192
112
39
0
0
0
0
3
20
73
158
213
192
112
39
0
0
0
0
3
20
73
158
213
192
112
39
0
0
0
0
3
20
73
158
213
192
112
39
0
0
0
0
3
20
73
158
213
192
112
39
0
0
0
0
3
20
73
158
213
192
112
39
0
0
0
0
3
20
73
158
213
192
112
39
0
0
0
0
3
20
73
158
213
192
112
39
0
0
0
0
3
20
73
158
213
192
112
39
0
0
0
0
3
20
73
158
213
192
112
39
0
0
0
0
3
20
73
158
213
192
112
39
0
0
0
0
3
20
73
158
213
192
112
39
0
0
0
0
3
20
73
158
213
192
112
39
0
0
0
0
3
20
73
158
213
192
112
39
0
0
0
0
3
20
73
158
213
192
112
39
0
0
0
0
3
19
73
158
213
192
112
39
0
0
0
0
3
19
73
158
213
192
112
39
0
0
0
0
3
20
73
158
213
192
112
39
0
0
0
0
4
20
74
159
212
190
109
38
0
0
0
0
5
23
79
164
213
187
105
35
0
0
0
0
15
38
96
176
216
181
98
31
0
0
0
0
53
83
136
198
218
171
86
26
0
0
0
0
120
159
194
223
214
152
70
19
0
0
0
0
170
212
229
226
190
120
48
11
0
0
0
0
168
206
210
189
139
75
26
5
0
0
0
0
115
140
139
116
74
33
10
2
0
0
0
0
0
0
0
0
0
0
0
0
0
0
0
0
0
0
0
0
0
0
0
0
0
0
