25
37
0
0
0
0
0
0
0
0
0
0
0
0
0
0
0
0
0
0
0
0
0
0
0
0
0
0
0
0
0
0
0
0
0
0
0
0
0
0
0
0
0
0
0
0
0
0
0
0
0
0
0
0
1
1
3
11
27
53
83
114
137
147
149
147
137
114
83
53
27
11
3
1
1
0
0
0
0
1
4
13
38
79
125
164
192
209
214
215
214
209
192
164
125
79
38
13
4
1
0
0
0
0
3
12
39
90
149
195
220
226
221
216
214
216
221
226
220
195
149
90
39
12
3
0
0
0
0
7
28
79
149
205
230
225
199
169
151
146
151
169
199
225
230
205
149
79
28
7
0
0
0
0
14
53
123
194
231
225
186
132
87
65
60
65
87
132
186
225
231
194
123
53
14
0
0
0
0
24
78
158
220
234
200
133
68
30
17
14
17
30
68
133
200
234
220
158
78
24
0
0
0
0
33
98
180
230
227
173
92
32
8
3
2
3
8
32
92
173
227
230
180
98
33
0
0
0
0
37
107
190
233
220
155
71
20
4
1
1
1
4
20
71
155
220
233
190
107
37
0
0
0
0
37
106
189
233
218
151
68
18
3
1
1
1
3
18
68
151
218
233
189
106
37
0
0
0
0
32
95
177
228
224
165
83
26
5
2
1
2
5
26
83
165
224
228
177
95
32
0
0
0
0
22
74
153
216
231
192
119
52
16
4
2
4
16
52
119
192
231
216
153
74
22
0
0
0
0
13
48
116
189
228
219
168
102
48
20
12
20
48
102
168
219
228
189
116
48
13
0
0
0
0
6
25
73
143
203
228
213
167
111
67
50
67
111
167
213
228
203
143
73
25
6
0
0
0
0
3
10
36
87
151
203
227
218
185
146
128
146
185
218
227
203
151
87
36
10
3
0
0
0
0
1
3
13
41
92
157
212
238
233
215
205
215
233
238
212
157
93
41
13
4
1
0
0
0
0
1
2
8
27
71
136
201
239
248
241
236
241
248
239
202
137
73
30
10
3
1
0
0
0
0
2
8
25
59
109
167
216
238
234
219
210
219
234
238
217
170
115
64
28
9
3
0
0
0
0
8
27
68
123
176
213
226
215
185
151
135
151
185
215
226
215
181
130
73
30
8
0
0
0
0
22
65
129
187
221
222
195
153
107
70
55
70
107
153
195
223
223
192
134
69
24
0
0
0
0
47
113
183
224
223
185
129
77
41
20
13
20
41
77
129
185
224
226
187
117
50
0
0
0
0
77
155
215
229
194
129
66
27
10
4
2
4
10
27
66
129
195
230
218
159
81
0
0
0
0
103
183
229
219
159
82
28
7
2
1
1
1
2
7
28
82
160
219
230
186
106
0
0
0
0
119
198
232
209
137
58
15
3
1
1
1
1
1
3
15
58
137
209
233
199
121
0
0
0
0
123
201
233
207
133
54
13
2
1
1
1
1
1
2
13
54
133
207
234
203
125
0
0
0
0
115
195
233
214
146
66
19
4
2
1
1
1
2
4
19
66
146
214
234
198
119
0
0
0
0
99
181
229
226
174
99
40
13
5
3
2
3
5
14
41
100
175
226
231
185
104
0
0
0
0
75
154
216
235
209
150
88
45
23
15
14
15
23
47
91
153
210
235
218
158
80
0
0
0
0
48
114
185
227
231
203
157
111
78
62
59
62
78
113
160
206
233
228
186
116
50
0
0
0
0
23
68
133
192
225
231
215
188
162
148
145
148
162
189
216
232
227
194
134
69
24
0
0
0
0
8
29
72
129
180
212
225
225
220
215
214
215
220
226
226
214
183
133
75
30
9
0
0
0
0
3
9
27
62
106
146
176
199
211
215
215
215
212
201
179
148
109
65
29
9
3
0
0
0
0
1
2
7
19
41
67
94
122
141
148
149
149
143
125
97
68
42
21
7
2
1
0
0
0
0
1
1
2
4
10
18
31
47
59
63
64
64
60
49
33
19
10
4
2
1
1
0
0
0
0
0
0
0
0
0
0
0
0
0
0
0
0
0
0
0
0
0
0
0
0
0
0
0
0
0
0
0
0
0
0
0
0
0
0
0
0
0
0
0
0
0
0
0
0
0
0
0
0
