30
44
0
0
0
0
0
0
0
0
0
0
0
0
0
0
0
0
0
0
0
0
0
0
0
0
0
0
0
0
0
0
0
0
0
0
0
0
0
0
0
0
0
0
0
0
0
0
0
0
0
0
0
0
0
0
0
0
0
0
0
0
0
0
1
1
1
2
4
8
17
29
46
64
75
79
80
79
75
64
46
29
17
8
4
2
1
1
1
1
0
0
0
0
1
1
2
5
14
31
55
82
111
137
152
158
158
158
152
137
111
82
55
31
14
5
2
1
1
1
0
0
0
0
1
2
6
18
43
80
121
156
184
204
215
218
218
218
215
204
184
156
121
80
43
18
6
2
1
1
0
0
0
0
2
6
18
48
94
145
188
215
228
232
231
229
228
229
231
232
228
215
188
145
94
48
18
6
2
1
0
0
0
0
4
14
42
93
153
201
229
236
229
212
195
186
184
186
195
212
229
236
229
201
153
93
42
14
4
2
0
0
0
0
8
28
75
141
199
232
237
222
190
153
123
109
106
109
123
153
190
222
237
232
199
141
75
28
8
3
0
0
0
0
15
48
110
179
226
240
224
183
131
84
54
41
39
41
54
84
131
183
224
240
226
179
110
48
15
4
0
0
0
0
23
69
140
205
238
235
200
137
76
35
16
10
9
10
16
35
76
137
200
235
238
205
140
69
23
6
0
0
0
0
30
85
161
219
241
226
175
102
42
13
5
3
2
3
5
13
42
102
175
226
241
219
161
85
30
8
0
0
0
0
35
95
171
226
241
217
157
81
28
7
2
1
1
1
2
7
28
81
157
217
241
226
171
95
35
9
0
0
0
0
36
97
173
227
240
213
148
72
23
5
2
1
1
1
2
5
23
72
148
213
240
227
173
97
36
9
0
0
0
0
34
92
168
224
240
215
153
77
26
6
2
1
1
1
2
6
26
77
153
215
240
224
168
92
34
9
0
0
0
0
28
79
153
214
239
224
171
97
38
11
3
1
1
1
3
11
38
97
171
224
239
214
153
79
28
7
0
0
0
0
19
60
129
196
234
234
197
132
67
25
8
3
2
3
8
25
67
132
197
234
234
196
129
60
19
5
0
0
0
0
12
39
96
165
218
238
223
176
115
60
26
11
7
11
26
60
115
176
223
238
218
165
96
39
12
3
0
0
0
0
6
22
61
124
186
226
235
216
172
118
71
40
29
40
71
118
172
216
235
226
186
124
61
22
6
2
0
0
0
0
3
10
32
77
138
192
225
234
218
183
139
101
85
101
139
183
218
234
225
192
138
77
32
10
3
1
0
0
0
0
2
4
13
38
83
138
189
225
237
228
203
175
162
175
203
228
237
225
189
138
83
38
13
4
2
1
0
0
0
0
1
2
5
16
41
86
145
202
236
246
240
228
222
228
240
246
236
202
146
87
42
16
5
2
1
1
0
0
0
0
1
2
4
12
33
73
131
193
234
249
249
244
241
244
249
249
234
193
133
76
36
14
5
2
1
1
0
0
0
0
2
4
12
32
66
112
164
211
239
245
237
224
218
224
237
245
239
212
167
117
71
36
15
5
2
1
0
0
0
0
4
14
38
77
127
174
210
231
234
220
194
167
154
167
194
220
234
232
213
179
134
84
42
16
5
2
0
0
0
0
13
38
83
138
188
221
232
224
200
165
125
92
78
92
125
165
200
224
233
224
193
145
88
41
14
4
0
0
0
0
29
74
136
192
226
234
217
181
136
93
57
34
26
34
57
93
136
181
217
235
228
196
141
79
32
9
0
0
0
0
53
116
182
224
236
217
173
118
70
37
18
8
6
8
18
37
70
118
173
217
237
227
186
121
57
19
0
0
0
0
81
152
211
236
226
183
120
62
27
11
4
2
2
2
4
11
27
62
120
183
226
238
214
158
86
32
0
0
0
0
105
178
227
237
208
146
77
29
9
3
2
1
1
1
2
3
9
29
77
146
208
237
229
182
109
45
0
0
0
0
121
193
234
234
193
122
53
15
4
2
1
1
1
1
1
2
4
15
53
122
193
234
235
196
124
54
0
0
0
0
129
199
236
232
186
112
45
12
3
1
1
1
0
1
1
1
3
12
45
112
186
232
237
201
130
58
0
0
0
0
127
198
236
233
189
116
49
13
3
2
1
1
1
1
1
2
3
13
49
117
189
233
237
200
130
58
0
0
0
0
117
190
233
236
201
134
64
21
6
3
2
1
1
1
2
3
6
22
64
135
201
237
235
194
122
53
0
0
0
0
101
175
226
240
219
165
96
43
16
6
3
2
2
2
3
7
17
44
97
165
219
241
229
180
106
43
0
0
0
0
79
151
211
239
234
200
144
86
45
23
13
9
9
9
13
24
47
89
146
202
235
240
214
156
84
31
0
0
0
0
54
117
183
227
240
228
194
147
103
68
48
40
38
40
48
69
105
151
197
230
241
228
185
120
57
19
0
0
0
0
30
77
139
196
229
239
229
204
172
140
117
107
106
107
117
140
174
207
231
240
231
197
141
78
31
9
0
0
0
0
13
40
87
143
193
224
236
234
222
205
191
185
183
185
191
206
223
235
237
226
196
147
89
40
14
4
0
0
0
0
5
15
41
83
133
177
207
223
231
232
230
229
228
229
231
233
232
224
208
180
138
87
43
16
5
2
0
0
0
0
2
5
14
35
69
108
142
169
192
209
217
218
218
218
217
211
195
172
144
110
72
38
15
5
2
1
0
0
0
0
1
2
4
10
25
46
69
94
121
143
155
158
159
159
156
146
125
97
71
47
26
11
4
2
1
1
0
0
0
0
1
1
1
3
6
13
22
35
53
69
77
80
80
80
78
71
55
37
23
13
7
3
1
1
1
1
0
0
0
0
0
0
0
0
0
0
0
0
0
0
0
0
0
0
0
0
0
0
0
0
0
0
0
0
0
0
0
0
0
0
0
0
0
0
0
0
0
0
0
0
0
0
0
0
0
0
0
0
0
0
0
0
0
0
0
0
0
0
