29
38
0
0
0
0
0
0
0
0
0
0
0
0
0
0
0
0
0
0
0
0
0
0
0
0
0
0
0
0
0
0
0
0
0
0
0
0
0
0
0
0
0
0
0
0
0
0
0
0
0
0
0
0
0
0
0
0
0
0
0
0
1
1
1
2
4
8
15
26
39
53
62
66
66
66
62
53
39
26
15
8
4
2
1
1
1
0
0
0
0
1
1
2
6
16
33
56
80
106
129
143
147
148
147
143
129
106
80
56
33
16
6
2
1
1
0
0
0
0
1
3
9
24
52
89
127
159
184
201
209
211
212
211
209
201
184
159
127
89
52
24
9
3
1
0
0
0
0
3
9
27
63
112
160
197
217
224
221
216
211
210
211
216
221
224
217
197
160
112
63
27
9
3
0
0
0
0
6
22
59
117
174
214
231
227
207
181
158
147
145
147
158
181
207
227
231
214
174
117
59
22
6
0
0
0
0
13
42
99
166
216
236
227
194
149
106
77
64
62
64
77
106
149
194
227
236
216
166
99
42
13
0
0
0
0
22
66
135
200
235
235
202
143
85
44
24
17
16
17
24
44
85
143
202
235
235
200
135
66
22
0
0
0
0
30
85
160
219
241
225
174
102
44
15
5
3
3
3
5
15
44
102
174
225
241
219
160
85
30
0
0
0
0
35
94
171
226
241
216
155
79
27
7
2
1
1
1
2
7
27
79
155
216
241
226
171
94
35
0
0
0
0
35
93
170
225
240
215
152
76
25
6
2
1
1
1
2
6
25
76
152
215
240
225
170
93
35
0
0
0
0
29
82
157
216
239
222
167
93
36
10
3
1
1
1
3
10
36
93
167
222
239
216
157
82
29
0
0
0
0
20
62
130
195
232
232
195
130
67
27
10
4
2
4
10
27
67
130
195
232
232
195
130
62
20
0
0
0
0
11
38
92
159
212
234
222
179
122
70
35
17
12
17
35
70
122
179
222
234
212
159
92
38
11
0
0
0
0
5
19
53
110
170
213
230
219
184
138
93
61
49
61
93
138
184
219
230
213
170
110
53
19
5
0
0
0
0
2
7
24
59
111
164
205
227
226
204
170
138
124
138
170
204
226
227
206
164
111
59
24
7
2
0
0
0
0
1
3
8
24
57
105
161
210
236
239
226
209
200
209
226
239
236
210
161
106
57
25
8
3
1
0
0
0
0
1
2
6
16
41
83
141
198
235
248
245
236
232
236
245
248
235
198
142
86
43
18
6
2
1
0
0
0
0
2
6
18
41
76
122
171
213
237
239
228
212
205
212
227
239
237
214
173
126
82
45
21
7
3
0
0
0
0
7
23
53
97
144
186
214
226
221
201
171
143
131
143
171
201
221
226
216
190
151
103
58
25
8
0
0
0
0
21
57
110
164
204
224
222
200
167
129
92
65
54
65
92
129
167
200
222
226
209
169
115
61
24
0
0
0
0
46
103
166
212
231
220
185
137
92
57
32
18
14
18
32
57
92
137
185
220
232
215
171
108
50
0
0
0
0
77
147
206
233
225
186
127
72
35
16
7
4
3
4
7
16
35
72
127
186
226
235
209
152
82
0
0
0
0
105
178
226
236
207
146
78
31
11
4
2
1
1
1
2
4
11
31
78
146
207
236
228
182
109
0
0
0
0
123
194
234
233
192
121
52
15
4
2
1
1
1
1
1
2
4
15
52
121
192
233
235
196
125
0
0
0
0
127
198
236
232
189
116
48
13
3
2
1
1
1
1
1
2
3
13
48
116
189
233
237
200
129
0
0
0
0
119
192
233
235
198
130
61
20
6
3
2
1
1
1
2
3
6
21
62
131
198
236
235
195
123
0
0
0
0
102
175
225
239
216
163
96
44
18
8
4
3
3
3
4
8
19
46
97
163
217
239
228
180
107
0
0
0
0
76
146
206
236
233
202
149
95
56
32
21
16
15
16
21
33
58
98
152
203
233
236
209
151
81
0
0
0
0
47
105
169
215
235
229
202
163
124
92
71
63
61
63
71
93
127
167
205
231
236
216
170
107
49
0
0
0
0
22
59
113
168
209
229
230
216
195
171
153
146
144
145
153
172
196
218
232
231
211
170
114
60
23
0
0
0
0
8
24
57
102
150
188
212
222
223
219
214
211
210
211
214
220
225
223
213
191
154
106
59
25
8
0
0
0
0
3
7
20
44
78
116
147
171
191
205
211
212
211
212
211
206
194
174
149
118
82
47
21
7
3
0
0
0
0
1
2
5
12
27
48
69
91
115
135
145
148
148
148
146
137
118
94
71
49
29
14
5
2
1
0
0
0
0
1
1
1
3
6
12
20
31
45
57
64
66
66
66
65
59
47
32
21
13
7
3
1
1
1
0
0
0
0
0
0
0
0
0
0
0
0
0
0
0
0
0
0
0
0
0
0
0
0
0
0
0
0
0
0
0
0
0
0
0
0
0
0
0
0
0
0
0
0
0
0
0
0
0
0
0
0
0
0
0
0
0
0
0
0
