31
48
0
0
0
0
0
0
0
0
0
0
0
0
0
0
0
0
0
0
0
0
0
0
0
0
0
0
0
0
0
0
0
0
0
0
0
0
0
0
0
0
0
0
0
0
0
0
0
0
0
0
0
0
0
0
0
0
0
0
0
0
0
0
0
0
1
1
1
1
2
5
12
24
41
65
88
103
108
109
108
103
88
65
41
24
12
5
2
1
1
1
1
0
0
0
0
1
1
1
2
6
17
38
68
100
132
160
176
182
183
182
176
160
132
100
68
38
17
6
2
1
1
1
0
0
0
0
1
1
2
7
20
47
88
133
170
198
217
227
230
230
230
227
217
198
170
133
88
47
20
7
2
1
1
0
0
0
0
1
2
5
18
48
96
150
194
221
234
238
237
235
234
235
237
238
234
221
194
150
96
48
18
5
2
1
0
0
0
0
2
4
13
39
90
151
202
231
240
234
219
203
195
192
195
203
219
234
240
231
202
151
90
39
13
4
2
0
0
0
0
3
7
25
69
134
195
231
240
229
202
166
137
122
119
122
137
166
202
229
240
231
195
134
69
25
7
3
0
0
0
0
4
12
42
101
171
222
241
231
197
148
99
66
51
48
51
66
99
148
197
231
241
222
171
101
42
12
4
0
0
0
0
5
20
61
130
197
235
239
210
154
92
46
22
14
12
14
22
46
92
154
210
239
235
197
130
61
20
5
0
0
0
0
7
27
79
153
214
241
231
186
116
53
19
7
4
3
4
7
19
53
116
186
231
241
214
153
79
27
7
0
0
0
0
8
33
91
167
223
242
222
166
90
33
9
3
2
2
2
3
9
33
90
166
222
242
223
167
91
33
8
0
0
0
0
9
36
97
173
227
241
215
152
76
25
6
2
1
1
1
2
6
25
76
152
215
241
227
173
97
36
9
0
0
0
0
9
36
97
174
227
240
212
146
71
22
5
1
1
1
1
1
5
22
71
146
212
240
227
174
97
36
9
0
0
0
0
9
34
92
168
224
240
215
152
76
25
6
2
1
1
1
2
6
25
76
152
215
240
224
168
92
34
9
0
0
0
0
7
28
81
156
216
240
223
169
94
36
9
3
1
1
1
3
9
36
94
169
223
240
216
156
81
28
7
0
0
0
0
5
21
64
134
201
236
233
193
124
59
20
6
2
2
2
6
20
59
124
193
233
236
201
134
64
21
5
0
0
0
0
4
13
45
106
176
225
239
217
164
98
45
17
6
3
6
17
45
98
164
217
239
225
176
106
45
13
4
0
0
0
0
3
8
27
74
142
203
235
234
204
150
91
46
21
14
21
46
91
150
204
234
235
203
142
74
27
8
3
0
0
0
0
2
4
14
45
100
165
215
237
231
200
152
101
63
48
63
101
152
200
231
237
215
165
100
45
14
4
2
0
0
0
0
1
2
6
22
59
116
175
217
236
232
207
168
130
113
130
168
207
232
236
217
175
116
59
22
6
2
1
0
0
0
0
1
1
3
9
28
67
120
176
219
240
238
221
197
185
197
221
238
240
219
176
121
67
28
9
3
1
1
0
0
0
0
1
1
1
4
12
33
75
135
196
235
249
246
238
233
238
246
248
235
196
136
76
34
12
4
2
1
1
0
0
0
0
1
1
1
3
10
29
68
126
189
233
250
251
248
246
248
251
250
233
190
128
70
32
12
4
2
1
1
0
0
0
0
1
1
3
10
27
59
106
159
209
239
247
241
231
225
231
241
247
239
210
163
111
65
31
12
4
2
1
0
0
0
0
2
3
10
30
66
115
165
206
232
240
230
208
182
170
182
208
230
240
232
209
171
123
73
34
12
4
2
0
0
0
0
3
9
28
67
121
175
214
234
234
218
186
147
111
96
111
147
186
217
234
235
218
181
128
72
30
10
3
0
0
0
0
6
20
58
116
176
218
236
230
205
166
120
78
48
37
48
78
120
165
205
231
238
222
181
121
62
22
6
0
0
0
0
12
40
95
162
214
237
231
200
150
99
58
30
14
10
14
30
58
99
150
200
232
238
217
167
100
43
13
0
0
0
0
21
64
132
197
233
235
206
152
92
46
20
8
4
3
4
8
20
46
92
153
206
236
235
201
138
69
23
0
0
0
0
33
88
162
218
238
221
172
105
48
17
6
3
2
1
2
3
6
17
48
105
172
222
239
221
167
94
36
0
0
0
0
45
109
183
229
237
204
140
69
24
7
2
1
1
1
1
1
2
7
24
69
140
204
237
231
186
113
47
0
0
0
0
54
123
195
234
233
191
119
51
14
3
1
1
1
1
1
1
1
3
14
51
119
191
234
235
197
125
55
0
0
0
0
58
130
200
236
232
185
111
45
11
3
1
1
1
0
1
1
1
3
12
45
111
186
232
237
201
131
59
0
0
0
0
57
129
199
236
232
187
114
46
12
3
1
1
1
1
1
1
2
3
12
46
114
187
232
237
201
131
59
0
0
0
0
52
121
193
234
235
196
127
57
17
5
2
1
1
1
1
1
2
5
17
57
127
196
235
236
197
126
55
0
0
0
0
44
108
182
230
239
211
151
80
30
9
4
2
2
2
2
2
4
10
31
80
151
211
239
232
188
114
48
0
0
0
0
34
91
165
221
241
228
183
117
58
24
10
5
3
3
3
5
11
26
61
119
184
228
242
224
171
97
37
0
0
0
0
23
69
140
204
237
239
214
164
106
61
33
18
13
12
13
18
34
64
111
168
216
240
238
207
145
74
26
0
0
0
0
14
46
107
175
222
241
235
208
166
121
83
59
49
47
49
59
84
124
170
211
237
242
223
176
109
49
15
0
0
0
0
7
26
69
132
191
228
241
235
215
186
154
130
120
118
120
130
154
187
218
237
243
230
192
133
70
26
8
0
0
0
0
3
12
36
83
141
193
226
239
239
229
213
199
193
192
193
200
213
229
240
241
228
197
145
85
37
12
4
0
0
0
0
2
5
15
41
85
137
183
214
229
237
238
236
234
234
234
236
238
238
231
215
187
142
90
43
16
5
2
0
0
0
0
1
2
5
15
38
76
119
157
184
206
222
229
230
230
230
229
224
209
187
158
122
80
42
17
5
2
1
0
0
0
0
1
1
2
4
13
31
58
86
114
143
167
179
183
183
183
181
170
147
117
87
59
33
14
5
2
1
1
0
0
0
0
1
1
1
2
4
9
19
32
50
73
94
106
108
109
109
107
97
77
53
33
19
9
4
2
1
1
1
0
0
0
0
0
0
0
0
0
0
0
0
0
0
0
0
0
0
0
0
0
0
0
0
0
0
0
0
0
0
0
0
0
0
0
0
0
0
0
0
0
0
0
0
0
0
0
0
0
0
0
0
0
0
0
0
0
0
0
0
0
0
0
0
