25
44
0
0
0
0
0
0
0
0
0
0
0
0
0
0
0
0
0
0
0
0
0
0
0
0
0
0
0
0
0
0
0
0
0
0
0
0
0
0
0
0
0
0
0
0
0
0
0
0
0
0
0
0
1
1
1
3
8
17
33
53
69
77
79
77
69
53
33
17
8
3
1
1
1
0
0
0
0
1
1
3
11
28
55
87
120
145
156
158
156
145
120
87
55
28
11
3
1
1
0
0
0
0
1
3
11
33
72
118
160
191
210
217
218
217
210
191
160
118
72
33
11
3
1
0
0
0
0
2
9
30
75
132
183
215
229
231
230
229
230
231
229
215
183
132
75
30
9
2
0
0
0
0
5
21
62
126
186
223
233
222
202
189
185
189
202
222
233
223
186
126
62
21
5
0
0
0
0
10
39
99
171
220
233
214
176
136
114
107
114
136
176
214
233
220
171
99
39
10
0
0
0
0
18
61
134
202
232
219
172
113
67
45
40
45
67
113
172
219
232
202
134
61
18
0
0
0
0
27
82
161
219
231
195
127
62
25
12
9
12
25
62
127
195
231
219
161
82
27
0
0
0
0
35
98
178
228
225
172
94
34
9
3
2
3
9
34
94
172
225
228
178
98
35
0
0
0
0
39
107
187
230
218
156
75
23
5
2
1
2
5
23
75
156
218
230
187
107
39
0
0
0
0
40
109
189
230
214
148
68
19
4
1
1
1
4
19
68
148
214
230
189
109
40
0
0
0
0
38
105
184
228
216
152
72
21
4
1
1
1
4
21
72
152
216
228
184
105
38
0
0
0
0
32
93
172
224
222
168
89
31
7
2
1
2
7
31
89
168
222
224
172
93
32
0
0
0
0
23
74
151
213
229
193
121
54
17
4
2
4
17
54
121
193
229
213
151
74
23
0
0
0
0
15
52
120
192
228
217
163
95
42
15
8
15
42
95
163
217
228
192
120
52
15
0
0
0
0
8
31
85
157
212
229
205
151
92
49
34
49
92
151
205
229
212
157
85
31
8
0
0
0
0
4
15
50
111
177
219
228
203
157
112
92
112
157
203
228
219
177
111
50
15
4
0
0
0
0
2
7
24
64
125
184
224
232
213
183
168
183
213
232
224
184
125
64
24
7
2
0
0
0
0
1
3
10
32
78
143
204
238
242
231
224
231
242
238
204
143
78
32
10
3
1
0
0
0
0
1
2
8
25
66
130
197
237
249
246
242
246
249
237
197
132
68
27
9
3
1
0
0
0
0
2
6
20
52
102
161
213
239
239
227
220
227
239
239
214
164
107
57
24
7
2
0
0
0
0
5
20
53
105
161
206
229
227
204
174
160
174
204
228
230
209
167
112
58
22
6
0
0
0
0
15
47
103
164
210
228
217
186
141
101
84
101
141
186
218
229
214
170
108
50
16
0
0
0
0
32
85
154
208
229
214
172
120
73
41
29
41
73
120
172
214
230
212
159
90
35
0
0
0
0
56
125
193
228
218
172
111
59
26
11
7
11
26
59
111
172
219
229
197
130
59
0
0
0
0
81
158
216
227
190
123
60
22
7
3
2
3
7
22
60
123
190
228
219
163
85
0
0
0
0
103
181
226
217
160
84
30
8
2
1
1
1
2
8
30
84
160
218
227
184
106
0
0
0
0
117
194
229
208
139
62
17
4
1
1
1
1
1
4
17
62
139
208
230
196
119
0
0
0
0
124
199
230
203
130
54
14
3
1
1
1
1
1
3
14
54
130
204
230
200
125
0
0
0
0
122
198
230
205
134
57
15
3
1
1
1
1
1
3
15
58
134
206
231
200
125
0
0
0
0
113
191
229
213
149
72
23
6
2
1
1
1
2
6
23
72
150
214
231
194
118
0
0
0
0
99
178
227
225
175
101
42
14
5
3
2
3
5
14
43
103
176
225
229
183
104
0
0
0
0
79
157
217
233
205
145
81
38
18
10
9
10
18
40
84
148
207
234
219
161
84
0
0
0
0
56
127
196
232
228
193
140
90
57
42
39
42
57
93
143
196
230
232
197
129
59
0
0
0
0
34
88
158
212
234
226
198
160
127
110
106
110
127
161
200
229
236
213
159
89
34
0
0
0
0
16
50
107
170
214
233
231
215
197
187
184
187
198
216
232
234
217
173
109
50
16
0
0
0
0
6
22
57
111
165
203
223
231
231
229
228
229
231
232
224
205
168
115
60
23
6
0
0
0
0
2
7
23
55
98
140
173
198
213
218
218
218
214
201
175
142
101
58
25
8
2
0
0
0
0
1
2
7
19
41
69
99
129
149
157
158
158
151
132
102
71
42
20
7
2
1
0
0
0
0
1
1
2
5
12
23
39
58
73
79
80
79
74
61
41
24
12
5
2
1
1
0
0
0
0
0
0
0
0
0
0
0
0
0
0
0
0
0
0
0
0
0
0
0
0
0
0
0
0
0
0
0
0
0
0
0
0
0
0
0
0
0
0
0
0
0
0
0
0
0
0
0
0
