23
36
0
0
0
0
0
0
0
0
0
0
0
0
0
0
0
0
0
0
0
0
0
0
0
0
0
0
0
0
0
0
0
0
0
0
0
0
0
0
0
0
0
0
0
0
0
0
0
0
1
1
4
13
34
65
99
129
145
149
145
129
99
65
34
13
4
1
1
0
0
0
0
1
4
14
43
89
138
178
203
213
215
213
203
178
138
89
43
14
4
1
0
0
0
0
3
11
39
94
156
202
222
223
217
215
217
223
222
202
156
94
39
11
3
0
0
0
0
5
25
76
149
206
225
210
180
156
148
156
180
210
225
206
149
76
25
5
0
0
0
0
11
45
115
190
225
209
158
104
72
63
72
104
158
209
225
190
115
45
11
0
0
0
0
18
65
146
212
222
174
101
46
21
16
21
46
101
174
222
212
146
65
18
0
0
0
0
24
81
166
221
211
142
64
19
5
4
5
19
64
142
211
221
166
81
24
0
0
0
0
28
89
175
223
201
124
48
11
3
2
3
11
48
124
201
223
175
89
28
0
0
0
0
27
88
174
222
199
121
45
10
2
2
2
10
45
121
199
222
174
88
27
0
0
0
0
23
79
163
219
206
135
56
14
3
2
3
14
56
135
206
219
163
79
23
0
0
0
0
16
62
141
209
217
164
86
30
8
4
8
30
86
164
217
209
141
62
16
0
0
0
0
9
41
109
185
221
198
134
68
28
15
28
68
134
198
221
185
109
41
9
0
0
0
0
4
22
70
144
204
220
188
130
78
57
78
130
188
220
204
144
70
22
4
0
0
0
0
2
9
36
92
160
209
221
195
155
135
155
195
221
209
160
92
36
9
2
0
0
0
0
1
3
14
47
107
176
224
233
219
209
219
233
224
176
107
48
14
3
1
0
0
0
0
1
2
9
34
87
160
219
243
242
238
242
243
220
161
89
36
10
3
1
0
0
0
0
2
7
25
64
122
185
226
234
221
213
221
234
227
187
127
69
28
8
2
0
0
0
0
6
23
65
125
182
216
219
194
158
140
158
194
220
218
186
131
70
26
6
0
0
0
0
16
55
121
184
218
211
173
122
78
60
78
123
173
211
220
189
125
59
18
0
0
0
0
34
95
170
217
212
164
103
54
25
16
25
54
103
164
212
219
175
100
37
0
0
0
0
56
132
202
220
178
107
48
17
6
3
6
17
48
107
179
221
205
137
59
0
0
0
0
75
159
216
209
143
65
20
5
2
1
2
5
20
65
143
209
218
162
78
0
0
0
0
88
173
221
199
121
46
10
2
1
1
1
2
10
46
121
199
222
175
90
0
0
0
0
91
176
222
197
117
43
9
2
1
1
1
2
9
43
117
197
223
178
93
0
0
0
0
85
170
221
204
130
53
13
3
2
1
2
3
13
53
130
204
223
174
89
0
0
0
0
72
156
217
217
158
80
29
9
4
3
4
9
30
81
158
217
219
160
77
0
0
0
0
55
131
203
227
194
129
68
32
18
15
18
33
70
131
196
228
206
135
58
0
0
0
0
35
96
173
222
223
186
134
91
67
61
67
91
136
188
225
223
174
98
36
0
0
0
0
17
57
124
189
224
223
200
171
152
146
152
171
201
225
226
191
126
58
17
0
0
0
0
6
25
69
130
184
215
224
221
216
214
216
222
225
217
187
133
71
26
6
0
0
0
0
2
8
27
65
113
156
187
206
214
215
214
208
190
158
116
68
29
8
2
0
0
0
0
1
2
7
22
47
77
108
134
147
149
147
136
111
79
48
23
8
2
1
0
0
0
0
0
0
0
0
0
0
0
0
0
0
0
0
0
0
0
0
0
0
0
0
0
0
0
0
0
0
0
0
0
0
0
0
0
0
0
0
0
0
0
0
0
0
0
0
