26
29
0
0
0
0
0
0
0
0
0
0
0
0
0
0
0
0
0
0
0
0
0
0
0
0
0
0
0
0
0
0
0
0
0
0
0
0
0
0
0
0
0
0
0
0
0
0
0
0
0
0
0
0
0
0
11
30
53
64
60
41
18
5
1
1
1
1
1
1
5
18
41
60
64
53
30
11
0
0
0
0
25
68
119
144
134
92
40
10
2
1
1
1
1
2
10
40
92
134
144
119
68
25
0
0
0
0
35
98
170
206
192
131
57
15
2
1
1
1
1
2
15
57
131
192
206
170
98
35
0
0
0
0
38
108
188
229
213
145
63
16
3
1
1
1
1
3
16
63
145
213
229
188
108
38
0
0
0
0
38
109
191
233
217
148
64
16
3
1
1
1
1
3
16
64
148
217
233
191
109
38
0
0
0
0
39
109
191
233
217
148
64
16
3
1
1
1
1
3
16
64
148
217
233
191
109
39
0
0
0
0
39
109
192
234
218
148
64
16
3
1
1
1
1
3
16
64
148
218
234
192
109
39
0
0
0
0
38
109
192
234
218
148
64
16
3
1
1
1
1
3
16
64
148
218
234
192
109
38
0
0
0
0
38
109
192
234
218
148
64
16
3
1
1
1
1
3
16
64
148
218
234
192
109
38
0
0
0
0
38
109
192
234
218
148
64
16
3
1
1
1
1
3
16
64
148
218
234
192
109
38
0
0
0
0
38
109
192
234
218
148
64
16
3
1
1
1
1
3
16
64
148
218
234
192
109
38
0
0
0
0
39
109
192
234
218
148
64
16
3
1
1
1
1
3
16
64
148
218
234
192
109
38
0
0
0
0
39
109
192
234
218
148
64
16
3
1
1
1
1
3
16
64
148
218
234
192
109
38
0
0
0
0
39
109
192
234
218
148
64
16
3
1
1
1
1
3
16
64
148
218
234
192
109
38
0
0
0
0
38
109
192
234
218
148
64
16
3
1
1
1
1
3
16
64
149
218
234
192
109
38
0
0
0
0
38
109
191
234
218
149
65
16
3
1
1
1
1
3
17
66
150
218
234
192
109
38
0
0
0
0
36
105
188
233
220
153
69
18
3
1
1
1
2
6
24
77
160
223
235
192
109
38
0
0
0
0
31
96
180
231
225
166
83
27
6
3
2
4
8
20
52
112
185
233
236
192
109
39
0
0
0
0
25
82
166
225
233
191
117
54
22
13
13
18
34
64
110
167
217
243
238
192
109
39
0
0
0
0
17
64
143
211
237
219
168
109
69
54
54
67
95
135
175
208
232
245
237
191
109
39
0
0
0
0
10
41
107
180
225
235
215
180
150
136
136
148
172
194
200
201
216
235
233
190
108
38
0
0
0
0
4
20
63
127
185
220
231
225
215
209
207
209
209
194
165
149
172
207
215
176
101
36
0
0
0
0
2
7
26
66
118
164
196
213
217
216
212
200
175
136
96
84
113
150
159
131
76
27
0
0
0
0
1
2
7
23
51
86
120
144
153
154
148
129
98
63
37
33
52
73
78
64
37
13
0
0
0
0
1
1
2
5
14
28
47
62
68
68
64
52
34
18
9
9
15
21
23
19
11
4
0
0
0
0
0
0
0
0
0
0
0
0
0
0
0
0
0
0
0
0
0
0
0
0
0
0
0
0
0
0
0
0
0
0
0
0
0
0
0
0
0
0
0
0
0
0
0
0
0
0
0
0
0
0
