30
33
0
0
0
0
0
0
0
0
0
0
0
0
0
0
0
0
0
0
0
0
0
0
0
0
0
0
0
0
0
0
0
0
0
0
0
0
0
0
0
0
0
0
0
0
0
0
0
0
0
0
0
0
0
0
0
0
0
0
0
0
0
0
16
39
65
81
83
72
48
22
6
2
1
1
1
1
1
1
2
6
22
48
72
83
81
65
39
16
0
0
0
0
31
74
124
154
158
136
91
41
12
3
1
1
1
1
1
1
3
12
41
91
136
158
154
124
74
31
0
0
0
0
41
100
166
207
212
183
122
55
16
4
2
1
1
1
1
2
4
16
55
122
183
212
207
166
100
41
0
0
0
0
44
108
182
227
233
201
134
60
17
4
2
1
1
1
1
2
4
17
60
134
201
233
227
182
108
44
0
0
0
0
44
110
184
231
238
205
136
61
17
4
2
1
1
1
1
2
4
17
61
136
205
238
231
184
110
44
0
0
0
0
45
110
185
232
239
205
136
61
17
4
2
1
1
1
1
2
4
17
61
136
205
239
232
185
110
45
0
0
0
0
45
110
185
232
239
206
136
61
17
4
2
1
1
1
1
2
4
17
61
136
206
239
232
185
110
45
0
0
0
0
45
110
185
232
239
206
136
61
17
4
2
1
1
1
1
2
4
17
61
136
206
239
232
185
110
45
0
0
0
0
45
110
185
232
239
206
136
61
17
4
2
1
1
1
1
2
4
17
61
136
206
239
232
185
110
45
0
0
0
0
45
110
185
232
239
206
136
61
17
4
2
1
1
1
1
2
4
17
61
136
206
239
232
185
110
45
0
0
0
0
45
110
185
232
239
206
136
61
17
4
2
1
1
1
1
2
4
17
61
136
206
239
232
185
110
45
0
0
0
0
45
110
185
232
239
206
136
61
17
4
2
1
1
1
1
2
4
17
61
136
206
239
232
185
110
45
0
0
0
0
45
110
185
232
239
206
136
61
17
4
2
1
1
1
1
2
4
17
61
136
206
239
232
185
110
45
0
0
0
0
45
110
185
232
239
206
136
61
17
4
2
1
1
1
1
2
4
17
61
136
206
239
232
185
110
45
0
0
0
0
45
110
185
232
239
206
136
61
17
4
2
1
1
1
1
2
4
17
61
136
206
239
232
185
110
45
0
0
0
0
45
110
185
232
239
206
136
61
17
4
2
1
1
1
1
2
4
17
61
136
206
239
232
185
110
45
0
0
0
0
44
110
185
232
239
206
137
61
18
4
2
1
1
1
1
2
4
18
61
137
206
239
232
185
110
45
0
0
0
0
44
110
185
232
239
206
137
61
18
4
2
1
1
1
1
2
4
18
61
137
206
239
232
185
110
45
0
0
0
0
44
109
184
232
239
206
138
62
18
4
2
1
1
1
1
2
5
19
64
139
207
239
232
185
110
45
0
0
0
0
41
105
181
230
240
209
143
67
21
5
2
1
1
1
2
3
9
28
77
151
213
241
232
185
110
45
0
0
0
0
36
96
173
226
241
217
156
81
29
8
3
2
2
3
5
11
25
57
112
177
226
245
233
185
110
45
0
0
0
0
29
84
160
219
242
228
180
110
52
21
10
8
8
11
19
37
66
110
163
211
240
248
233
185
110
45
0
0
0
0
21
68
141
207
239
238
208
154
96
55
37
32
33
41
60
91
130
171
207
233
246
248
233
185
110
45
0
0
0
0
14
49
113
182
228
242
232
201
158
119
98
91
93
104
129
161
189
207
217
228
240
246
232
184
110
44
0
0
0
0
8
29
77
142
199
231
240
232
212
189
174
169
171
179
195
209
209
195
185
198
224
239
228
183
109
44
0
0
0
0
3
14
42
91
148
194
222
234
235
230
225
222
222
221
218
206
178
144
129
154
193
216
209
168
101
41
0
0
0
0
2
5
17
44
86
131
170
198
215
221
222
221
217
206
186
154
115
80
73
102
141
162
158
127
76
31
0
0
0
0
1
2
5
15
35
65
98
129
153
164
166
165
159
143
116
83
52
32
32
51
74
86
83
67
40
17
0
0
0
0
1
1
2
4
10
22
39
59
77
85
87
87
82
69
50
31
16
9
10
18
26
29
28
23
14
6
0
0
0
0
0
0
0
0
0
0
0
0
0
0
0
0
0
0
0
0
0
0
0
0
0
0
0
0
0
0
0
0
0
0
0
0
0
0
0
0
0
0
0
0
0
0
0
0
0
0
0
0
0
0
0
0
0
0
0
0
0
0
