30
29
0
0
0
0
0
0
0
0
0
0
0
0
0
0
0
0
0
0
0
0
0
0
0
0
0
0
0
0
0
0
0
0
0
0
0
0
0
0
0
0
0
0
0
0
0
0
0
0
0
0
0
0
0
0
0
0
0
0
0
0
0
0
13
32
53
65
67
58
39
18
5
1
1
1
1
1
1
1
1
5
18
39
58
67
65
53
32
13
0
0
0
0
28
69
114
142
146
126
84
38
11
3
1
1
1
1
1
1
3
11
38
84
126
146
142
114
69
28
0
0
0
0
40
98
162
202
208
179
120
54
16
4
2
1
1
1
1
2
4
16
54
120
179
208
202
162
98
40
0
0
0
0
44
108
181
226
233
201
133
60
17
4
2
1
1
1
1
2
4
17
60
133
201
233
226
181
108
44
0
0
0
0
45
110
185
231
238
205
136
61
18
4
2
1
1
1
1
2
4
18
61
136
205
238
231
185
110
45
0
0
0
0
45
110
185
232
239
205
136
61
17
4
2
1
1
1
1
2
4
17
61
136
205
239
232
185
110
45
0
0
0
0
45
110
185
232
239
206
136
61
17
4
2
1
1
1
1
2
4
17
61
136
206
239
232
185
110
45
0
0
0
0
45
110
185
232
239
206
136
61
17
4
2
1
1
1
1
2
4
17
61
136
206
239
232
185
110
45
0
0
0
0
45
110
185
232
239
206
136
61
17
4
2
1
1
1
1
2
4
17
61
136
206
239
232
185
110
45
0
0
0
0
45
110
185
232
239
206
136
61
17
4
2
1
1
1
1
2
4
17
61
136
206
239
232
185
110
45
0
0
0
0
45
110
185
232
239
206
136
61
17
4
2
1
1
1
1
2
4
17
61
136
206
239
232
185
110
45
0
0
0
0
45
110
185
232
239
206
136
61
17
4
2
1
1
1
1
2
4
17
61
136
206
239
232
185
110
45
0
0
0
0
45
110
185
232
239
206
136
61
17
4
2
1
1
1
1
2
4
17
61
136
206
239
232
185
110
45
0
0
0
0
45
110
185
232
239
206
136
61
17
4
2
1
1
1
1
2
4
17
61
136
206
239
232
185
110
45
0
0
0
0
44
110
185
232
239
206
137
61
18
4
2
1
1
1
1
2
4
18
61
137
206
239
232
185
110
45
0
0
0
0
44
109
185
232
239
206
137
62
18
4
2
1
1
1
1
2
5
19
64
139
207
239
232
185
110
45
0
0
0
0
41
105
181
230
240
209
142
67
21
5
2
1
1
1
2
4
9
29
77
150
213
241
232
185
110
45
0
0
0
0
36
96
172
226
241
217
158
83
32
10
4
3
3
4
7
14
29
61
114
178
226
245
233
185
110
45
0
0
0
0
28
81
156
217
241
230
185
119
62
29
17
14
14
18
29
49
79
120
169
213
240
248
233
185
110
45
0
0
0
0
19
61
131
197
234
239
216
171
119
80
61
55
56
65
86
116
150
181
207
229
243
247
232
185
110
45
0
0
0
0
11
38
94
159
210
234
235
216
186
157
139
134
135
144
163
184
197
197
197
210
230
241
229
183
109
44
0
0
0
0
5
18
52
105
159
200
223
230
225
215
207
204
204
205
206
201
183
155
143
164
199
219
211
169
101
41
0
0
0
0
2
7
21
50
92
135
170
195
209
214
213
212
209
199
181
154
119
87
79
106
142
162
157
126
76
31
0
0
0
0
1
2
6
17
36
63
92
120
141
151
154
153
147
132
108
79
52
33
32
50
71
81
79
63
38
16
0
0
0
0
1
1
2
4
9
19
33
49
63
69
71
70
66
56
41
26
15
8
9
15
22
25
24
20
12
5
0
0
0
0
0
0
0
0
0
0
0
0
0
0
0
0
0
0
0
0
0
0
0
0
0
0
0
0
0
0
0
0
0
0
0
0
0
0
0
0
0
0
0
0
0
0
0
0
0
0
0
0
0
0
0
0
0
0
0
0
0
0
