30
36
0
0
0
0
0
0
0
0
0
0
0
0
0
0
0
0
0
0
0
0
0
0
0
0
0
0
0
0
0
0
0
0
0
0
0
0
0
0
0
0
0
0
0
0
0
0
0
0
0
0
0
0
0
0
0
0
0
0
0
0
0
0
21
51
85
105
109
94
62
28
8
2
1
1
1
1
1
1
2
8
28
62
94
109
105
85
51
21
0
0
0
0
34
84
139
173
177
153
102
46
13
3
1
1
1
1
1
1
3
13
46
102
153
177
173
139
84
34
0
0
0
0
42
104
172
215
220
190
127
57
17
4
2
1
1
1
1
2
4
17
57
127
190
220
215
172
104
42
0
0
0
0
44
109
183
228
235
202
135
61
17
4
2
1
1
1
1
2
4
17
61
135
202
235
228
183
109
44
0
0
0
0
44
109
184
230
237
204
136
61
18
4
2
1
1
1
1
2
4
18
61
136
204
237
230
184
109
44
0
0
0
0
44
110
185
232
239
205
136
61
17
4
2
1
1
1
1
2
4
17
61
136
205
239
232
185
110
44
0
0
0
0
45
110
185
232
239
206
136
61
17
4
2
1
1
1
1
2
4
17
61
136
206
239
232
185
110
45
0
0
0
0
45
110
185
232
239
206
136
61
17
4
2
1
1
1
1
2
4
17
61
136
206
239
232
185
110
45
0
0
0
0
45
110
185
232
239
206
136
61
17
4
2
1
1
1
1
2
4
17
61
136
206
239
232
185
110
45
0
0
0
0
45
110
185
232
239
206
136
61
17
4
2
1
1
1
1
2
4
17
61
136
206
239
232
185
110
45
0
0
0
0
45
110
185
232
239
206
136
61
17
4
2
1
1
1
1
2
4
17
61
136
206
239
232
185
110
45
0
0
0
0
45
110
185
232
239
206
136
61
17
4
2
1
1
1
1
2
4
17
61
136
206
239
232
185
110
45
0
0
0
0
45
110
185
232
239
206
136
61
17
4
2
1
1
1
1
2
4
17
61
136
206
239
232
185
110
45
0
0
0
0
45
110
185
232
239
206
136
61
17
4
2
1
1
1
1
2
4
17
61
136
206
239
232
185
110
45
0
0
0
0
45
110
185
232
239
206
136
61
17
4
2
1
1
1
1
2
4
17
61
136
206
239
232
185
110
45
0
0
0
0
45
110
185
232
239
206
136
61
17
4
2
1
1
1
1
2
4
17
61
136
206
239
232
185
110
45
0
0
0
0
45
110
185
232
239
206
136
61
17
4
2
1
1
1
1
2
4
17
61
136
206
239
232
185
110
45
0
0
0
0
45
110
185
232
239
206
136
61
17
4
2
1
1
1
1
2
4
17
61
136
206
239
232
185
110
45
0
0
0
0
44
110
185
232
239
206
137
61
18
4
2
1
1
1
1
2
4
18
61
137
206
239
232
185
110
45
0
0
0
0
44
110
186
232
239
206
137
61
18
4
2
1
1
1
1
2
4
18
61
137
206
239
232
185
110
45
0
0
0
0
44
110
185
232
239
206
137
62
18
4
2
1
1
1
1
2
4
19
63
138
206
239
232
185
110
45
0
0
0
0
42
106
182
231
240
208
140
65
19
5
2
1
1
1
2
3
7
24
72
146
211
241
232
185
110
45
0
0
0
0
38
99
176
228
241
214
150
74
24
6
3
2
2
2
3
6
16
43
97
167
222
244
233
185
110
45
0
0
0
0
32
89
166
223
242
223
168
94
38
12
5
3
3
4
9
20
43
84
141
199
236
247
233
185
110
45
0
0
0
0
25
77
153
215
242
234
193
129
67
30
15
11
12
17
31
56
93
141
190
227
246
249
233
185
110
45
0
0
0
0
19
62
133
201
238
242
219
173
116
72
50
43
45
55
79
116
157
194
221
238
247
248
232
185
110
44
0
0
0
0
12
44
106
176
225
243
238
214
175
138
116
109
111
123
149
181
205
215
217
225
238
245
231
184
110
44
0
0
0
0
7
26
72
138
196
231
243
238
222
201
188
183
184
192
207
218
214
195
181
194
222
239
229
183
110
44
0
0
0
0
3
13
40
90
149
197
226
238
240
236
231
230
229
229
226
212
182
144
128
154
196
220
214
172
103
42
0
0
0
0
2
5
17
46
91
140
181
208
224
230
231
230
227
217
197
164
122
84
77
109
150
173
168
135
81
33
0
0
0
0
1
2
6
18
42
76
113
147
173
184
187
186
180
162
133
97
61
37
37
60
87
101
98
79
47
19
0
0
0
0
1
1
2
5
14
29
52
78
100
111
114
113
107
91
66
41
22
12
13
24
35
40
39
31
18
8
0
0
0
0
0
0
0
0
0
0
0
0
0
0
0
0
0
0
0
0
0
0
0
0
0
0
0
0
0
0
0
0
0
0
0
0
0
0
0
0
0
0
0
0
0
0
0
0
0
0
0
0
0
0
0
0
0
0
0
0
0
0
