26
33
0
0
0
0
0
0
0
0
0
0
0
0
0
0
0
0
0
0
0
0
0
0
0
0
0
0
0
0
0
0
0
0
0
0
0
0
0
0
0
0
0
0
0
0
0
0
0
0
0
0
0
0
0
0
15
39
66
80
75
52
23
7
1
1
1
1
1
1
7
23
52
75
80
66
39
15
0
0
0
0
28
74
126
153
142
98
44
12
2
1
1
1
1
2
12
44
98
142
153
126
74
28
0
0
0
0
37
99
169
205
191
132
59
16
3
1
1
1
1
3
16
59
132
191
205
169
99
37
0
0
0
0
40
108
185
225
210
144
65
18
3
1
1
1
1
3
18
65
144
210
225
185
108
40
0
0
0
0
40
109
188
229
213
147
66
18
3
1
1
1
1
3
18
66
147
213
229
188
109
40
0
0
0
0
40
109
189
230
214
147
66
18
3
1
1
1
1
3
18
66
147
214
230
189
109
40
0
0
0
0
41
110
189
230
215
147
66
18
3
1
1
1
1
3
18
66
147
215
230
189
110
41
0
0
0
0
41
110
189
230
215
147
66
18
3
1
1
1
1
3
18
66
147
215
230
189
110
41
0
0
0
0
41
110
189
230
215
147
66
18
3
1
1
1
1
3
18
66
147
215
230
189
110
41
0
0
0
0
41
110
189
230
215
147
66
18
3
1
1
1
1
3
18
66
147
215
230
189
110
41
0
0
0
0
41
110
189
230
215
147
66
18
3
1
1
1
1
3
18
66
147
215
230
189
110
41
0
0
0
0
41
110
189
230
215
147
66
18
3
1
1
1
1
3
18
66
147
215
230
189
110
41
0
0
0
0
41
110
189
230
215
147
66
18
3
1
1
1
1
3
18
66
147
215
230
189
110
41
0
0
0
0
41
110
189
230
215
147
66
18
3
1
1
1
1
3
18
66
147
215
230
189
110
41
0
0
0
0
41
110
189
230
215
147
66
18
3
1
1
1
1
3
18
66
147
215
231
189
110
41
0
0
0
0
41
110
189
230
215
148
66
18
3
1
1
1
1
3
18
66
148
215
231
190
110
41
0
0
0
0
41
110
189
231
215
148
66
18
3
1
1
1
1
3
18
66
148
215
231
190
110
41
0
0
0
0
41
110
189
231
215
148
66
18
3
1
1
1
1
3
18
66
148
215
230
189
110
41
0
0
0
0
40
109
189
230
215
149
67
18
3
1
1
1
2
4
20
69
150
216
230
189
110
41
0
0
0
0
38
105
185
230
217
153
71
21
4
2
1
1
3
7
27
81
160
220
231
189
110
41
0
0
0
0
33
97
179
228
222
165
84
28
7
3
2
3
7
20
52
112
183
230
234
189
110
41
0
0
0
0
28
86
168
224
230
185
110
48
17
9
8
12
26
54
100
160
213
241
235
189
110
41
0
0
0
0
21
72
151
216
235
210
151
88
48
34
34
45
71
113
160
204
233
246
235
189
110
40
0
0
0
0
14
54
126
197
234
231
197
149
111
94
95
109
140
175
201
216
230
241
234
189
109
40
0
0
0
0
8
34
91
163
216
236
229
206
183
172
172
182
199
207
199
190
204
228
229
187
109
40
0
0
0
0
4
17
54
114
174
215
232
233
227
223
222
220
213
190
155
138
163
200
208
171
100
37
0
0
0
0
2
7
24
62
113
162
196
215
221
221
216
202
174
133
92
81
111
147
156
129
76
28
0
0
0
0
1
2
8
24
54
92
128
154
164
165
158
138
105
67
40
36
56
77
83
68
40
15
0
0
0
0
1
1
2
7
18
36
59
78
86
86
81
66
44
23
12
11
19
27
28
23
14
5
0
0
0
0
0
0
0
0
0
0
0
0
0
0
0
0
0
0
0
0
0
0
0
0
0
0
0
0
0
0
0
0
0
0
0
0
0
0
0
0
0
0
0
0
0
0
0
0
0
0
0
0
0
0
