23
27
0
0
0
0
0
0
0
0
0
0
0
0
0
0
0
0
0
0
0
0
0
0
0
0
0
0
0
0
0
0
0
0
0
0
0
0
0
0
0
0
0
0
0
0
0
0
0
0
51
104
136
126
79
31
7
2
1
1
2
7
31
79
126
136
104
51
15
0
0
0
0
73
148
194
179
113
44
10
2
1
1
2
10
44
113
179
194
148
73
22
0
0
0
0
80
164
216
199
125
48
11
2
1
1
2
11
48
125
199
216
164
80
24
0
0
0
0
81
167
220
203
127
49
11
2
1
1
2
11
49
127
203
220
167
81
24
0
0
0
0
81
167
220
203
127
49
11
2
1
1
2
11
49
127
203
220
167
81
24
0
0
0
0
81
167
220
203
127
49
11
2
1
1
2
11
49
127
203
220
167
81
24
0
0
0
0
81
167
220
203
127
49
11
2
1
1
2
11
49
127
203
220
167
81
24
0
0
0
0
81
167
220
203
127
49
11
2
1
1
2
11
49
127
203
220
167
81
24
0
0
0
0
81
167
220
203
127
49
11
2
1
1
2
11
49
127
203
220
167
81
24
0
0
0
0
81
167
220
203
127
49
11
2
1
1
2
11
49
127
203
220
167
81
24
0
0
0
0
81
167
220
203
127
49
11
2
1
1
2
11
49
127
203
220
167
81
24
0
0
0
0
81
167
220
203
127
49
11
2
1
1
2
11
49
127
203
220
167
81
24
0
0
0
0
81
167
220
203
127
49
11
2
1
1
2
11
49
127
203
220
167
81
24
0
0
0
0
82
167
220
203
127
49
11
2
1
1
2
11
49
127
203
220
167
81
24
0
0
0
0
81
167
220
204
128
49
11
2
1
1
3
12
50
128
204
221
167
81
24
0
0
0
0
78
164
219
206
132
52
13
3
2
2
4
16
59
138
209
222
167
81
24
0
0
0
0
71
156
217
212
145
64
18
5
3
5
12
36
89
165
221
224
167
81
24
0
0
0
0
61
143
212
222
170
93
38
17
14
21
43
84
143
202
236
227
167
81
24
0
0
0
0
48
123
199
229
203
144
88
60
56
72
106
151
193
225
241
227
167
82
24
0
0
0
0
31
92
169
221
228
200
163
141
138
152
177
194
200
212
230
222
166
81
24
0
0
0
0
16
55
121
184
221
228
219
210
208
208
203
180
157
168
200
204
154
76
23
0
0
0
0
6
24
65
121
171
202
215
216
211
196
163
119
91
107
143
151
115
57
17
0
0
0
0
2
7
24
55
95
129
149
153
146
125
89
53
36
48
69
74
56
28
8
0
0
0
0
0
0
0
0
0
0
0
0
0
0
0
0
0
0
0
0
0
0
0
0
0
0
0
0
0
0
0
0
0
0
0
0
0
0
0
0
0
0
0
0
0
0
0
0
