31
36
0
0
0
0
0
0
0
0
0
0
0
0
0
0
0
0
0
0
0
0
0
0
0
0
0
0
0
0
0
0
0
0
0
0
0
0
0
0
0
0
0
0
0
0
0
0
0
0
0
0
0
0
0
0
0
0
0
0
0
0
0
0
0
0
38
56
59
47
25
8
2
1
1
1
0
0
0
0
0
0
0
1
1
1
2
8
25
47
59
56
38
0
0
0
0
86
128
138
112
64
22
5
1
1
1
0
0
0
0
0
0
0
1
1
1
5
23
64
112
137
127
85
0
0
0
0
118
182
203
173
107
42
10
2
1
1
0
0
0
0
0
0
0
1
1
2
12
46
111
175
202
180
116
0
0
0
0
114
190
227
209
143
66
19
4
1
1
1
0
0
0
0
0
1
1
1
4
21
72
150
212
227
188
111
0
0
0
0
90
171
225
226
174
94
33
7
2
1
1
0
0
0
0
0
1
1
2
8
35
100
180
228
224
168
87
0
0
0
0
65
144
212
233
200
126
52
13
3
1
1
1
0
0
0
1
1
1
3
14
54
129
203
233
208
138
61
0
0
0
0
44
114
192
232
219
157
76
23
5
1
1
1
0
0
0
1
1
1
5
24
77
158
219
230
185
106
39
0
0
0
0
27
83
163
222
230
184
104
37
9
2
1
1
0
0
0
1
1
2
9
39
106
185
230
220
158
78
24
0
0
0
0
15
56
132
204
233
206
134
58
16
3
1
1
1
0
1
1
1
4
17
61
138
208
233
202
128
54
14
0
0
0
0
8
36
100
180
228
223
165
85
27
6
1
1
1
0
1
1
1
6
28
86
168
224
227
177
97
34
8
0
0
0
0
4
21
71
150
215
232
192
113
43
10
2
1
1
1
1
1
2
10
43
114
192
231
213
146
68
20
4
0
0
0
0
2
12
47
118
194
231
211
142
63
17
3
1
1
1
1
1
3
17
63
142
211
230
191
113
44
11
2
0
0
0
0
2
6
28
86
166
222
224
171
90
30
6
2
1
1
1
2
6
28
87
169
224
221
163
82
26
6
2
0
0
0
0
1
3
15
58
134
206
230
197
122
49
12
2
1
1
1
2
11
46
117
194
230
205
133
57
15
3
1
0
0
0
0
1
2
8
36
102
181
227
216
153
72
21
4
1
1
1
4
20
70
150
214
227
181
102
36
8
2
1
0
0
0
0
1
1
4
21
71
151
215
226
179
98
33
7
2
1
2
7
33
97
178
226
215
151
71
21
4
1
1
0
0
0
0
1
1
2
11
47
119
195
228
200
125
51
12
2
1
2
12
50
125
200
228
195
119
47
11
2
1
1
0
0
0
0
1
1
1
6
29
88
168
221
216
155
75
22
4
2
4
21
72
153
216
221
168
88
29
6
1
1
1
0
0
0
0
1
1
1
3
16
60
138
207
226
184
104
37
8
2
8
35
100
180
224
207
137
60
16
3
1
1
1
0
0
0
0
0
1
1
2
9
40
108
186
227
206
135
57
15
4
14
56
132
204
225
184
105
38
9
2
1
1
0
0
0
0
0
0
1
1
2
5
24
78
158
218
220
164
81
25
8
25
81
163
219
216
155
75
22
5
1
1
1
0
0
0
0
0
0
1
1
1
3
14
53
127
200
226
189
110
41
15
39
108
188
226
199
125
51
13
3
1
1
1
0
0
0
0
0
0
1
1
1
2
8
33
95
175
223
210
142
64
30
60
137
208
223
175
95
33
7
2
1
1
0
0
0
0
0
0
0
0
1
1
2
4
19
67
145
211
223
173
94
53
88
167
220
211
146
67
20
4
2
1
1
0
0
0
0
0
0
0
0
1
1
1
3
11
44
114
191
226
198
128
88
125
194
225
191
114
44
11
3
1
1
1
0
0
0
0
0
0
0
0
0
1
1
2
6
27
84
164
220
216
166
133
166
215
219
164
84
27
6
2
1
1
0
0
0
0
0
0
0
0
0
0
1
1
1
4
16
57
133
204
228
206
186
206
228
204
133
57
16
4
1
1
1
0
0
0
0
0
0
0
0
0
0
0
1
1
2
9
37
101
181
228
234
227
234
229
183
103
38
9
3
1
1
0
0
0
0
0
0
0
0
0
0
0
0
1
1
2
5
22
72
151
216
243
247
244
219
155
75
23
5
2
1
1
0
0
0
0
0
0
0
0
0
0
0
0
1
1
1
3
12
47
118
194
235
245
236
196
122
50
13
3
1
1
1
0
0
0
0
0
0
0
0
0
0
0
0
0
1
1
2
6
28
83
155
202
216
204
158
86
30
7
2
1
1
0
0
0
0
0
0
0
0
0
0
0
0
0
0
1
1
1
3
14
46
96
134
147
136
100
49
15
3
1
1
1
0
0
0
0
0
0
0
0
0
0
0
0
0
0
0
0
0
0
0
0
0
0
0
0
0
0
0
0
0
0
0
0
0
0
0
0
0
0
0
0
0
0
0
0
0
0
0
0
0
0
0
0
0
0
0
0
0
0
0
0
0
0
0
0
0
0
0
0
0
