36
42
0
0
0
0
0
0
0
0
0
0
0
0
0
0
0
0
0
0
0
0
0
0
0
0
0
0
0
0
0
0
0
0
0
0
0
0
0
0
0
0
0
0
0
0
0
0
0
0
0
0
0
0
0
0
0
0
0
0
0
0
0
0
0
0
0
0
0
0
0
0
0
0
0
0
49
69
75
67
46
23
8
2
1
1
1
0
0
0
0
0
0
0
0
0
0
1
1
1
2
8
23
46
67
75
69
50
0
0
0
0
97
136
150
136
98
51
18
4
1
1
1
1
0
0
0
0
0
0
0
0
1
1
1
1
5
18
52
99
136
149
136
96
0
0
0
0
128
184
207
195
148
83
31
8
2
1
1
1
0
0
0
0
0
0
0
0
1
1
1
2
9
34
87
151
195
207
183
126
0
0
0
0
128
195
229
225
182
113
49
14
3
1
1
1
0
0
0
0
0
0
0
0
1
1
2
4
17
55
121
188
227
229
193
125
0
0
0
0
108
181
227
236
205
142
71
24
6
2
1
1
1
0
0
0
0
0
0
1
1
1
2
7
27
78
150
211
237
226
178
105
0
0
0
0
84
158
216
239
223
171
98
39
11
3
1
1
1
0
0
0
0
0
0
1
1
1
3
11
41
102
176
226
239
213
153
80
0
0
0
0
62
132
200
236
234
195
127
58
18
4
2
1
1
1
0
0
0
0
1
1
1
2
4
18
59
128
197
235
234
193
124
56
0
0
0
0
43
105
177
227
239
214
154
80
28
7
2
1
1
1
0
0
0
0
1
1
1
2
7
29
80
154
215
239
223
169
95
37
0
0
0
0
27
77
149
211
239
228
178
105
43
12
3
1
1
1
0
0
0
0
1
1
1
3
13
45
107
179
228
238
208
143
71
24
0
0
0
0
16
53
120
190
232
236
200
132
62
20
5
2
1
1
1
0
0
1
1
1
2
5
22
66
136
202
236
231
187
116
50
15
0
0
0
0
9
35
92
165
220
239
218
160
87
32
8
2
1
1
1
0
0
1
1
1
2
9
34
90
164
220
239
218
161
88
33
9
0
0
0
0
6
22
66
137
202
237
231
186
114
49
14
4
2
1
1
0
0
1
1
1
4
14
50
116
188
232
236
200
133
63
20
5
0
0
0
0
3
13
45
108
180
228
238
207
140
69
22
5
2
1
1
1
1
1
1
2
5
23
69
141
207
237
226
176
104
43
12
3
0
0
0
0
2
7
29
81
153
214
238
222
165
91
34
9
2
1
1
1
1
1
1
2
8
34
91
165
221
237
210
148
77
27
7
2
0
0
0
0
2
4
17
56
123
193
233
232
189
118
52
15
4
1
1
1
1
1
1
3
14
50
116
188
231
232
190
119
53
16
4
2
0
0
0
0
1
3
10
37
94
167
222
237
209
147
75
26
6
2
1
1
1
1
2
6
24
71
143
207
236
221
166
92
35
9
3
1
0
0
0
0
1
2
5
23
68
139
204
236
225
174
102
41
11
3
1
1
1
1
2
10
39
98
170
223
235
204
139
68
23
5
2
1
0
0
0
0
1
1
3
13
47
109
181
228
234
197
128
59
18
4
1
1
1
1
4
17
58
126
195
233
228
182
110
47
13
3
1
1
0
0
0
0
1
1
2
7
29
81
155
214
236
213
153
79
27
6
2
1
1
2
6
27
79
152
213
236
214
155
81
29
7
2
1
1
0
0
0
0
1
1
1
4
18
58
126
195
232
225
176
103
41
11
2
1
1
2
10
40
102
176
225
232
195
126
58
18
4
1
1
1
0
0
0
0
1
1
1
3
10
38
97
170
222
232
197
129
60
18
4
2
2
4
17
58
127
196
232
222
170
97
38
10
3
1
1
1
0
0
0
0
1
1
1
2
6
23
70
142
206
233
215
158
84
30
7
2
2
7
28
80
154
213
233
206
142
70
23
6
2
1
1
1
0
0
0
0
0
1
1
2
3
14
49
115
187
229
228
184
112
47
13
3
3
12
44
107
180
226
228
185
114
48
14
3
2
1
1
0
0
0
0
0
0
1
1
1
2
8
33
89
163
218
234
205
139
66
21
5
5
20
65
137
203
232
215
158
85
31
8
2
1
1
1
0
0
0
0
0
0
1
1
1
2
5
21
64
134
200
233
220
164
89
32
8
8
32
88
164
219
232
197
130
60
19
5
2
1
1
1
0
0
0
0
0
0
0
1
1
2
3
12
43
105
177
225
229
188
115
49
15
14
47
113
187
229
225
176
103
41
11
3
2
1
1
0
0
0
0
0
0
0
0
1
1
1
2
7
28
79
151
212
233
208
144
72
26
24
67
139
206
233
212
151
78
27
7
2
1
1
1
0
0
0
0
0
0
0
0
1
1
1
2
5
17
56
123
192
230
224
173
99
44
41
91
166
221
230
192
123
56
17
4
2
1
1
1
0
0
0
0
0
0
0
0
0
1
1
2
3
10
37
94
167
221
232
197
127
67
65
120
191
230
220
167
94
37
10
3
2
1
1
0
0
0
0
0
0
0
0
0
0
1
1
1
2
6
23
69
139
204
233
215
155
99
97
152
212
232
205
140
69
23
6
2
1
1
1
0
0
0
0
0
0
0
0
0
0
1
1
1
2
4
14
48
111
182
227
227
185
139
138
184
226
227
182
111
48
14
4
2
1
1
1
0
0
0
0
0
0
0
0
0
0
0
1
1
1
3
9
31
84
156
215
234
214
184
184
214
234
215
156
84
31
9
3
1
1
1
0
0
0
0
0
0
0
0
0
0
0
0
1
1
1
2
5
19
60
128
197
234
235
223
223
236
234
198
129
61
20
5
2
1
1
1
0
0
0
0
0
0
0
0
0
0
0
0
0
1
1
2
4
12
41
100
172
225
244
244
245
245
227
176
103
42
12
4
2
1
1
0
0
0
0
0
0
0
0
0
0
0
0
0
0
1
1
1
2
7
25
73
144
208
241
250
250
242
211
149
77
27
8
3
1
1
1
0
0
0
0
0
0
0
0
0
0
0
0
0
0
0
1
1
2
4
15
50
115
185
229
243
244
230
188
118
53
16
5
2
1
1
0
0
0
0
0
0
0
0
0
0
0
0
0
0
0
0
1
1
1
3
9
32
83
149
196
215
216
199
152
86
33
9
3
1
1
1
0
0
0
0
0
0
0
0
0
0
0
0
0
0
0
0
0
1
1
2
4
17
49
97
136
154
155
139
101
52
18
5
2
1
1
0
0
0
0
0
0
0
0
0
0
0
0
0
0
0
0
0
0
0
0
0
0
0
0
0
0
0
0
0
0
0
0
0
0
0
0
0
0
0
0
0
0
0
0
0
0
0
0
0
0
0
0
0
0
0
0
0
0
0
0
0
0
0
0
0
0
0
0
0
0
0
0
0
0
0
0
0
0
0
0
0
