36
36
0
0
0
0
0
0
0
0
0
0
0
0
0
0
0
0
0
0
0
0
0
0
0
0
0
0
0
0
0
0
0
0
0
0
0
0
0
0
0
0
0
0
0
0
0
0
0
0
0
0
0
0
0
0
0
0
0
0
0
0
0
0
0
0
0
0
0
0
0
0
0
0
0
0
42
58
64
57
40
20
7
2
1
1
1
0
0
0
0
0
0
0
0
0
0
1
1
1
2
7
20
40
57
64
58
42
0
0
0
0
90
128
141
129
94
50
18
5
2
1
1
1
0
0
0
0
0
0
0
0
1
1
1
2
5
18
51
95
129
141
127
90
0
0
0
0
123
180
204
194
150
87
34
9
3
1
1
1
0
0
0
0
0
0
0
0
1
1
1
3
11
38
91
153
195
204
178
121
0
0
0
0
120
188
226
227
189
123
57
18
5
2
1
1
1
0
0
0
0
0
0
1
1
1
2
5
21
63
130
194
228
225
185
116
0
0
0
0
95
168
221
237
214
157
86
33
9
3
1
1
1
0
0
0
0
0
0
1
1
1
3
9
35
91
164
219
237
218
164
91
0
0
0
0
68
138
203
236
231
188
119
54
17
4
2
1
1
1
0
0
0
0
1
1
1
2
4
17
55
122
191
232
234
198
131
63
0
0
0
0
45
106
177
226
238
212
152
79
29
7
2
1
1
1
0
0
0
0
1
1
1
2
8
29
80
153
213
238
223
170
97
39
0
0
0
0
26
74
145
207
237
228
181
109
47
14
4
1
1
1
0
0
0
0
1
1
2
4
15
48
111
183
228
236
204
139
68
23
0
0
0
0
14
48
110
180
228
237
206
142
72
25
6
2
1
1
1
0
0
1
1
1
2
7
26
75
146
208
237
226
177
106
45
13
0
0
0
0
7
28
78
149
210
237
225
175
102
42
12
3
1
1
1
0
0
1
1
1
3
12
43
104
177
226
237
208
145
75
26
7
0
0
0
0
4
16
51
115
184
229
236
201
134
64
21
5
2
1
1
1
1
1
1
2
5
21
65
135
202
235
228
181
111
48
14
4
0
0
0
0
3
8
30
82
153
213
237
220
164
92
35
9
3
1
1
1
1
1
1
2
9
34
91
164
220
236
210
149
78
28
7
2
0
0
0
0
2
4
17
54
118
187
230
232
192
123
57
18
4
2
1
1
1
1
1
4
16
54
121
191
231
229
185
115
51
15
4
2
0
0
0
0
1
2
8
32
85
156
214
236
215
157
86
32
8
2
1
1
1
1
2
7
30
82
153
213
235
214
155
83
31
8
2
1
0
0
0
0
1
1
4
18
56
122
190
231
230
187
117
52
15
3
1
1
1
1
3
15
50
115
184
228
230
190
122
56
17
4
1
1
0
0
0
0
1
1
2
9
34
88
160
216
235
209
148
75
26
6
2
1
1
2
6
26
75
147
209
234
216
160
88
34
9
2
1
1
0
0
0
0
1
1
2
4
19
59
126
194
231
224
175
103
42
11
3
1
1
2
11
41
103
175
224
231
194
126
59
19
5
2
1
1
0
0
0
0
1
1
1
3
10
36
92
164
218
231
200
135
65
21
5
2
2
5
20
63
133
199
231
218
164
92
36
10
3
1
1
1
0
0
0
0
1
1
1
2
5
20
62
131
198
231
220
168
95
37
10
2
2
9
35
92
164
218
230
197
131
62
20
5
2
1
1
1
0
0
0
0
0
1
1
1
3
11
40
99
171
222
231
196
128
59
18
4
4
18
58
126
194
229
219
168
96
38
11
3
1
1
1
0
0
0
0
0
0
1
1
1
2
6
23
69
139
203
232
216
159
85
31
8
8
31
85
159
215
231
200
135
65
22
6
2
1
1
1
0
0
0
0
0
0
1
1
1
2
4
13
44
105
176
224
228
188
117
51
16
15
49
114
186
228
223
174
103
42
12
3
2
1
1
1
0
0
0
0
0
0
0
1
1
1
2
7
26
74
144
206
232
211
151
79
31
29
73
145
208
231
206
144
73
25
7
2
1
1
1
0
0
0
0
0
0
0
0
1
1
1
2
4
14
48
110
180
225
227
183
111
55
52
104
176
224
225
180
110
48
14
4
2
1
1
1
0
0
0
0
0
0
0
0
0
1
1
1
3
8
29
78
149
210
232
208
145
89
87
141
204
231
209
149
78
29
8
3
1
1
1
0
0
0
0
0
0
0
0
0
0
1
1
1
2
5
16
52
116
185
227
224
180
133
133
179
223
227
185
116
52
16
5
2
1
1
1
0
0
0
0
0
0
0
0
0
0
0
1
1
1
3
9
32
83
155
213
232
213
185
185
213
233
214
155
84
32
9
3
1
1
1
0
0
0
0
0
0
0
0
0
0
0
0
1
1
1
2
5
18
56
121
190
230
236
226
226
236
231
192
123
57
18
5
2
1
1
1
0
0
0
0
0
0
0
0
0
0
0
0
0
1
1
2
3
10
34
87
159
216
241
245
245
242
219
163
91
36
10
3
2
1
1
0
0
0
0
0
0
0
0
0
0
0
0
0
0
1
1
1
2
5
19
58
124
191
231
243
243
232
194
128
61
21
6
2
1
1
1
0
0
0
0
0
0
0
0
0
0
0
0
0
0
0
1
1
1
3
10
35
87
151
196
213
214
198
155
90
37
11
3
1
1
1
0
0
0
0
0
0
0
0
0
0
0
0
0
0
0
0
1
1
1
2
5
17
49
94
129
145
146
132
97
51
18
5
2
1
1
1
0
0
0
0
0
0
0
0
0
0
0
0
0
0
0
0
0
0
0
0
0
0
0
0
0
0
0
0
0
0
0
0
0
0
0
0
0
0
0
0
0
0
0
0
0
0
0
0
0
0
0
0
0
0
0
0
0
0
0
0
0
0
0
0
0
0
0
0
0
0
0
0
0
0
0
0
0
0
0
0
