36
47
0
0
0
0
0
0
0
0
0
0
0
0
0
0
0
0
0
0
0
0
0
0
0
0
0
0
0
0
0
0
0
0
0
0
0
0
0
0
0
0
0
0
0
0
0
0
0
0
0
0
0
0
0
0
0
0
0
0
0
0
0
0
0
0
0
0
0
0
0
0
0
0
0
0
67
93
102
91
63
32
10
3
1
1
1
0
0
0
0
0
0
0
0
0
0
1
1
1
3
11
32
63
90
101
93
67
0
0
0
0
111
156
172
156
114
60
21
5
2
1
1
1
0
0
0
0
0
0
0
0
1
1
1
2
5
22
61
114
157
171
155
110
0
0
0
0
134
193
218
205
157
89
34
9
2
1
1
1
0
0
0
0
0
0
0
0
1
1
1
3
10
37
93
160
206
217
192
132
0
0
0
0
130
197
232
227
185
114
49
14
3
1
1
1
0
0
0
0
0
0
0
0
1
1
2
4
17
55
123
191
230
231
195
126
0
0
0
0
110
183
228
236
204
140
68
22
6
2
1
1
1
0
0
0
0
0
0
1
1
1
2
6
26
76
149
211
238
228
180
106
0
0
0
0
88
162
219
239
220
166
92
35
9
2
1
1
1
0
0
0
0
0
0
1
1
1
3
10
38
98
172
224
240
217
159
84
0
0
0
0
68
140
206
238
232
189
118
52
15
4
2
1
1
0
0
0
0
0
0
1
1
2
4
15
52
120
192
234
236
200
133
63
0
0
0
0
50
116
188
232
239
208
143
70
23
6
2
1
1
1
0
0
0
0
1
1
1
2
6
23
70
143
208
238
229
179
106
44
0
0
0
0
35
91
165
221
240
222
166
91
34
9
3
1
1
1
0
0
0
0
1
1
1
3
9
35
92
166
222
240
217
157
83
29
0
0
0
0
22
67
139
204
238
232
186
114
48
14
4
2
1
1
0
0
0
0
1
1
2
4
15
51
117
188
232
237
201
134
63
20
0
0
0
0
14
48
113
185
231
238
205
139
67
22
5
2
1
1
1
0
0
1
1
1
2
6
24
71
143
208
238
229
181
109
45
13
0
0
0
0
9
33
88
162
219
240
221
164
90
34
9
2
1
1
1
0
0
1
1
1
3
9
36
93
168
223
240
217
158
85
31
8
0
0
0
0
5
21
66
136
203
237
232
188
115
49
14
4
1
1
1
0
0
1
1
2
4
14
50
116
189
233
236
200
133
63
20
5
0
0
0
0
4
13
46
110
182
230
238
206
138
66
21
5
2
1
1
1
1
1
1
2
5
21
66
138
206
238
228
179
107
44
12
3
0
0
0
0
2
8
31
86
159
218
239
220
161
86
31
8
2
1
1
1
1
1
1
2
8
31
86
160
219
238
215
154
82
29
7
2
0
0
0
0
2
5
20
63
133
200
236
229
182
109
45
12
3
1
1
1
1
1
1
3
12
44
107
181
229
235
197
128
59
18
5
2
0
0
0
0
1
3
12
44
106
179
228
236
202
134
64
20
5
2
1
1
1
1
2
4
18
60
130
199
235
227
177
103
42
11
3
1
0
0
0
0
1
2
7
29
82
155
215
238
218
160
87
32
8
2
1
1
1
1
2
7
29
82
155
215
237
215
155
81
29
7
2
1
0
0
0
0
1
2
4
19
60
129
198
234
229
183
111
46
12
3
1
1
1
1
3
12
44
108
180
228
234
198
129
60
19
5
2
1
0
0
0
0
1
1
3
11
42
103
176
226
235
202
134
63
19
4
2
1
1
1
4
19
62
133
200
235
226
176
103
42
11
3
1
1
0
0
0
0
1
1
2
7
27
78
152
213
236
216
156
81
28
7
2
1
1
2
7
28
81
156
215
236
213
152
78
27
7
2
1
1
0
0
0
0
1
1
1
4
17
57
126
196
233
226
176
102
40
10
2
1
1
2
10
40
102
176
226
233
196
126
57
17
4
1
1
1
0
0
0
0
1
1
1
3
11
39
100
174
224
232
195
126
57
17
4
1
1
3
16
55
124
194
232
224
174
100
40
11
3
1
1
1
0
0
0
0
1
1
1
2
6
25
75
149
211
234
212
151
78
27
6
2
2
6
24
74
147
210
233
211
149
75
26
6
2
1
1
1
0
0
0
0
0
1
1
2
4
16
55
124
194
232
226
176
102
40
10
2
2
10
38
97
171
222
231
193
124
55
16
4
2
1
1
0
0
0
0
0
0
1
1
1
3
10
39
101
175
225
233
197
127
57
17
4
4
16
55
124
194
231
223
172
98
38
10
3
1
1
1
0
0
0
0
0
0
1
1
1
2
7
27
78
151
212
235
213
150
75
25
6
6
25
75
149
212
233
209
146
73
25
6
2
1
1
1
0
0
0
0
0
0
1
1
1
2
4
17
56
125
194
231
224
172
96
36
10
10
36
96
172
224
230
191
121
52
15
4
2
1
1
1
0
0
0
0
0
0
0
1
1
1
3
10
39
99
172
224
231
193
121
52
16
15
50
118
191
231
223
171
97
37
10
3
2
1
1
0
0
0
0
0
0
0
0
1
1
1
2
7
26
76
149
211
234
211
147
74
27
25
68
142
208
233
211
149
76
26
6
2
1
1
1
0
0
0
0
0
0
0
0
1
1
1
2
4
17
55
123
193
231
224
173
98
43
39
90
165
221
231
193
123
55
17
4
2
1
1
1
0
0
0
0
0
0
0
0
0
1
1
2
3
11
38
98
171
223
233
195
123
63
60
116
188
230
223
171
98
38
11
3
2
1
1
0
0
0
0
0
0
0
0
0
0
1
1
1
2
7
26
74
146
210
235
211
148
89
88
144
208
233
210
147
74
26
7
2
1
1
1
0
0
0
0
0
0
0
0
0
0
1
1
1
2
5
17
54
121
191
231
223
174
122
122
173
222
231
192
121
54
17
5
2
1
1
1
0
0
0
0
0
0
0
0
0
0
0
1
1
1
3
11
38
96
169
222
232
201
162
162
201
232
222
169
96
38
11
3
1
1
1
0
0
0
0
0
0
0
0
0
0
0
0
1
1
1
2
7
25
73
145
209
236
225
203
203
225
236
209
145
73
25
7
2
1
1
1
0
0
0
0
0
0
0
0
0
0
0
0
0
1
1
2
5
17
54
120
191
233
241
234
234
241
234
193
121
54
17
5
2
1
1
0
0
0
0
0
0
0
0
0
0
0
0
0
0
1
1
2
3
11
37
94
167
222
245
248
248
246
225
172
98
39
11
3
2
1
1
0
0
0
0
0
0
0
0
0
0
0
0
0
0
1
1
1
2
7
24
70
142
207
241
250
250
242
210
147
74
26
7
3
1
1
1
0
0
0
0
0
0
0
0
0
0
0
0
0
0
0
1
1
2
4
15
50
116
187
231
246
246
232
190
120
53
16
5
2
1
1
0
0
0
0
0
0
0
0
0
0
0
0
0
0
0
0
1
1
1
3
9
34
88
158
207
226
227
209
161
91
36
10
3
1
1
1
0
0
0
0
0
0
0
0
0
0
0
0
0
0
0
0
0
1
1
2
5
20
58
113
157
176
177
160
117
61
21
6
2
1
1
0
0
0
0
0
0
0
0
0
0
0
0
0
0
0
0
0
0
1
1
1
3
9
29
62
90
104
105
93
65
32
10
3
1
1
1
0
0
0
0
0
0
0
0
0
0
0
0
0
0
0
0
0
0
0
0
0
0
0
0
0
0
0
0
0
0
0
0
0
0
0
0
0
0
0
0
0
0
0
0
0
0
0
0
0
0
0
0
0
0
0
0
0
0
0
0
0
0
0
0
0
0
0
0
0
0
0
0
0
0
0
0
0
0
0
0
0
