31
42
0
0
0
0
0
0
0
0
0
0
0
0
0
0
0
0
0
0
0
0
0
0
0
0
0
0
0
0
0
0
0
0
0
0
0
0
0
0
0
0
0
0
0
0
0
0
0
0
0
0
0
0
0
0
0
0
0
0
0
0
0
0
0
0
46
67
71
56
31
11
3
1
1
1
0
0
0
0
0
0
0
1
1
1
3
11
30
56
71
67
46
0
0
0
0
91
133
142
116
66
24
6
1
1
1
0
0
0
0
0
0
0
1
1
2
6
25
67
116
143
133
90
0
0
0
0
120
181
200
169
104
41
10
2
1
1
0
0
0
0
0
0
0
1
1
2
12
44
107
171
200
180
118
0
0
0
0
121
193
224
201
134
60
17
3
1
1
1
0
0
0
0
0
1
1
1
4
20
66
140
205
224
191
118
0
0
0
0
103
181
225
217
159
81
27
6
1
1
1
0
0
0
0
0
1
1
2
7
30
88
167
221
225
178
100
0
0
0
0
82
161
219
227
183
107
41
10
2
1
1
0
0
0
0
0
1
1
2
11
43
111
188
229
217
157
78
0
0
0
0
62
138
207
232
204
133
59
16
3
1
1
1
0
0
0
1
1
1
3
17
59
135
205
231
202
131
57
0
0
0
0
45
113
189
230
218
157
79
25
5
2
1
1
0
0
0
1
1
1
6
25
79
158
218
227
183
105
39
0
0
0
0
30
88
166
222
227
179
100
37
9
2
1
1
0
0
0
1
1
2
9
38
102
180
227
220
161
82
27
0
0
0
0
19
65
141
209
231
198
125
53
14
3
1
1
1
0
1
1
1
3
15
55
128
200
231
206
137
62
18
0
0
0
0
12
46
115
191
229
214
151
73
23
5
1
1
1
0
1
1
2
5
24
75
154
216
229
188
111
44
11
0
0
0
0
7
31
90
168
222
225
175
96
34
8
2
1
1
0
1
1
2
8
35
97
176
226
221
165
87
29
7
0
0
0
0
4
20
67
143
210
230
195
119
48
12
3
1
1
1
1
1
3
12
48
119
195
229
208
140
64
19
4
0
0
0
0
3
12
47
117
192
229
209
142
65
19
4
1
1
1
1
1
4
18
65
142
209
228
189
113
45
12
2
0
0
0
0
2
7
32
91
169
222
220
165
86
29
7
2
1
1
1
2
6
28
84
164
220
221
166
87
30
7
2
0
0
0
0
1
4
20
67
144
210
227
188
112
44
11
2
1
1
1
2
10
41
108
185
226
209
143
66
19
4
1
0
0
0
0
1
3
12
48
118
192
228
206
138
62
18
3
1
1
1
3
16
59
134
203
227
192
118
47
12
2
1
0
0
0
0
1
2
7
32
92
170
222
218
161
82
26
5
1
1
1
5
26
81
159
217
221
170
92
32
7
2
1
0
0
0
0
1
1
4
20
68
145
210
225
181
103
38
9
2
1
2
9
38
103
181
224
210
145
68
20
4
1
1
0
0
0
0
1
1
2
12
48
119
193
225
198
125
52
13
3
1
3
13
52
125
198
225
194
119
49
12
2
1
1
0
0
0
0
1
1
2
7
33
93
172
220
211
149
71
21
4
2
4
20
69
147
211
220
172
94
33
7
2
1
1
0
0
0
0
1
1
1
4
21
70
147
210
221
173
94
33
7
2
7
31
91
170
219
210
147
70
21
4
1
1
1
0
0
0
0
0
1
1
3
13
51
123
196
225
194
120
49
12
4
12
46
116
191
223
195
122
50
13
3
1
1
0
0
0
0
0
0
1
1
2
8
36
99
177
223
210
144
66
19
6
19
65
142
208
220
173
96
34
8
2
1
1
0
0
0
0
0
0
1
1
2
5
24
76
153
213
219
167
86
29
10
28
86
166
218
211
149
72
22
5
1
1
1
0
0
0
0
0
0
1
1
1
3
15
54
127
198
223
187
110
42
17
41
108
186
223
197
125
52
14
3
1
1
1
0
0
0
0
0
0
1
1
1
2
9
38
102
179
222
204
136
61
29
57
131
202
221
179
101
37
9
2
1
1
0
0
0
0
0
0
0
0
1
1
2
6
25
78
156
214
217
162
85
47
79
155
214
214
156
78
25
6
2
1
1
0
0
0
0
0
0
0
0
1
1
1
4
16
57
130
201
223
184
111
71
106
179
221
200
130
57
16
4
1
1
1
0
0
0
0
0
0
0
0
0
1
1
3
10
40
105
182
222
202
140
103
138
200
222
182
105
40
10
3
1
1
0
0
0
0
0
0
0
0
0
0
1
1
2
6
27
81
159
216
216
172
142
172
216
215
159
81
27
6
2
1
1
0
0
0
0
0
0
0
0
0
0
1
1
1
4
18
60
134
203
226
205
187
205
226
203
134
60
18
4
1
1
1
0
0
0
0
0
0
0
0
0
0
0
1
1
3
11
42
109
185
228
231
224
231
229
186
109
43
11
3
1
1
0
0
0
0
0
0
0
0
0
0
0
0
1
1
2
7
29
84
162
221
243
244
243
223
166
86
30
7
2
1
1
0
0
0
0
0
0
0
0
0
0
0
0
1
1
2
4
18
61
136
206
241
249
242
209
141
65
20
5
2
1
1
0
0
0
0
0
0
0
0
0
0
0
0
1
1
1
3
11
43
109
185
230
243
231
188
113
45
12
3
1
1
1
0
0
0
0
0
0
0
0
0
0
0
0
0
1
1
2
7
28
80
151
199
215
201
154
83
29
7
2
1
1
0
0
0
0
0
0
0
0
0
0
0
0
0
0
1
1
1
3
15
49
100
139
153
141
103
51
16
4
1
1
1
0
0
0
0
0
0
0
0
0
0
0
0
0
0
0
0
0
0
0
0
0
0
0
0
0
0
0
0
0
0
0
0
0
0
0
0
0
0
0
0
0
0
0
0
0
0
0
0
0
0
0
0
0
0
0
0
0
0
0
0
0
0
0
0
0
0
0
0
0
