26
35
0
0
0
0
0
0
0
0
0
0
0
0
0
0
0
0
0
0
0
0
0
0
0
0
0
0
0
0
0
0
0
0
0
0
0
0
0
0
0
0
0
0
0
0
0
0
0
0
0
0
0
0
0
0
115
131
105
55
17
4
1
1
1
0
0
0
0
1
1
1
4
18
55
105
131
114
0
0
0
0
162
193
162
92
32
7
2
1
1
0
0
0
0
1
1
2
8
35
95
165
193
161
0
0
0
0
168
216
196
124
50
12
3
1
1
1
0
0
1
1
1
3
14
54
130
200
215
166
0
0
0
0
149
213
214
152
71
21
4
1
1
1
0
0
1
1
2
5
22
75
158
216
211
146
0
0
0
0
124
200
223
179
97
33
7
2
1
1
0
0
1
1
2
7
34
99
180
222
195
118
0
0
0
0
98
180
223
199
123
49
12
2
1
1
0
1
1
1
3
12
49
124
199
220
173
91
0
0
0
0
72
153
215
213
149
68
19
4
1
1
1
1
1
1
4
20
70
151
213
213
149
67
0
0
0
0
49
125
200
221
174
92
30
6
2
1
1
1
1
2
7
32
95
176
221
198
122
47
0
0
0
0
32
97
179
221
196
119
46
11
2
1
1
1
1
2
11
47
121
197
221
176
94
31
0
0
0
0
20
71
153
214
211
145
64
17
3
1
1
1
1
3
17
65
146
211
212
150
69
19
0
0
0
0
12
49
125
199
218
169
86
27
5
1
1
1
1
5
26
86
169
217
196
121
47
11
0
0
0
0
6
32
96
177
219
190
112
41
9
2
1
1
2
8
40
110
189
217
175
93
30
6
0
0
0
0
3
19
70
151
212
207
141
61
16
3
1
1
2
15
58
137
205
211
150
69
19
3
0
0
0
0
2
11
48
123
197
216
166
84
25
4
1
1
4
24
82
164
215
197
123
48
11
2
0
0
0
0
1
6
31
95
176
217
187
107
37
7
2
2
7
37
106
186
217
176
95
31
6
1
0
0
0
0
1
3
19
69
151
210
202
131
53
12
2
2
12
53
131
202
210
151
70
19
3
1
0
0
0
0
1
2
12
48
122
196
211
157
75
21
4
4
20
72
155
210
195
123
48
12
2
1
0
0
0
0
1
2
7
32
95
176
215
181
101
34
7
7
32
97
178
213
175
95
32
7
2
1
0
0
0
0
1
1
4
21
71
152
211
200
128
51
12
12
50
125
197
208
150
70
20
4
1
1
0
0
0
0
1
1
3
13
51
126
198
210
153
70
21
21
70
152
209
195
122
48
12
3
1
1
0
0
0
0
1
1
2
8
34
98
177
213
176
94
34
34
93
175
212
176
96
32
7
2
1
1
0
0
0
0
1
1
2
5
21
72
153
209
195
123
55
52
118
193
208
152
72
21
5
2
1
1
0
0
0
0
1
1
1
3
13
50
125
197
208
151
82
79
145
205
196
125
50
13
3
1
1
1
0
0
0
0
0
1
1
2
8
34
98
177
212
176
115
113
172
210
177
98
34
8
2
1
1
0
0
0
0
0
0
1
1
1
4
21
72
153
208
197
154
153
196
207
153
72
21
4
1
1
1
0
0
0
0
0
0
0
1
1
3
13
50
126
197
215
197
197
215
197
126
51
13
3
1
1
0
0
0
0
0
0
0
0
1
1
2
7
34
98
178
224
230
230
225
180
99
34
7
2
1
1
0
0
0
0
0
0
0
0
1
1
1
4
21
72
154
218
243
244
220
157
75
22
4
1
1
1
0
0
0
0
0
0
0
0
0
1
1
2
12
50
125
200
237
238
202
128
52
13
2
1
1
0
0
0
0
0
0
0
0
0
0
1
1
1
6
31
92
164
206
207
166
94
33
7
1
1
1
0
0
0
0
0
0
0
0
0
0
0
1
1
3
16
53
104
137
139
107
56
17
3
1
1
0
0
0
0
0
0
0
0
0
0
0
0
0
0
0
0
0
0
0
0
0
0
0
0
0
0
0
0
0
0
0
0
0
0
0
0
0
0
0
0
0
0
0
0
0
0
0
0
0
0
0
0
0
0
0
0
0
0
