35
38
0
0
0
0
0
0
0
0
0
0
0
0
0
0
0
0
0
0
0
0
0
0
0
0
0
0
0
0
0
0
0
0
0
0
0
0
0
0
0
0
0
0
0
0
0
0
0
0
0
0
0
0
0
0
0
0
0
0
0
0
0
0
0
0
0
0
0
0
0
0
0
0
0
0
1
1
1
1
2
3
8
14
24
38
53
62
64
64
64
62
56
42
28
18
10
5
2
1
1
1
1
0
0
0
0
0
0
0
1
1
1
1
3
7
18
36
58
81
107
131
145
149
149
149
147
137
115
89
67
45
25
12
5
2
1
1
1
0
0
0
0
0
1
1
1
1
4
12
31
63
100
136
164
188
205
213
215
215
215
214
208
193
173
148
117
80
46
21
7
2
1
1
1
0
0
0
0
1
1
1
4
15
42
86
136
179
207
221
225
222
217
214
214
214
215
218
222
222
214
193
158
112
64
27
8
2
1
1
0
0
0
0
1
1
4
17
48
99
156
202
226
229
218
196
171
153
146
145
145
148
159
181
204
220
226
216
183
130
72
28
8
2
1
0
0
0
0
1
3
14
46
102
165
211
230
223
195
158
121
88
67
60
59
59
62
74
100
131
166
202
226
224
191
132
68
24
6
2
0
0
0
0
2
9
35
91
160
213
231
216
176
125
80
48
28
17
14
13
14
15
21
34
55
89
139
192
226
225
186
118
52
15
3
0
0
0
0
5
23
70
141
204
231
217
170
109
58
27
12
6
3
2
2
2
2
4
8
15
33
74
136
197
230
218
162
85
29
6
0
0
0
0
12
45
112
185
228
226
181
112
53
20
7
3
1
1
1
1
1
1
1
2
4
10
32
83
156
212
224
187
113
44
10
0
0
0
0
22
72
150
215
234
205
136
65
21
6
2
1
1
1
1
0
1
1
1
1
2
3
13
48
110
170
194
173
114
49
12
0
0
0
0
35
100
180
229
227
175
96
35
8
2
1
1
1
0
0
0
0
0
0
1
1
2
6
23
61
102
122
113
78
35
9
0
0
0
0
52
127
202
234
212
144
66
19
4
1
1
1
0
0
0
0
0
0
0
1
1
1
2
8
22
38
46
44
31
14
4
0
0
0
0
71
153
218
234
195
116
44
10
2
1
1
0
0
0
0
1
1
1
1
1
1
1
1
2
5
8
10
9
7
3
1
0
0
0
0
87
171
227
230
178
94
31
6
1
1
1
0
0
0
0
1
1
1
2
2
2
2
2
2
2
3
3
3
2
1
1
0
0
0
0
97
181
231
225
165
80
23
4
1
1
1
0
0
1
1
1
2
5
8
9
10
10
10
10
10
10
10
10
8
5
2
0
0
0
0
102
186
232
221
156
72
20
4
1
1
0
0
1
1
1
2
9
22
36
43
44
44
44
44
44
44
44
42
36
22
9
0
0
0
0
105
188
233
219
151
67
18
3
1
1
0
0
1
1
1
5
24
61
99
116
120
121
121
121
121
121
120
116
97
60
23
0
0
0
0
105
188
233
219
151
67
18
3
1
1
0
0
1
1
1
9
40
102
165
195
202
202
202
202
203
202
202
195
163
100
39
0
0
0
0
102
186
232
221
156
72
20
3
1
1
0
0
1
1
1
9
44
113
183
216
224
225
225
225
228
234
239
233
195
119
46
0
0
0
0
96
180
231
225
165
80
24
4
1
1
1
0
1
1
1
7
33
86
139
164
170
170
171
173
185
210
236
239
202
123
47
0
0
0
0
84
168
226
230
178
95
32
6
1
1
1
0
1
1
1
3
15
39
62
74
76
76
77
82
107
161
216
235
202
123
47
0
0
0
0
68
149
216
234
197
119
47
11
2
1
1
0
1
1
1
1
4
10
15
18
18
19
19
26
60
131
205
233
202
123
47
0
0
0
0
51
126
202
235
215
148
69
20
4
1
1
1
0
0
1
1
1
1
2
2
2
3
4
11
47
123
202
233
202
123
47
0
0
0
0
35
99
180
230
229
178
100
38
10
3
1
1
1
0
0
1
1
1
1
1
1
2
3
12
49
126
203
233
202
123
47
0
0
0
0
22
72
150
215
235
207
142
71
25
7
2
1
1
1
1
1
1
1
1
1
1
2
6
20
65
141
211
235
202
123
47
0
0
0
0
12
45
112
185
229
228
187
121
59
22
7
3
2
1
1
1
1
1
1
2
3
7
19
50
106
176
227
238
202
123
47
0
0
0
0
5
23
69
140
203
232
221
176
114
60
28
13
6
3
2
2
2
2
4
7
14
29
60
108
166
215
242
241
202
123
47
0
0
0
0
2
9
34
87
155
209
231
219
179
126
81
50
30
18
14
13
14
15
21
34
55
85
128
175
212
233
245
241
202
123
47
0
0
0
0
1
3
13
42
95
159
208
230
223
195
159
124
91
69
60
59
59
62
74
100
131
164
195
212
211
212
228
235
201
123
47
0
0
0
0
1
1
4
14
44
94
152
199
224
229
218
199
174
155
146
145
145
148
159
181
203
217
216
192
160
157
193
222
198
122
46
0
0
0
0
1
1
1
4
14
40
82
132
176
206
221
225
222
217
214
214
214
215
218
222
220
207
176
129
89
95
148
193
180
112
43
0
0
0
0
1
1
1
1
4
11
29
60
98
135
163
185
203
213
215
215
215
214
208
193
170
140
101
60
35
48
96
135
129
81
31
0
0
0
0
0
1
1
1
1
3
7
17
35
57
79
104
129
144
149
149
149
147
137
115
87
61
37
18
10
19
42
62
61
38
15
0
0
0
0
0
0
1
1
1
1
2
3
8
14
23
36
51
61
64
64
64
62
56
42
27
16
8
4
2
5
11
17
16
10
4
0
0
0
0
0
0
0
0
0
0
0
0
0
0
0
0
0
0
0
0
0
0
0
0
0
0
0
0
0
0
0
0
0
0
0
0
0
0
0
0
0
0
0
0
0
0
0
0
0
0
0
0
0
0
0
0
0
0
0
0
0
0
0
0
0
0
0
0
0
0
0
0
