41
44
0
0
0
0
0
0
0
0
0
0
0
0
0
0
0
0
0
0
0
0
0
0
0
0
0
0
0
0
0
0
0
0
0
0
0
0
0
0
0
0
0
0
0
0
0
0
0
0
0
0
0
0
0
0
0
0
0
0
0
0
0
0
0
0
0
0
0
0
0
0
0
0
0
0
0
0
0
0
0
0
0
0
0
0
0
0
0
1
1
1
1
2
3
6
11
19
28
42
59
73
78
80
80
80
79
77
68
52
36
25
16
10
5
3
2
1
1
1
1
0
0
0
0
0
0
0
1
1
1
1
1
2
5
12
24
42
62
83
106
131
149
157
158
158
159
158
155
142
120
96
76
57
37
21
10
5
2
1
1
1
1
0
0
0
0
0
1
1
1
1
1
3
7
20
41
71
103
134
159
181
200
213
218
218
218
218
218
216
208
193
173
152
127
96
64
37
17
7
2
1
1
1
1
0
0
0
0
1
1
1
1
3
10
27
57
98
141
176
202
218
227
231
231
229
228
228
228
228
229
230
229
223
214
196
169
132
91
52
24
8
3
1
1
1
0
0
0
0
1
1
2
4
12
32
69
117
165
203
226
235
234
225
211
196
187
184
183
184
184
188
198
213
225
231
231
221
197
159
110
62
27
9
3
1
1
0
0
0
0
1
2
4
11
33
75
128
179
216
235
237
225
204
178
149
124
110
106
105
106
106
112
127
152
178
200
220
233
232
212
172
117
64
26
8
3
1
0
0
0
0
1
3
9
29
71
130
185
222
237
232
211
177
140
106
76
53
42
39
38
38
39
43
55
78
104
134
171
207
231
235
216
174
114
58
21
6
2
0
0
0
0
2
6
22
60
119
181
223
238
229
201
157
110
70
44
26
15
10
9
9
9
9
11
16
27
42
65
104
154
201
230
236
214
164
98
43
13
4
0
0
0
0
4
14
44
100
166
216
237
230
198
147
94
51
25
13
7
4
2
2
2
2
2
3
4
7
12
23
49
94
152
205
234
233
200
138
70
25
6
0
0
0
0
8
28
76
143
203
235
235
206
151
91
44
19
8
4
2
2
1
1
1
1
1
1
2
2
4
7
19
49
104
170
219
236
219
168
97
39
10
0
0
0
0
14
48
110
180
227
240
221
170
104
48
18
6
3
2
1
1
1
1
1
1
1
1
1
1
2
3
7
24
66
132
191
220
215
177
112
49
14
0
0
0
0
23
70
141
206
238
235
198
132
65
23
7
3
1
1
1
1
1
0
0
0
0
1
1
1
1
2
3
12
40
90
142
171
174
149
99
46
14
0
0
0
0
36
94
168
222
241
223
170
98
40
11
3
1
1
1
1
0
0
0
0
0
0
0
0
1
1
1
2
6
20
47
79
99
102
89
61
29
9
0
0
0
0
51
118
189
233
238
207
142
71
24
6
2
1
1
1
0
0
0
0
0
0
0
0
0
0
1
1
1
2
7
17
28
36
38
33
23
11
4
0
0
0
0
69
142
207
239
233
189
117
50
15
3
1
1
1
0
0
0
0
0
1
1
1
1
1
1
1
1
1
1
2
4
6
8
8
7
5
3
1
0
0
0
0
85
161
219
241
225
171
96
36
9
2
1
1
1
0
0
0
0
0
1
1
1
1
1
2
2
2
2
2
2
2
2
2
2
2
2
1
1
0
0
0
0
96
172
226
241
218
157
81
28
7
2
1
1
1
0
0
0
0
1
1
1
2
3
3
4
4
4
4
4
4
4
4
4
4
4
3
2
1
0
0
0
0
102
178
229
241
212
147
71
23
5
2
1
1
0
0
0
0
1
1
1
2
6
10
14
15
15
15
15
15
15
15
15
15
15
14
12
8
4
0
0
0
0
105
181
230
239
208
140
65
20
4
1
1
1
0
0
0
1
1
1
2
7
19
36
49
54
55
55
55
55
55
55
55
55
54
52
44
28
13
0
0
0
0
108
183
231
239
205
136
62
18
4
1
1
1
0
0
0
1
1
1
4
16
45
83
113
125
128
128
128
128
128
128
128
128
127
121
102
66
29
0
0
0
0
108
183
231
239
205
136
62
18
4
1
1
1
0
0
0
1
1
1
5
24
70
131
179
198
202
202
202
202
203
203
203
202
201
191
160
103
46
0
0
0
0
105
181
230
239
208
140
65
20
4
1
1
1
0
0
0
1
1
1
6
28
81
152
207
230
234
234
235
235
235
236
238
240
239
228
191
122
54
0
0
0
0
101
178
229
240
212
147
71
23
5
2
1
1
0
0
0
1
1
1
5
24
71
135
184
204
208
208
208
208
210
215
227
240
247
238
198
126
55
0
0
0
0
94
170
225
241
218
157
81
28
7
2
1
1
1
0
0
1
1
1
3
16
45
85
116
129
131
132
132
132
135
150
182
219
241
238
199
126
55
0
0
0
0
81
156
217
241
226
173
98
38
10
2
1
1
1
0
0
1
1
1
2
6
18
33
45
50
51
51
52
52
58
82
135
195
234
237
199
127
55
0
0
0
0
65
138
205
238
234
192
121
53
16
4
2
1
1
0
0
0
0
1
1
2
4
7
10
11
11
11
12
12
19
49
112
184
231
236
199
127
55
0
0
0
0
50
116
188
233
240
210
147
74
25
6
2
1
1
1
0
0
0
0
1
1
1
1
2
2
2
2
3
4
11
42
107
182
230
236
199
127
55
0
0
0
0
35
93
167
223
242
225
174
102
42
12
4
2
1
1
1
0
0
0
1
1
1
1
1
1
1
1
2
3
11
42
107
182
230
236
199
127
55
0
0
0
0
23
70
142
206
238
236
201
137
71
27
8
3
2
1
1
1
1
1
1
1
1
1
1
1
1
1
2
4
14
49
115
187
232
236
199
127
55
0
0
0
0
14
48
111
180
227
241
224
177
112
55
20
7
3
2
1
1
1
1
1
1
1
1
1
1
1
2
4
10
29
72
138
202
237
237
199
127
55
0
0
0
0
8
28
76
143
203
235
237
212
161
99
49
20
8
4
3
2
1
1
1
1
1
1
1
2
3
6
13
30
64
117
177
223
244
238
199
127
55
0
0
0
0
4
14
44
99
164
214
237
233
204
154
98
53
26
14
8
4
3
2
2
2
2
3
4
7
11
21
41
75
122
174
216
241
249
239
199
127
55
0
0
0
0
2
6
21
57
114
175
219
237
232
204
160
111
71
45
28
17
11
9
9
9
9
11
16
27
41
63
97
139
182
216
236
246
249
239
199
127
55
0
0
0
0
1
3
8
26
65
121
178
218
236
233
212
178
141
109
80
57
43
39
38
38
39
43
55
78
104
133
166
198
218
223
224
232
242
237
198
127
55
0
0
0
0
1
1
3
10
29
67
121
175
214
234
236
225
205
181
154
128
112
106
105
106
106
112
127
152
178
199
217
223
211
187
178
198
226
233
198
126
55
0
0
0
0
1
1
1
3
10
28
64
113
161
200
224
234
234
227
214
198
188
184
183
184
184
188
198
213
225
229
223
203
165
125
118
155
204
223
194
125
55
0
0
0
0
1
1
1
1
3
9
25
54
94
136
174
201
218
226
230
231
229
228
228
228
228
229
230
229
222
208
183
146
100
65
67
113
170
197
174
113
50
0
0
0
0
0
1
1
1
1
3
7
18
39
68
102
134
158
178
197
211
217
218
218
218
218
216
208
192
171
145
114
77
44
25
34
72
118
141
126
82
36
0
0
0
0
0
1
1
1
1
1
2
5
11
23
41
62
81
102
127
147
156
158
158
159
158
155
143
120
94
71
49
28
14
8
14
34
57
70
63
41
18
0
0
0
0
0
0
0
1
1
1
1
2
3
6
11
19
27
40
57
71
78
80
80
80
79
77
68
52
35
23
14
7
3
2
4
10
18
22
20
13
6
0
0
0
0
0
0
0
0
0
0
0
0
0
0
0
0
0
0
0
0
0
0
0
0
0
0
0
0
0
0
0
0
0
0
0
0
0
0
0
0
0
0
0
0
0
0
0
0
0
0
0
0
0
0
0
0
0
0
0
0
0
0
0
0
0
0
0
0
0
0
0
0
0
0
0
0
0
0
0
0
0
0
0
0
