41
38
0
0
0
0
0
0
0
0
0
0
0
0
0
0
0
0
0
0
0
0
0
0
0
0
0
0
0
0
0
0
0
0
0
0
0
0
0
0
0
0
0
0
0
0
0
0
0
0
0
0
0
0
0
0
0
0
0
0
0
0
0
0
0
0
0
0
0
0
0
0
0
0
0
0
0
0
0
0
0
0
0
0
0
0
0
0
0
1
1
1
1
2
3
6
11
17
25
37
50
61
65
66
66
66
66
64
57
44
31
22
15
9
5
3
1
1
1
1
1
0
0
0
0
0
0
0
1
1
1
1
1
3
7
15
27
44
63
81
102
124
140
147
148
148
148
148
145
134
115
93
75
58
40
24
13
6
3
1
1
1
1
0
0
0
0
0
1
1
1
1
2
4
12
27
52
81
112
140
162
181
197
207
211
212
211
211
211
210
203
190
174
156
134
105
74
47
25
11
4
1
1
1
1
0
0
0
0
1
1
1
2
7
18
42
77
119
158
188
208
218
222
220
215
212
210
210
210
210
212
215
219
219
215
203
182
150
112
72
37
15
5
2
1
1
0
0
0
0
1
1
3
8
24
55
99
147
189
216
228
226
216
199
178
159
148
144
144
144
145
149
161
180
199
213
222
224
211
183
140
91
47
19
6
2
1
0
0
0
0
1
3
8
25
61
113
166
206
227
230
216
189
158
128
100
77
65
61
61
61
62
66
79
102
127
153
183
212
228
225
200
155
100
50
18
5
2
0
0
0
0
2
7
22
58
114
173
215
232
226
200
161
118
81
55
36
23
17
15
15
15
16
18
24
37
53
76
112
158
201
227
230
206
157
94
42
13
4
0
0
0
0
5
17
49
105
168
215
235
225
191
141
91
53
28
15
9
5
3
2
2
2
3
3
5
9
15
26
50
92
148
200
230
231
199
139
73
26
7
0
0
0
0
10
35
87
153
209
235
230
194
137
80
39
17
7
4
2
1
1
1
1
1
1
1
1
2
4
7
17
44
94
158
209
229
215
168
100
41
11
0
0
0
0
19
59
126
192
231
237
209
151
86
37
13
5
2
1
1
1
1
1
0
1
1
1
1
1
1
3
6
19
54
111
165
193
191
160
103
47
14
0
0
0
0
32
87
159
217
239
226
178
109
49
16
5
2
1
1
1
1
0
0
0
0
0
0
1
1
1
1
3
8
26
61
98
121
123
107
72
34
10
0
0
0
0
50
116
186
231
238
208
145
75
27
7
2
1
1
1
1
0
0
0
0
0
0
0
0
1
1
1
1
3
9
23
38
48
50
44
30
15
5
0
0
0
0
70
143
207
238
232
187
116
50
15
4
1
1
1
0
0
0
0
0
1
1
1
1
1
1
1
1
1
1
3
5
9
11
12
10
7
4
1
0
0
0
0
87
163
221
241
223
167
92
34
9
2
1
1
1
0
0
0
0
0
1
1
1
2
2
2
2
2
2
2
2
3
3
3
3
3
3
2
1
0
0
0
0
98
175
227
241
215
153
77
26
6
2
1
1
1
0
0
0
1
1
1
2
4
7
10
11
11
11
11
11
11
11
11
11
11
11
9
6
3
0
0
0
0
104
180
230
240
209
143
67
21
5
2
1
1
0
0
0
1
1
1
2
6
16
30
41
45
46
46
46
46
46
46
46
46
46
44
37
24
11
0
0
0
0
107
183
231
239
206
137
63
18
4
1
1
1
0
0
0
1
1
1
3
15
42
79
107
118
121
121
121
121
121
121
121
121
120
115
96
62
28
0
0
0
0
107
183
231
239
206
137
63
18
4
1
1
1
0
0
0
1
1
1
5
24
69
129
176
195
198
199
199
199
199
200
200
200
199
190
159
102
45
0
0
0
0
104
180
230
240
209
143
67
21
5
2
1
1
0
0
0
1
1
1
6
26
76
143
194
216
220
220
221
221
221
224
230
236
238
228
190
122
54
0
0
0
0
97
174
227
241
215
153
77
26
6
2
1
1
1
0
0
1
1
1
4
20
58
109
148
165
168
168
169
169
171
181
203
228
243
237
198
126
55
0
0
0
0
84
160
219
241
223
168
93
35
9
2
1
1
1
0
0
1
1
1
2
10
27
51
69
77
78
78
79
79
84
105
150
203
236
237
199
126
55
0
0
0
0
67
139
205
238
233
190
119
53
16
4
2
1
1
0
0
1
1
1
1
3
8
14
18
20
20
21
21
22
28
57
117
187
232
236
199
127
55
0
0
0
0
49
114
186
231
239
211
150
78
28
8
2
1
1
1
1
0
0
1
1
1
1
2
3
3
3
3
4
5
12
43
108
182
230
236
199
127
55
0
0
0
0
32
86
159
217
240
228
182
113
52
18
5
2
1
1
1
1
0
0
1
1
1
1
1
1
1
1
2
4
13
45
111
184
231
236
199
127
55
0
0
0
0
19
59
126
192
232
238
211
157
92
42
15
5
3
2
1
1
1
1
1
1
1
1
1
1
1
2
4
8
23
62
128
195
235
237
199
127
55
0
0
0
0
10
35
87
153
208
235
232
200
146
87
43
18
8
4
2
1
1
1
1
1
1
1
1
2
3
6
12
27
56
105
166
217
242
238
199
127
55
0
0
0
0
5
17
49
104
166
213
234
228
197
148
95
54
29
16
9
5
3
2
2
2
3
3
5
9
14
24
43
74
117
166
209
237
248
239
199
127
55
0
0
0
0
2
7
22
56
110
167
211
232
228
203
163
119
82
57
39
25
18
15
15
15
16
18
24
37
53
74
106
144
182
211
229
241
247
238
199
127
55
0
0
0
0
1
3
8
23
56
106
160
203
227
230
216
190
159
131
104
80
66
62
61
61
62
66
79
102
127
152
179
202
211
208
207
220
236
235
198
126
55
0
0
0
0
1
1
2
7
21
50
94
143
185
214
227
226
217
202
182
162
149
145
144
144
145
149
161
180
198
211
217
210
185
155
148
176
214
227
195
125
55
0
0
0
0
1
1
1
2
6
17
39
74
115
154
186
208
218
222
221
217
212
210
210
210
210
212
215
218
218
210
192
161
120
85
84
126
178
202
177
114
50
0
0
0
0
1
1
1
1
2
4
11
26
49
78
110
140
161
179
195
206
211
212
211
211
211
210
203
190
172
150
121
87
54
33
39
77
122
144
128
83
37
0
0
0
0
0
1
1
1
1
1
3
6
13
26
43
62
80
99
120
138
146
148
148
148
148
145
134
114
91
71
50
31
16
9
15
34
57
69
62
40
18
0
0
0
0
0
0
0
1
1
1
1
1
3
6
10
17
24
35
48
59
65
66
66
66
66
64
57
44
31
21
13
7
3
2
4
10
16
20
18
12
5
0
0
0
0
0
0
0
0
0
0
0
0
0
0
0
0
0
0
0
0
0
0
0
0
0
0
0
0
0
0
0
0
0
0
0
0
0
0
0
0
0
0
0
0
0
0
0
0
0
0
0
0
0
0
0
0
0
0
0
0
0
0
0
0
0
0
0
0
0
0
0
0
0
0
0
0
0
0
0
0
0
0
0
0
