42
48
0
0
0
0
0
0
0
0
0
0
0
0
0
0
0
0
0
0
0
0
0
0
0
0
0
0
0
0
0
0
0
0
0
0
0
0
0
0
0
0
0
0
0
0
0
0
0
0
0
0
0
0
0
0
0
0
0
0
0
0
0
0
0
0
0
0
0
0
0
0
0
0
0
0
0
0
0
0
0
0
0
0
0
0
0
0
0
0
0
0
1
1
1
1
2
4
8
16
27
41
60
82
100
107
109
109
109
108
105
93
72
51
36
24
14
7
3
2
1
1
1
1
0
0
0
0
0
0
0
0
1
1
1
1
1
2
6
15
30
52
77
101
127
154
173
181
183
183
183
182
179
166
143
116
94
71
47
26
12
5
2
1
1
1
1
0
0
0
0
0
0
1
1
1
1
1
3
8
22
46
78
115
148
174
196
214
225
230
230
230
230
230
228
221
207
188
167
140
106
71
40
19
7
2
1
1
1
1
0
0
0
0
0
1
1
1
1
3
9
26
57
101
146
183
209
225
234
237
236
235
234
234
234
234
235
236
235
230
221
204
175
137
93
52
23
8
2
1
1
1
0
0
0
0
1
1
1
1
3
10
28
63
113
164
204
228
239
239
232
219
204
195
192
192
192
193
196
206
220
232
237
235
224
198
157
106
57
23
7
2
1
1
0
0
0
0
1
1
1
3
9
27
64
118
172
213
236
241
233
216
193
164
138
123
119
118
118
119
124
140
166
192
213
230
238
233
209
164
107
55
21
6
2
1
0
0
0
0
1
1
2
6
22
58
114
173
216
237
239
225
197
162
126
93
66
52
48
47
47
48
53
68
95
125
156
190
221
238
235
210
161
100
46
15
4
2
0
0
0
0
1
2
4
14
45
100
164
214
237
238
219
183
137
93
61
37
21
14
12
12
12
12
15
23
38
59
87
129
179
218
238
234
204
147
82
32
9
3
0
0
0
0
1
3
9
30
78
144
203
235
238
218
177
125
75
40
21
11
6
3
3
3
3
3
4
6
11
19
36
71
123
179
221
239
228
186
120
56
18
5
0
0
0
0
2
5
18
55
117
183
227
240
224
182
124
70
32
13
6
3
2
2
1
1
1
2
2
2
3
6
12
31
72
132
193
231
237
211
152
81
30
8
0
0
0
0
3
9
33
86
155
212
239
234
198
137
75
32
12
5
3
2
1
1
1
1
1
1
1
1
2
3
5
13
38
90
159
214
236
223
176
105
43
12
0
0
0
0
4
15
51
116
186
231
241
218
164
95
41
14
5
2
1
1
1
1
1
0
0
1
1
1
1
1
2
6
20
60
126
187
218
216
180
116
52
15
0
0
0
0
6
24
71
144
208
239
235
197
130
62
21
6
2
1
1
1
1
0
0
0
0
0
0
1
1
1
1
3
11
38
88
140
171
174
150
101
47
14
0
0
0
0
9
35
92
167
222
241
224
172
99
40
11
3
1
1
1
1
0
0
0
0
0
0
0
0
1
1
1
2
6
20
48
81
102
105
92
63
30
9
0
0
0
0
14
49
114
187
232
239
210
146
74
25
6
2
1
1
1
0
0
0
0
0
0
0
0
0
0
1
1
1
2
8
18
32
41
42
37
26
13
4
0
0
0
0
20
64
136
203
238
235
194
123
55
16
4
1
1
1
0
0
0
0
0
0
1
1
1
1
1
1
1
1
1
2
5
8
10
10
9
7
3
1
0
0
0
0
27
79
155
216
241
228
178
103
41
11
3
1
1
1
0
0
0
0
0
1
1
1
1
1
1
1
1
1
1
1
2
2
2
2
2
2
1
1
0
0
0
0
33
91
168
224
242
221
163
87
31
7
2
1
1
1
0
0
0
0
0
1
1
1
2
2
2
2
2
2
2
2
2
2
3
3
3
2
2
1
0
0
0
0
38
99
176
228
241
215
152
76
25
6
2
1
1
0
0
0
0
0
1
1
1
2
4
5
5
5
5
5
5
5
5
5
5
5
5
4
3
2
0
0
0
0
40
103
179
229
240
211
145
69
22
5
2
1
1
0
0
0
0
1
1
1
3
7
12
17
18
19
19
19
19
19
19
19
19
19
18
15
10
5
0
0
0
0
42
106
181
230
239
207
139
64
19
4
1
1
1
0
0
0
1
1
1
2
8
21
40
54
60
61
61
61
61
61
61
61
61
61
58
49
31
14
0
0
0
0
43
108
184
231
238
205
135
61
18
4
1
1
1
0
0
0
1
1
1
4
16
46
86
117
130
132
132
133
133
133
133
133
132
132
126
105
68
30
0
0
0
0
43
108
184
231
238
205
135
61
18
4
1
1
1
0
0
0
1
1
1
5
24
71
132
180
199
203
203
203
203
203
203
203
203
202
193
161
104
46
0
0
0
0
42
106
182
230
239
207
139
64
19
4
1
1
1
0
0
0
1
1
1
6
28
83
155
211
234
239
239
239
239
239
240
240
241
239
229
191
123
54
0
0
0
0
40
103
179
229
240
211
145
69
22
5
2
1
1
0
0
0
1
1
1
6
27
79
148
201
223
228
228
228
229
229
232
238
245
248
238
198
126
55
0
0
0
0
37
98
175
227
241
215
152
76
25
6
2
1
1
0
0
0
1
1
1
4
20
58
110
150
166
169
169
170
170
172
182
204
229
244
238
198
126
55
0
0
0
0
32
89
165
222
241
221
163
87
31
8
2
1
1
1
0
0
1
1
1
2
10
29
55
75
83
84
84
85
85
89
110
154
205
237
237
199
126
55
0
0
0
0
25
75
150
213
240
229
180
105
42
11
3
1
1
1
0
0
1
1
1
1
3
9
17
22
25
25
25
25
26
32
60
119
188
232
236
199
127
55
0
0
0
0
18
61
132
201
238
236
197
128
58
18
4
2
1
1
0
0
0
0
1
1
1
2
3
4
4
5
5
5
6
13
43
108
182
230
236
199
127
55
0
0
0
0
13
47
113
186
232
241
213
151
78
27
7
2
1
1
1
0
0
0
0
1
1
1
1
2
2
2
2
2
3
11
41
107
182
230
236
199
127
55
0
0
0
0
9
35
92
167
222
242
226
175
102
42
12
3
2
1
1
1
0
0
0
1
1
1
1
1
1
1
1
2
3
11
42
107
182
230
236
199
127
55
0
0
0
0
6
24
71
144
208
239
236
199
134
67
24
7
3
1
1
1
1
0
0
1
1
1
1
1
1
1
1
2
4
13
46
112
186
231
236
199
127
55
0
0
0
0
4
15
51
117
186
231
241
221
170
103
47
16
5
3
2
1
1
1
1
0
0
1
1
1
1
1
2
4
8
23
64
131
198
236
237
199
127
55
0
0
0
0
3
9
33
86
155
213
239
236
204
147
84
37
13
5
3
2
1
1
1
1
1
1
1
1
1
2
4
8
20
50
101
165
217
242
238
199
127
55
0
0
0
0
2
5
18
55
117
182
226
241
229
190
132
74
34
14
6
4
2
2
1
1
1
2
2
2
3
5
11
24
51
96
153
204
236
248
239
199
127
55
0
0
0
0
1
3
9
30
77
141
199
233
239
222
182
128
77
41
22
12
6
4
3
3
3
3
4
6
11
19
34
62
105
155
201
233
247
250
239
199
127
55
0
0
0
0
1
2
4
14
42
94
157
208
235
239
221
184
138
94
63
40
24
15
12
12
12
12
15
23
38
58
85
123
167
204
228
239
245
248
238
199
127
55
0
0
0
0
1
1
2
6
19
52
105
165
212
236
239
225
197
163
130
97
70
53
48
47
47
48
53
68
95
125
155
187
214
225
222
218
226
239
236
198
126
55
0
0
0
0
1
1
1
2
7
23
57
111
167
210
234
241
233
217
196
168
142
125
119
118
118
119
124
140
166
192
212
227
228
210
181
170
191
223
232
198
126
55
0
0
0
0
1
1
1
1
3
8
25
59
109
160
200
226
238
239
233
221
207
196
193
192
192
193
196
206
220
231
235
228
205
163
121
113
152
204
224
195
125
55
0
0
0
0
0
1
1
1
1
3
9
24
54
96
141
180
209
225
233
237
237
235
234
234
234
234
235
236
235
229
216
190
151
102
65
67
115
175
203
179
116
51
0
0
0
0
0
0
1
1
1
1
3
8
20
42
75
113
147
173
193
211
224
229
230
230
230
230
228
221
207
186
160
126
86
49
27
36
79
129
154
138
90
40
0
0
0
0
0
0
1
1
1
1
1
2
6
14
29
51
77
100
124
150
171
180
183
183
183
182
179
166
143
115
88
61
35
17
9
17
42
71
87
78
51
23
0
0
0
0
0
0
0
0
1
1
1
1
2
4
8
16
27
40
57
79
97
107
109
109
109
108
105
93
73
50
33
20
10
5
3
6
15
26
32
29
19
8
0
0
0
0
0
0
0
0
0
0
0
0
0
0
0
0
0
0
0
0
0
0
0
0
0
0
0
0
0
0
0
0
0
0
0
0
0
0
0
0
0
0
0
0
0
0
0
0
0
0
0
0
0
0
0
0
0
0
0
0
0
0
0
0
0
0
0
0
0
0
0
0
0
0
0
0
0
0
0
0
0
0
0
0
0
0
