35
44
0
0
0
0
0
0
0
0
0
0
0
0
0
0
0
0
0
0
0
0
0
0
0
0
0
0
0
0
0
0
0
0
0
0
0
0
0
0
0
0
0
0
0
0
0
0
0
0
0
0
0
0
0
0
0
0
0
0
0
0
0
0
0
0
0
0
0
0
0
0
0
0
0
0
1
1
1
1
2
5
10
18
30
47
65
76
79
79
79
77
69
53
35
22
13
6
3
2
1
1
1
0
0
0
0
0
0
0
1
1
1
1
3
7
18
36
59
84
112
138
153
158
158
158
156
144
121
93
69
46
25
11
4
2
1
1
1
0
0
0
0
0
1
1
1
1
3
9
26
55
91
128
160
185
205
215
218
218
218
217
209
193
169
142
109
71
38
16
5
2
1
1
1
0
0
0
0
1
1
1
3
10
30
67
116
162
197
217
227
230
230
229
228
228
229
229
228
221
207
179
139
92
48
18
5
2
1
1
0
0
0
0
1
1
3
9
30
71
127
180
216
232
232
221
204
190
185
183
184
187
196
211
225
231
224
200
156
100
49
17
5
1
1
0
0
0
0
1
2
7
26
68
128
185
222
235
225
201
170
138
116
107
106
106
110
124
151
181
207
227
230
208
159
95
42
13
3
1
0
0
0
0
1
5
18
55
117
181
222
233
218
182
139
99
66
46
39
38
38
41
53
77
110
148
191
224
230
204
148
80
30
8
2
0
0
0
0
3
10
38
95
165
217
233
215
172
119
72
40
21
12
9
9
9
10
15
27
47
81
133
189
225
227
190
123
55
16
4
0
0
0
0
5
22
67
137
202
231
220
175
114
61
27
12
5
3
2
2
2
2
4
7
15
34
77
140
200
229
216
159
84
29
7
0
0
0
0
10
40
102
176
224
228
191
126
64
25
9
4
2
1
1
1
1
1
2
2
5
13
39
94
166
218
225
184
110
43
11
0
0
0
0
18
62
136
204
232
214
154
82
31
9
3
2
1
1
1
1
1
1
1
1
2
5
19
61
130
193
215
188
123
53
14
0
0
0
0
28
85
164
221
231
191
118
50
15
4
2
1
1
1
1
0
0
1
1
1
1
3
10
37
90
145
170
156
106
49
14
0
0
0
0
41
107
185
229
222
166
88
31
7
2
1
1
1
0
0
0
0
0
0
1
1
1
5
19
48
82
99
92
65
30
9
0
0
0
0
55
130
202
232
209
141
64
19
4
1
1
1
0
0
0
0
0
0
0
1
1
1
2
7
17
30
36
35
25
12
4
0
0
0
0
71
150
215
231
194
118
47
12
2
1
1
0
0
0
0
1
1
1
1
1
1
1
1
2
4
7
8
8
6
3
1
0
0
0
0
86
167
223
228
179
99
35
8
2
1
1
0
0
0
0
1
1
1
1
1
2
2
2
2
2
2
2
2
2
1
1
0
0
0
0
95
177
227
224
167
86
28
6
1
1
1
0
0
0
1
1
1
2
3
4
4
4
4
4
4
4
4
4
3
2
1
0
0
0
0
101
182
229
220
159
77
23
5
1
1
0
0
0
1
1
1
3
8
12
15
15
15
15
15
15
15
15
15
12
8
3
0
0
0
0
104
185
229
217
153
72
21
4
1
1
0
0
1
1
1
3
11
28
45
53
55
55
55
55
55
55
55
52
44
27
11
0
0
0
0
106
187
230
216
150
68
19
4
1
1
0
0
1
1
1
6
26
65
103
123
127
128
128
128
128
128
127
122
102
64
26
0
0
0
0
107
187
230
216
150
68
19
4
1
1
0
0
1
1
2
10
42
103
164
194
202
202
202
203
203
202
201
193
161
100
40
0
0
0
0
104
185
229
217
153
72
21
4
1
1
0
0
1
1
2
11
48
118
189
225
234
235
235
235
236
238
239
230
192
119
47
0
0
0
0
101
182
228
220
159
77
23
5
1
1
0
0
1
1
2
10
42
105
168
199
207
208
208
210
216
229
242
238
199
123
49
0
0
0
0
94
175
226
223
167
86
28
6
1
1
1
0
1
1
1
7
27
66
106
126
131
132
132
136
154
190
226
235
200
123
49
0
0
0
0
83
163
221
228
180
101
36
8
2
1
1
0
1
1
1
3
11
26
41
49
51
51
52
59
88
148
209
231
199
123
49
0
0
0
0
68
147
213
232
196
122
50
13
3
1
1
0
1
1
1
1
3
6
9
10
11
11
12
21
56
127
201
229
199
123
49
0
0
0
0
54
128
201
233
211
145
68
20
4
1
1
1
0
0
0
1
1
1
2
2
2
2
3
12
49
123
199
229
199
123
49
0
0
0
0
40
107
185
230
224
169
91
33
8
2
1
1
1
0
0
1
1
1
1
1
1
2
3
12
50
124
199
229
199
123
49
0
0
0
0
28
85
164
221
232
194
123
55
17
4
2
1
1
1
1
1
1
1
1
1
1
2
4
15
56
130
203
230
199
123
49
0
0
0
0
18
62
136
204
233
217
161
89
35
11
4
2
1
1
1
1
1
1
1
1
2
3
9
28
77
151
214
233
199
123
49
0
0
0
0
10
40
102
175
224
231
197
134
69
27
9
4
2
1
1
1
1
1
1
2
4
9
24
60
119
185
229
237
200
123
49
0
0
0
0
5
22
67
136
200
231
224
181
119
63
28
12
6
3
2
2
2
2
3
7
14
29
62
113
171
219
242
239
200
123
49
0
0
0
0
3
10
37
91
160
213
233
218
175
120
72
42
23
13
9
9
9
10
15
27
46
77
122
172
213
237
246
239
200
123
49
0
0
0
0
1
4
17
51
110
174
219
233
218
183
140
102
69
48
40
38
38
41
53
77
109
146
184
212
222
226
236
235
199
123
49
0
0
0
0
1
2
6
23
62
121
181
220
234
225
203
174
142
118
108
106
106
110
124
151
180
205
219
212
191
186
210
226
198
123
49
0
0
0
0
1
1
2
8
27
67
123
176
214
231
232
223
206
192
185
183
184
187
196
211
224
226
210
172
133
132
176
212
193
121
48
0
0
0
0
1
1
1
3
9
28
64
112
159
195
217
227
230
230
229
228
228
229
229
228
219
198
161
111
73
82
137
182
172
109
44
0
0
0
0
1
1
1
1
3
9
24
52
89
128
158
183
203
215
218
218
218
217
209
192
166
133
93
53
31
45
91
128
124
79
32
0
0
0
0
0
1
1
1
1
2
6
17
35
59
83
109
136
152
158
158
158
156
144
121
91
63
37
18
10
20
44
63
62
40
16
0
0
0
0
0
0
1
1
1
1
2
4
9
18
29
45
63
75
79
79
79
77
69
53
34
20
10
5
3
6
14
20
19
12
5
0
0
0
0
0
0
0
0
0
0
0
0
0
0
0
0
0
0
0
0
0
0
0
0
0
0
0
0
0
0
0
0
0
0
0
0
0
0
0
0
0
0
0
0
0
0
0
0
0
0
0
0
0
0
0
0
0
0
0
0
0
0
0
0
0
0
0
0
0
0
0
0
