31
38
0
0
0
0
0
0
0
0
0
0
0
0
0
0
0
0
0
0
0
0
0
0
0
0
0
0
0
0
0
0
0
0
0
0
0
0
0
0
0
0
0
0
0
0
0
0
0
0
0
0
0
0
0
0
0
0
0
0
0
0
0
0
0
0
0
0
1
1
1
1
3
8
16
29
46
58
63
64
63
59
47
31
18
9
4
2
1
1
1
1
0
0
0
0
0
0
1
1
1
2
6
17
36
62
90
119
140
148
149
148
141
122
94
66
41
21
8
3
1
1
1
0
0
0
0
0
1
1
1
2
8
24
57
99
139
172
196
210
215
215
215
211
198
175
146
108
67
32
11
3
1
1
1
0
0
0
0
1
1
2
8
28
69
124
174
207
221
223
218
215
214
214
217
220
221
210
183
138
84
38
12
3
1
1
0
0
0
0
1
2
7
26
71
132
189
221
225
209
183
160
148
145
147
155
174
199
218
221
199
150
86
35
9
2
1
0
0
0
0
1
4
20
62
128
190
223
219
188
145
104
75
62
59
61
70
92
127
167
205
222
202
144
75
25
5
1
0
0
0
0
2
11
44
108
179
220
216
175
120
71
39
22
15
14
15
19
31
54
94
151
203
222
190
120
50
13
2
0
0
0
0
5
25
78
154
212
220
178
114
57
24
10
4
2
2
2
3
7
16
40
90
160
213
215
159
80
25
5
0
0
0
0
10
45
116
191
223
196
128
61
21
6
2
1
1
1
1
1
2
4
14
48
114
186
215
180
103
37
7
0
0
0
0
19
69
150
213
217
163
84
29
7
2
1
1
1
0
1
1
1
2
6
25
75
144
182
166
103
40
9
0
0
0
0
30
92
176
222
202
129
54
14
3
1
1
1
0
0
0
1
1
1
3
12
40
84
113
107
70
28
6
0
0
0
0
43
116
195
222
181
100
34
7
2
1
1
0
0
0
0
0
1
1
1
4
14
31
43
42
28
11
3
0
0
0
0
57
138
208
218
161
77
23
4
1
1
1
0
1
1
1
1
1
1
1
2
4
7
9
9
6
3
1
0
0
0
0
69
154
216
211
143
61
16
3
1
1
0
0
1
1
1
1
2
2
2
2
2
3
3
3
2
1
1
0
0
0
0
77
163
219
205
130
51
12
2
1
1
1
1
1
1
3
6
9
10
10
10
10
10
10
9
8
4
2
0
0
0
0
82
168
220
200
122
46
10
2
1
1
1
1
1
4
13
29
40
43
44
44
44
44
44
42
33
18
6
0
0
0
0
84
170
220
197
118
43
9
2
1
1
1
1
2
10
37
78
108
119
121
121
121
121
120
113
89
48
16
0
0
0
0
84
170
220
197
118
43
9
2
1
1
1
1
3
17
61
129
180
199
202
202
203
203
201
190
149
81
27
0
0
0
0
81
167
220
200
122
46
10
2
1
1
1
1
3
18
67
143
200
221
224
225
227
232
237
226
178
96
31
0
0
0
0
77
162
219
205
130
51
12
2
1
1
1
1
2
14
51
109
153
168
171
172
179
200
227
230
184
99
32
0
0
0
0
67
152
215
211
144
62
16
3
1
1
1
1
1
6
23
49
69
75
77
79
95
141
200
223
183
99
32
0
0
0
0
55
135
207
219
163
80
24
5
1
1
1
1
1
2
6
12
17
18
19
23
44
104
183
219
183
99
32
0
0
0
0
42
115
194
224
185
103
36
8
2
1
1
0
1
1
1
2
2
2
3
7
31
95
179
218
183
99
32
0
0
0
0
29
92
176
223
204
132
57
15
3
1
1
1
1
1
1
1
1
1
2
7
32
97
181
219
183
99
32
0
0
0
0
19
69
150
213
219
167
90
32
8
2
1
1
1
1
1
1
1
2
3
11
43
112
190
222
183
99
32
0
0
0
0
10
45
116
191
225
201
136
66
23
7
3
1
1
1
1
1
2
4
10
29
76
147
211
228
184
99
32
0
0
0
0
5
25
77
153
211
222
184
119
59
25
10
4
2
2
2
3
7
15
33
73
132
193
233
233
184
99
32
0
0
0
0
2
11
42
104
175
219
218
178
121
72
41
23
15
14
15
19
31
53
89
138
188
223
240
233
184
99
32
0
0
0
0
1
4
18
57
121
186
221
219
188
147
107
77
63
60
61
70
92
126
164
196
209
212
223
226
183
99
32
0
0
0
0
1
2
6
24
66
128
186
219
225
210
186
162
149
145
147
155
174
198
213
207
179
162
184
209
178
98
32
0
0
0
0
1
1
2
7
26
66
120
171
206
221
223
219
215
214
214
217
220
219
202
163
115
98
137
179
161
90
30
0
0
0
0
1
1
1
2
7
23
54
96
138
170
194
209
215
215
215
211
198
173
137
92
53
47
86
125
116
66
22
0
0
0
0
0
1
1
1
2
5
16
35
61
88
117
138
148
149
148
141
122
92
61
34
16
17
37
58
54
31
10
0
0
0
0
0
0
1
1
1
1
3
8
16
28
44
57
63
64
63
59
47
30
16
8
4
4
10
16
15
8
3
0
0
0
0
0
0
0
0
0
0
0
0
0
0
0
0
0
0
0
0
0
0
0
0
0
0
0
0
0
0
0
0
0
0
0
0
0
0
0
0
0
0
0
0
0
0
0
0
0
0
0
0
0
0
0
0
0
0
0
0
0
0
0
0
