29
25
0
0
0
0
0
0
0
0
0
0
0
0
0
0
0
0
0
0
0
0
0
0
0
0
0
0
0
0
0
0
0
0
0
0
0
0
0
0
0
0
0
0
0
0
0
0
0
0
0
0
0
0
0
0
0
0
0
0
0
0
55
73
73
55
24
5
0
0
5
24
55
73
73
55
24
5
0
0
1
9
30
58
73
70
48
0
0
0
0
117
163
167
128
61
15
1
0
12
55
124
167
168
128
61
15
1
0
5
30
85
142
167
148
93
0
0
0
0
136
206
225
185
104
34
5
0
15
73
167
225
229
185
104
34
5
0
12
58
142
210
225
182
98
0
0
0
0
109
197
240
221
147
59
12
1
20
85
182
241
251
221
147
59
12
0
15
74
171
236
240
182
85
0
0
0
0
85
182
240
236
171
74
15
5
35
109
197
244
255
237
175
81
19
2
20
85
182
240
236
171
74
0
0
0
0
74
171
236
240
182
85
20
13
59
147
221
251
255
244
197
109
35
10
35
109
197
240
221
147
59
0
0
0
0
59
147
221
240
197
109
35
20
74
171
236
255
255
251
221
147
59
23
59
147
221
240
197
109
35
0
0
0
0
35
109
197
240
221
147
60
31
85
182
240
252
249
251
235
171
74
30
74
171
235
236
175
81
19
0
0
0
0
19
81
175
236
235
171
79
50
109
197
240
237
225
237
236
182
85
40
85
182
236
221
147
59
12
0
0
0
0
12
59
147
221
236
182
96
79
148
220
236
206
183
212
233
197
114
70
114
197
233
197
109
35
5
0
0
0
0
5
35
109
197
233
198
128
115
180
232
221
166
140
186
232
221
162
125
162
221
232
175
81
19
1
0
0
0
0
1
19
81
175
232
225
182
168
208
233
197
120
94
152
220
236
205
179
205
236
220
147
59
12
0
0
0
0
0
0
12
59
147
220
242
230
221
235
232
175
85
54
110
197
240
237
225
237
240
197
109
35
5
0
0
0
0
0
0
5
35
109
197
243
252
249
247
220
147
60
30
81
175
236
251
249
252
240
182
85
20
1
0
0
0
0
0
0
1
20
85
182
241
255
255
244
197
109
35
16
59
147
221
251
255
255
236
171
74
15
0
0
0
0
0
0
0
0
15
74
171
236
255
255
241
182
85
20
6
35
109
197
244
255
251
221
147
59
12
0
0
0
0
0
0
0
0
12
59
147
221
251
255
236
171
74
15
1
20
85
182
241
255
244
197
109
35
5
0
0
0
0
0
0
0
0
5
35
109
197
244
251
221
147
59
12
0
15
74
171
236
254
237
175
81
19
1
0
0
0
0
0
0
0
0
1
19
80
170
226
229
185
104
34
5
0
12
58
142
210
232
210
142
58
12
0
0
0
0
0
0
0
0
0
0
12
55
124
167
168
128
61
15
1
0
5
30
85
142
165
142
85
30
5
0
0
0
0
0
0
0
0
0
0
5
24
55
73
73
55
24
5
0
0
1
9
30
58
71
58
30
9
1
0
0
0
0
0
0
0
0
0
0
0
0
0
0
0
0
0
0
0
0
0
0
0
0
0
0
0
0
0
0
0
0
0
0
0
0
0
0
0
0
0
0
0
0
0
0
0
0
0
0
0
0
0
0
0
0
0
0
0
0
0
0
0
