28
24
0
0
0
0
0
0
0
0
0
0
0
0
0
0
0
0
0
0
0
0
0
0
0
0
0
0
0
0
0
0
0
0
0
0
0
0
0
0
0
0
0
0
0
0
0
0
0
0
0
0
0
0
0
0
0
0
0
0
19
30
36
20
5
0
0
5
24
55
73
73
55
24
5
0
0
5
30
85
142
167
148
93
0
0
0
0
80
99
98
58
22
5
1
11
51
117
163
167
128
65
22
5
1
11
55
136
206
225
185
104
0
0
0
0
160
182
170
119
65
24
5
11
55
136
206
225
190
123
65
24
5
11
56
141
217
240
200
115
0
0
0
0
176
216
223
189
128
55
12
6
39
115
200
241
232
191
132
61
15
7
39
115
200
240
217
141
0
0
0
0
128
200
240
229
168
73
15
6
39
115
200
244
251
234
186
104
34
11
39
115
200
240
217
141
0
0
0
0
88
183
241
241
182
85
20
13
59
147
221
251
255
251
221
147
59
23
59
147
221
240
197
109
0
0
0
0
74
171
236
243
197
109
35
20
74
171
236
255
255
255
236
171
74
30
74
171
235
236
175
81
0
0
0
0
59
147
221
246
221
147
60
31
85
182
240
252
249
252
240
182
85
40
85
182
236
221
147
59
0
0
0
0
35
109
197
243
236
171
79
50
109
197
240
237
225
237
240
197
114
70
114
197
233
197
109
35
0
0
0
0
19
81
175
237
240
182
96
79
148
220
236
206
183
212
240
222
162
125
162
221
232
175
81
19
0
0
0
0
12
59
147
221
240
198
128
115
180
232
221
166
140
186
236
240
205
179
205
236
220
147
59
12
0
0
0
0
5
34
105
190
236
225
182
168
208
233
197
120
94
152
221
246
237
225
237
240
197
109
35
5
0
0
0
0
1
15
66
151
221
242
230
221
235
232
175
85
53
105
186
233
247
248
252
241
185
91
24
2
0
0
0
0
0
5
34
105
190
240
251
249
248
224
154
64
28
61
132
191
232
251
255
243
193
102
31
4
0
0
0
0
0
1
15
66
151
222
251
255
249
215
140
54
15
24
66
128
201
244
255
246
202
116
41
7
0
0
0
0
0
0
5
34
105
190
241
255
252
225
154
63
14
5
27
88
183
241
255
243
193
102
31
4
0
0
0
0
0
0
1
15
66
151
222
251
254
232
165
71
15
0
15
74
171
236
254
237
175
81
19
1
0
0
0
0
0
0
0
5
35
109
197
244
251
221
147
59
12
0
12
58
142
210
232
210
142
58
12
0
0
0
0
0
0
0
0
1
19
80
170
226
229
185
104
34
5
0
5
30
85
142
165
142
85
30
5
0
0
0
0
0
0
0
0
0
12
55
124
167
168
128
61
15
1
0
1
9
30
58
71
58
30
9
1
0
0
0
0
0
0
0
0
0
0
0
0
0
0
0
0
0
0
0
0
0
0
0
0
0
0
0
0
0
0
0
0
0
0
0
0
0
0
0
0
0
0
0
0
0
0
0
0
0
0
0
0
0
0
0
0
0
0
0
