29
25
0
0
0
0
0
0
0
0
0
0
0
0
0
0
0
0
0
0
0
0
0
0
0
0
0
0
0
0
0
0
0
0
0
0
0
0
0
0
0
0
0
0
0
0
0
0
0
0
0
0
0
0
0
0
0
0
0
0
0
0
0
0
0
0
0
0
0
0
1
5
15
34
55
51
24
5
0
0
5
30
85
146
175
148
70
0
0
0
0
5
12
15
12
5
1
0
0
5
24
61
104
137
121
61
15
1
0
12
58
142
211
225
173
77
0
0
0
0
30
58
70
55
24
5
0
0
12
55
128
185
211
182
104
34
5
0
15
74
171
236
239
178
78
0
0
0
0
85
142
161
128
61
15
1
0
15
73
168
229
246
220
147
59
12
1
20
85
182
240
236
171
74
0
0
0
0
136
206
225
185
104
34
5
1
20
85
182
241
255
237
176
85
26
9
32
102
193
240
225
154
63
0
0
0
0
141
217
245
222
151
66
15
5
31
102
193
243
255
244
201
128
66
30
45
116
202
240
215
140
54
0
0
0
0
105
190
240
240
190
105
34
12
41
116
202
246
255
251
232
190
128
58
43
102
193
239
221
147
59
0
0
0
0
65
147
215
242
221
151
66
19
32
102
193
242
252
248
247
228
168
75
39
91
185
236
217
141
56
0
0
0
0
30
90
166
225
236
190
105
36
29
91
185
237
237
225
237
236
182
89
55
110
197
233
197
109
35
0
0
0
0
9
42
113
198
240
221
147
64
46
109
197
233
213
186
213
233
197
120
94
152
220
232
175
81
19
0
0
0
0
1
19
81
175
236
236
175
92
78
148
221
236
197
157
187
226
217
165
140
186
233
224
154
63
13
0
0
0
0
0
12
58
143
214
236
197
128
115
180
237
239
189
132
144
189
217
201
183
212
238
215
140
54
10
0
0
0
0
0
5
30
90
166
221
221
182
168
208
244
240
183
101
82
128
197
226
225
237
247
225
154
63
13
0
0
0
0
0
1
9
41
109
190
232
229
221
236
250
236
172
79
41
85
175
233
248
252
253
232
165
71
15
0
0
0
0
0
0
1
15
66
151
221
247
249
252
250
221
147
59
23
59
147
221
251
255
251
221
147
59
12
0
0
0
0
0
0
0
5
35
109
197
244
255
255
244
197
109
35
10
35
109
197
244
255
245
200
115
39
6
0
0
0
0
0
0
0
1
20
85
182
241
255
255
241
185
91
24
3
19
81
175
237
255
244
197
109
35
5
0
0
0
0
0
0
0
0
15
73
168
229
251
255
243
193
102
31
4
12
58
142
210
236
231
191
112
40
7
0
0
0
0
0
0
0
0
12
55
128
190
232
251
246
202
116
41
7
5
30
85
142
171
170
139
79
27
4
0
0
0
0
0
0
0
0
5
24
65
123
190
229
228
182
98
30
4
1
9
30
58
74
74
58
30
9
1
0
0
0
0
0
0
0
0
1
5
22
65
128
168
168
128
61
15
1
0
1
5
12
15
15
12
5
1
0
0
0
0
0
0
0
0
0
0
0
0
0
0
0
0
0
0
0
0
0
0
0
0
0
0
0
0
0
0
0
0
0
0
0
0
0
0
0
0
0
0
0
0
0
0
0
0
0
0
0
0
0
0
0
0
0
0
0
0
0
