29
26
0
0
0
0
0
0
0
0
0
0
0
0
0
0
0
0
0
0
0
0
0
0
0
0
0
0
0
0
0
0
0
0
0
0
0
0
0
0
0
0
0
0
0
0
0
0
0
0
0
0
0
0
0
0
0
0
0
0
0
0
0
0
0
0
0
0
0
0
0
1
5
12
15
13
8
3
1
10
46
108
157
177
177
148
82
0
0
0
0
0
0
0
0
0
0
0
1
2
9
30
58
72
65
41
17
5
12
57
138
207
235
228
183
100
0
0
0
0
0
0
1
3
5
3
1
1
7
32
84
141
166
151
101
45
12
11
51
133
212
247
239
186
99
0
0
0
0
12
15
18
24
26
14
4
2
18
66
143
207
231
212
152
74
22
12
50
131
210
245
233
174
85
0
0
0
0
56
74
81
85
74
37
10
5
31
96
181
236
252
237
184
104
39
19
56
137
212
244
230
168
79
0
0
0
0
128
167
178
171
135
71
22
11
43
118
200
244
254
246
212
148
80
40
57
130
207
243
235
177
86
0
0
0
0
163
216
234
227
188
116
50
22
47
122
203
245
255
252
238
201
140
75
59
116
197
242
237
178
86
0
0
0
0
137
199
238
247
226
170
94
38
44
112
195
242
255
255
252
236
187
111
71
113
195
242
233
171
78
0
0
0
0
81
150
216
247
245
207
131
58
50
115
198
244
254
254
253
247
213
144
93
119
194
240
232
169
76
0
0
0
0
41
109
191
239
249
224
158
82
68
131
209
247
252
245
241
243
228
179
129
136
195
239
234
173
81
0
0
0
0
22
78
158
216
242
235
187
120
95
142
211
246
244
224
213
228
238
218
182
175
211
242
232
169
77
0
0
0
0
11
47
110
174
224
242
222
171
131
151
208
242
232
194
174
204
238
243
227
219
234
247
227
159
68
0
0
0
0
4
20
61
127
201
242
243
210
171
175
216
241
220
165
136
173
223
247
248
245
249
250
227
158
68
0
0
0
0
1
6
30
90
172
228
245
231
207
209
233
244
216
152
106
130
185
229
248
253
255
253
231
166
74
0
0
0
0
0
2
15
57
125
188
228
239
234
237
247
249
222
155
87
79
128
194
238
253
255
252
229
163
75
0
0
0
0
0
1
6
24
67
129
196
236
248
251
254
250
220
148
69
41
79
154
217
247
254
250
223
156
74
0
0
0
0
0
1
1
7
30
85
165
227
251
255
255
248
212
135
54
21
44
107
177
228
250
250
222
158
80
0
0
0
0
0
0
0
2
14
58
135
207
244
254
255
249
213
137
54
14
19
57
123
196
236
239
214
154
78
0
0
0
0
0
0
0
1
7
34
93
166
222
248
255
252
224
154
66
15
5
25
80
157
198
192
163
114
55
0
0
0
0
0
0
0
1
2
13
46
108
182
234
253
252
227
157
67
14
1
11
47
102
125
105
76
49
22
0
0
0
0
0
0
0
0
1
3
17
62
139
206
235
235
206
137
55
11
1
4
18
41
49
33
18
10
5
0
0
0
0
0
0
0
0
0
1
6
33
90
149
175
174
148
93
35
7
0
1
4
8
9
5
1
0
0
0
0
0
0
0
0
0
0
0
0
0
0
0
0
0
0
0
0
0
0
0
0
0
0
0
0
0
0
0
0
0
0
0
0
0
0
0
0
0
0
0
0
0
0
0
0
0
0
0
0
0
0
0
0
0
0
0
0
0
0
