29
25
0
0
0
0
0
0
0
0
0
0
0
0
0
0
0
0
0
0
0
0
0
0
0
0
0
0
0
0
0
0
0
0
0
0
0
0
0
0
0
0
0
0
0
0
0
0
0
0
0
0
0
0
0
0
0
0
0
0
0
0
111
132
103
61
24
5
0
0
5
24
55
73
73
55
24
5
0
0
0
1
5
12
15
15
12
0
0
0
0
132
187
182
131
61
15
1
0
12
55
124
167
167
124
55
12
0
0
1
9
30
58
73
70
48
0
0
0
0
108
192
223
186
104
34
5
0
15
73
167
225
226
170
80
19
1
0
5
30
85
142
167
148
93
0
0
0
0
85
182
236
221
147
59
12
1
20
85
182
241
244
197
109
35
5
0
12
58
142
210
225
182
98
0
0
0
0
74
171
235
235
171
74
15
5
35
109
197
244
251
221
147
59
12
0
15
74
171
236
240
182
85
0
0
0
0
59
147
221
236
182
85
20
13
59
147
221
251
255
237
175
81
19
2
20
85
182
240
236
171
74
0
0
0
0
35
109
197
233
197
109
35
20
74
171
236
255
255
244
197
109
35
10
35
109
197
240
221
147
59
0
0
0
0
20
85
182
235
217
141
57
30
85
182
240
252
249
247
220
147
59
23
59
147
221
240
197
109
35
0
0
0
0
16
78
178
234
217
142
64
52
113
197
237
234
227
238
228
165
71
33
81
174
232
229
171
80
19
0
0
0
0
16
78
178
229
200
120
69
96
165
217
219
197
198
223
218
155
71
54
113
193
221
190
128
55
12
0
0
0
0
16
78
178
229
201
130
103
153
211
217
176
149
177
219
211
144
84
100
166
214
197
128
66
24
5
0
0
0
0
15
74
171
231
225
181
164
201
229
197
123
97
149
214
220
169
128
159
214
228
175
85
26
5
1
0
0
0
0
12
59
147
220
242
230
221
235
232
175
85
54
110
196
229
205
179
205
236
220
147
59
12
0
0
0
0
0
0
5
35
109
197
243
252
249
247
220
147
60
31
85
182
236
237
225
237
240
197
109
35
5
0
0
0
0
0
0
1
20
85
182
241
255
255
244
197
109
35
20
74
171
235
251
249
252
240
182
85
20
1
0
0
0
0
0
0
0
15
74
171
236
255
255
241
182
85
20
13
59
147
221
251
255
255
236
171
74
15
0
0
0
0
0
0
0
0
12
59
147
221
251
255
236
171
74
15
5
35
109
197
244
255
251
221
147
59
12
0
0
0
0
0
0
0
0
5
35
109
197
244
251
221
147
59
12
1
20
85
182
241
255
244
197
109
35
5
0
0
0
0
0
0
0
0
1
19
80
170
226
229
185
104
34
5
0
15
74
171
236
254
237
175
81
19
1
0
0
0
0
0
0
0
0
0
12
55
124
167
168
128
61
15
1
0
12
58
142
210
232
210
142
58
12
0
0
0
0
0
0
0
0
0
0
5
24
55
73
73
55
24
5
0
0
5
30
85
142
165
142
85
30
5
0
0
0
0
0
0
0
0
0
0
0
0
0
0
0
0
0
0
0
0
0
0
0
0
0
0
0
0
0
0
0
0
0
0
0
0
0
0
0
0
0
0
0
0
0
0
0
0
0
0
0
0
0
0
0
0
0
0
0
0
0
0
0
0
