28
25
0
0
0
0
0
0
0
0
0
0
0
0
0
0
0
0
0
0
0
0
0
0
0
0
0
0
0
0
0
0
0
0
0
0
0
0
0
0
0
0
0
0
0
0
0
0
0
0
0
0
0
0
0
0
0
0
0
0
117
163
167
128
61
15
1
0
5
24
55
70
58
30
9
1
0
0
0
0
0
0
0
0
0
0
0
0
111
189
219
182
98
30
4
0
12
55
124
160
142
85
30
5
0
0
0
1
5
12
15
12
0
0
0
0
115
200
236
202
116
41
7
1
19
80
170
222
210
142
58
12
0
0
1
9
30
58
71
58
0
0
0
0
141
217
238
193
102
31
5
9
42
113
198
243
236
171
74
15
0
1
9
37
89
142
160
132
0
0
0
0
141
217
236
185
91
24
7
30
90
166
226
251
240
178
78
16
0
5
30
89
161
210
209
160
0
0
0
0
109
197
233
197
109
35
16
58
143
214
247
255
241
182
85
20
1
12
58
143
214
236
199
124
0
0
0
0
85
182
236
221
147
59
27
74
171
236
255
255
244
197
109
35
6
19
81
175
236
236
176
85
0
0
0
0
78
178
238
232
166
75
41
88
183
240
252
249
247
220
147
59
16
35
109
197
240
221
147
59
0
0
0
0
78
178
236
225
158
86
78
128
200
237
234
227
238
228
165
71
29
66
151
222
240
197
109
35
0
0
0
0
78
178
233
216
155
114
142
190
224
219
197
198
223
218
155
71
53
109
190
236
229
171
80
19
0
0
0
0
74
171
232
228
187
167
199
229
221
176
149
177
219
211
144
84
100
166
221
227
190
128
55
12
0
0
0
0
59
147
220
242
230
221
236
240
198
123
97
149
214
220
169
128
159
215
236
200
128
66
24
5
0
0
0
0
35
109
197
243
252
249
251
236
175
85
54
110
196
229
205
179
205
240
236
176
85
26
5
1
0
0
0
0
24
91
185
241
255
255
247
214
143
59
31
85
182
236
237
225
237
246
221
147
59
12
0
0
0
0
0
0
31
102
193
243
255
251
226
166
90
30
21
78
178
239
252
249
251
240
190
105
34
5
0
0
0
0
0
0
41
116
202
246
255
244
198
113
42
9
17
78
178
240
255
255
251
222
151
66
15
1
0
0
0
0
0
0
31
102
193
243
255
237
175
81
19
1
16
78
178
240
255
255
241
190
105
34
5
0
0
0
0
0
0
0
19
80
170
227
240
216
146
59
12
0
16
78
178
240
255
251
222
151
66
15
1
0
0
0
0
0
0
0
12
55
124
170
186
167
100
34
5
0
15
74
171
236
254
241
190
105
34
5
0
0
0
0
0
0
0
0
5
24
55
80
99
97
55
15
1
0
12
58
142
210
232
211
146
65
15
1
0
0
0
0
0
0
0
0
1
5
12
19
30
36
20
5
0
0
5
30
85
142
165
142
85
30
5
0
0
0
0
0
0
0
0
0
0
0
0
0
0
0
0
0
0
0
0
0
0
0
0
0
0
0
0
0
0
0
0
0
0
0
0
0
0
0
0
0
0
0
0
0
0
0
0
0
0
0
0
0
0
0
0
0
0
0
0
0
0
0
