29
27
0
0
0
0
0
0
0
0
0
0
0
0
0
0
0
0
0
0
0
0
0
0
0
0
0
0
0
0
0
0
0
0
0
0
0
0
0
0
0
0
0
0
0
0
0
0
0
0
0
0
0
0
0
0
0
0
0
0
0
0
75
134
162
145
98
51
18
4
1
1
1
1
1
0
0
0
0
0
0
0
0
0
0
0
0
0
0
0
0
85
166
216
216
173
108
44
10
1
4
8
13
15
15
12
5
1
0
0
0
0
0
0
0
0
0
0
0
0
74
160
225
243
218
152
69
17
4
12
33
58
73
73
56
27
7
1
0
0
0
0
0
0
0
0
0
0
0
70
156
223
249
234
174
86
25
10
32
81
134
167
168
133
71
22
3
1
1
5
9
10
5
1
0
0
0
0
80
166
229
250
234
174
87
29
28
72
138
197
229
230
190
111
39
7
2
7
23
46
51
34
19
0
0
0
0
76
163
228
249
228
162
76
32
56
126
194
235
251
247
208
126
48
10
7
24
64
114
130
105
74
0
0
0
0
62
146
219
246
224
156
72
40
84
168
227
250
255
246
205
122
44
11
18
56
118
181
205
184
141
0
0
0
0
59
141
215
244
221
153
79
61
116
196
242
255
255
247
208
127
47
14
33
94
170
225
240
216
155
0
0
0
0
67
151
221
243
214
149
96
101
159
220
249
255
255
249
215
139
58
25
55
130
204
244
246
209
132
0
0
0
0
63
147
219
242
216
160
130
155
205
240
252
253
254
249
218
145
70
53
97
170
227
248
236
185
102
0
0
0
0
50
130
208
242
227
188
171
199
234
248
245
241
247
246
213
141
81
93
155
213
242
239
206
142
68
0
0
0
0
45
123
203
242
240
217
208
226
243
238
221
215
232
243
216
150
103
133
198
239
244
216
155
85
32
0
0
0
0
51
131
210
246
250
241
237
241
233
205
180
188
221
243
225
173
137
169
222
245
231
181
106
42
10
0
0
0
0
49
130
210
248
254
253
251
243
208
152
130
165
219
246
236
202
180
203
234
235
197
134
65
20
3
0
0
0
0
40
116
201
246
255
255
251
232
178
106
86
140
212
246
244
229
222
234
240
210
146
78
31
8
1
0
0
0
0
36
110
198
245
255
253
240
204
141
71
57
118
199
243
251
247
247
249
235
183
101
38
10
2
1
0
0
0
0
39
115
201
246
255
248
218
160
94
44
47
112
195
242
254
254
254
248
220
154
70
18
2
1
1
0
0
0
0
36
110
197
244
255
241
194
116
51
24
48
122
203
245
255
255
252
233
185
114
45
10
1
0
0
0
0
0
0
27
91
177
227
239
221
163
81
25
12
43
118
200
244
255
255
243
203
132
63
20
4
1
0
0
0
0
0
0
15
60
125
168
181
168
116
50
11
6
34
104
190
240
254
252
231
171
87
28
6
1
0
0
0
0
0
0
0
6
24
54
75
87
85
56
21
4
5
31
97
181
235
250
241
207
138
58
13
1
0
0
0
0
0
0
0
0
1
5
11
17
23
25
16
5
1
5
29
84
156
211
226
206
159
95
36
7
1
0
0
0
0
0
0
0
0
0
0
0
1
2
3
2
1
0
3
15
46
94
142
158
134
88
44
15
3
0
0
0
0
0
0
0
0
0
0
0
0
0
0
0
0
0
0
0
0
0
0
0
0
0
0
0
0
0
0
0
0
0
0
0
0
0
0
0
0
0
0
0
0
0
0
0
0
0
0
0
0
0
0
0
0
0
0
0
0
0
0
0
0
0
