16
35
0
0
0
0
0
0
0
0
0
0
0
0
0
0
0
0
0
0
0
0
0
0
0
0
0
0
0
0
0
0
0
0
0
0
1
1
1
1
3
13
44
93
126
118
73
28
0
0
0
0
1
1
1
3
8
31
84
152
191
173
106
40
0
0
0
0
2
3
5
11
28
69
134
198
224
195
118
44
0
0
0
0
10
15
26
45
78
130
188
229
237
199
120
45
0
0
0
0
47
62
83
115
153
195
229
246
241
200
120
45
0
0
0
0
118
143
166
191
214
230
242
248
241
200
120
45
0
0
0
0
177
207
217
221
218
216
223
238
238
200
120
45
0
0
0
0
177
203
201
184
163
157
179
218
234
200
120
45
0
0
0
0
120
135
127
104
84
90
138
202
231
200
120
45
0
0
0
0
50
55
50
37
30
53
120
197
230
200
120
45
0
0
0
0
11
13
11
9
12
44
116
196
230
200
120
45
0
0
0
0
2
2
2
3
10
42
116
196
230
200
120
45
0
0
0
0
1
1
1
2
9
42
116
196
230
200
121
45
0
0
0
0
1
1
1
2
9
42
116
196
230
200
121
45
0
0
0
0
0
1
1
2
9
42
116
196
230
200
121
45
0
0
0
0
0
1
1
2
9
42
116
196
230
200
121
45
0
0
0
0
0
1
1
2
9
42
116
196
230
200
121
45
0
0
0
0
0
1
1
2
9
42
116
196
230
200
121
45
0
0
0
0
0
1
1
2
9
42
116
196
230
200
121
45
0
0
0
0
0
1
1
2
9
42
116
196
230
200
121
45
0
0
0
0
0
1
1
2
9
42
116
196
230
200
121
45
0
0
0
0
0
1
1
2
9
42
116
196
230
200
121
45
0
0
0
0
0
1
1
2
9
42
116
196
230
200
121
45
0
0
0
0
0
1
1
2
9
42
116
196
230
200
121
45
0
0
0
0
0
1
1
2
9
42
116
196
230
200
120
45
0
0
0
0
0
1
1
2
9
42
116
196
230
200
120
45
0
0
0
0
0
1
1
2
9
42
116
196
230
200
120
45
0
0
0
0
0
1
1
2
9
42
115
195
229
199
120
45
0
0
0
0
0
1
1
2
9
41
114
192
225
196
118
44
0
0
0
0
0
1
1
2
8
37
102
171
200
175
106
40
0
0
0
0
0
1
1
1
6
26
70
118
138
120
73
28
0
0
0
0
0
0
0
0
0
0
0
0
0
0
0
0
0
0
0
0
0
0
0
0
0
0
0
0
0
0
0
0
0
0
