20
41
0
0
0
0
0
0
0
0
0
0
0
0
0
0
0
0
0
0
0
0
0
0
0
0
0
0
0
0
0
0
0
0
0
0
0
0
0
0
0
0
0
0
1
1
1
1
1
1
2
9
32
74
119
140
125
82
36
10
0
0
0
0
1
1
1
1
1
2
6
21
60
120
176
198
174
113
50
14
0
0
0
0
1
1
2
2
3
7
17
45
99
164
213
226
194
125
55
15
0
0
0
0
2
3
4
7
13
25
48
91
149
202
234
235
198
127
55
15
0
0
0
0
11
16
21
30
47
71
106
152
199
232
245
238
199
127
55
15
0
0
0
0
39
56
69
85
111
142
175
208
233
247
250
240
200
127
56
15
0
0
0
0
84
122
143
161
183
206
224
236
243
248
250
240
200
127
55
15
0
0
0
0
123
178
205
217
225
230
228
225
227
236
245
239
200
127
55
15
0
0
0
0
133
191
218
223
217
203
186
177
186
211
236
237
200
128
56
15
0
0
0
0
109
156
177
176
161
138
115
111
137
186
227
235
200
128
56
15
0
0
0
0
64
92
104
101
87
67
52
60
106
173
224
235
200
128
56
15
0
0
0
0
24
35
39
38
31
22
19
38
95
169
223
235
200
128
56
15
0
0
0
0
5
8
9
9
7
6
10
34
93
169
224
235
200
128
56
15
0
0
0
0
1
2
2
2
3
3
8
33
93
169
224
235
200
128
56
15
0
0
0
0
1
1
1
2
2
3
8
33
92
169
224
235
200
128
56
15
0
0
0
0
1
1
1
1
1
2
8
33
92
168
224
235
200
128
56
15
0
0
0
0
1
1
1
1
1
2
8
33
92
168
224
235
200
128
56
15
0
0
0
0
0
0
0
1
1
2
8
33
92
168
224
235
200
128
56
15
0
0
0
0
0
0
0
1
1
2
8
33
92
168
224
235
200
128
56
15
0
0
0
0
0
0
0
1
1
2
8
33
92
168
224
235
200
128
56
15
0
0
0
0
0
0
0
1
1
2
8
33
92
168
224
235
200
128
56
15
0
0
0
0
0
0
0
1
1
2
8
33
92
168
224
235
200
128
56
15
0
0
0
0
0
0
0
1
1
2
8
33
92
168
224
235
200
128
56
15
0
0
0
0
0
0
0
1
1
2
8
33
92
168
224
235
200
128
56
15
0
0
0
0
0
0
0
1
1
2
8
33
92
168
224
235
200
128
56
15
0
0
0
0
0
0
0
1
1
2
8
33
92
168
224
235
200
128
56
15
0
0
0
0
0
0
0
1
1
2
8
33
92
168
224
235
200
128
56
15
0
0
0
0
0
0
0
1
1
2
8
33
92
168
224
235
200
128
56
15
0
0
0
0
0
0
0
1
1
2
8
33
92
168
224
235
200
128
56
15
0
0
0
0
0
0
0
1
1
2
8
33
92
168
224
235
200
128
56
15
0
0
0
0
0
0
0
1
1
2
8
33
92
168
223
235
200
128
56
15
0
0
0
0
0
0
0
1
1
2
8
33
92
168
223
235
200
128
56
15
0
0
0
0
0
0
0
1
1
2
8
33
92
168
223
234
199
127
56
15
0
0
0
0
0
0
0
1
1
2
8
33
92
167
222
233
198
127
55
15
0
0
0
0
0
0
0
1
1
2
8
32
91
164
217
228
194
125
55
15
0
0
0
0
0
0
0
1
1
2
7
29
82
148
195
205
175
113
50
14
0
0
0
0
0
0
0
1
1
1
5
21
59
107
141
148
126
82
36
10
0
0
0
0
0
0
0
0
0
0
0
0
0
0
0
0
0
0
0
0
0
0
0
0
0
0
0
0
0
0
0
0
0
0
0
0
0
0
0
0
0
0
