18
35
0
0
0
0
0
0
0
0
0
0
0
0
0
0
0
0
0
0
0
0
0
0
0
0
0
0
0
0
0
0
0
0
0
0
0
0
0
0
1
1
1
1
1
3
10
32
72
114
133
118
77
34
0
0
0
0
1
1
1
2
4
9
26
66
125
177
197
172
111
49
0
0
0
0
2
3
5
8
15
30
63
116
176
218
227
194
124
55
0
0
0
0
12
15
22
34
52
81
124
175
217
239
236
199
127
55
0
0
0
0
49
59
73
96
124
156
191
222
241
248
239
199
127
55
0
0
0
0
117
137
154
174
195
213
227
238
246
249
239
200
127
55
0
0
0
0
174
200
211
216
218
215
212
217
231
243
238
200
127
55
0
0
0
0
175
199
202
193
177
159
152
169
203
233
236
200
128
56
0
0
0
0
120
136
134
120
99
81
84
122
180
226
235
200
128
56
0
0
0
0
52
58
56
48
36
30
46
99
170
224
235
200
128
56
0
0
0
0
13
15
14
12
9
11
35
93
169
224
235
200
128
56
0
0
0
0
2
3
3
3
3
8
33
93
169
224
235
200
128
56
0
0
0
0
1
1
1
2
2
8
33
92
169
224
235
200
128
56
0
0
0
0
1
1
1
1
2
8
33
92
168
224
235
200
128
56
0
0
0
0
0
0
1
1
2
8
33
92
168
224
235
200
128
56
0
0
0
0
0
0
1
1
2
8
33
92
168
224
235
200
128
56
0
0
0
0
0
0
1
1
2
8
33
92
168
224
235
200
128
56
0
0
0
0
0
0
1
1
2
8
33
92
168
224
235
200
128
56
0
0
0
0
0
0
1
1
2
8
33
92
168
224
235
200
128
56
0
0
0
0
0
0
1
1
2
8
33
92
168
224
235
200
128
56
0
0
0
0
0
0
1
1
2
8
33
92
168
224
235
200
128
56
0
0
0
0
0
0
1
1
2
8
33
92
168
224
235
200
128
56
0
0
0
0
0
0
1
1
2
8
33
92
168
224
235
200
128
56
0
0
0
0
0
0
1
1
2
8
33
92
168
224
235
200
128
56
0
0
0
0
0
0
1
1
2
8
33
92
168
224
235
200
128
56
0
0
0
0
0
0
1
1
2
8
33
92
168
223
235
200
128
56
0
0
0
0
0
0
1
1
2
8
33
92
168
223
235
200
127
56
0
0
0
0
0
0
1
1
2
8
33
92
168
222
234
199
127
55
0
0
0
0
0
0
1
1
2
8
32
90
164
217
228
194
125
55
0
0
0
0
0
0
1
1
2
7
29
81
146
192
202
173
111
49
0
0
0
0
0
0
1
1
1
5
20
56
101
133
140
119
77
34
0
0
0
0
0
0
0
0
0
0
0
0
0
0
0
0
0
0
0
0
0
0
0
0
0
0
0
0
0
0
0
0
0
0
0
0
0
0
