20
45
0
0
0
0
0
0
0
0
0
0
0
0
0
0
0
0
0
0
0
0
0
0
0
0
0
0
0
0
0
0
0
0
0
0
0
0
0
0
0
0
0
0
1
1
1
1
1
2
3
11
37
86
137
161
144
93
41
12
0
0
0
0
1
1
1
1
2
3
6
22
63
128
186
208
182
118
52
15
0
0
0
0
1
1
2
2
3
6
15
44
99
166
216
228
196
126
55
15
0
0
0
0
1
2
3
5
10
19
41
84
145
201
234
235
198
127
55
15
0
0
0
0
6
8
12
20
34
56
91
140
192
229
245
238
199
127
55
15
0
0
0
0
25
36
45
61
87
120
157
196
228
245
250
239
200
127
55
15
0
0
0
0
64
92
111
130
157
186
212
232
245
251
251
240
200
127
55
15
0
0
0
0
108
156
181
197
213
228
236
240
243
246
249
239
200
127
55
15
0
0
0
0
135
195
223
232
234
231
223
216
218
230
242
238
200
128
56
15
0
0
0
0
134
193
220
223
212
193
173
162
173
204
233
236
200
128
56
15
0
0
0
0
105
152
172
171
154
128
104
100
129
182
226
235
200
128
56
15
0
0
0
0
62
89
101
98
83
62
47
56
103
171
223
235
200
128
56
15
0
0
0
0
24
35
39
38
30
21
18
38
94
169
223
235
200
128
56
15
0
0
0
0
6
9
10
9
8
6
10
34
93
169
224
235
200
128
56
15
0
0
0
0
1
2
2
2
3
3
9
33
93
169
224
235
200
128
56
15
0
0
0
0
1
1
1
1
2
3
8
33
92
169
224
235
200
128
56
15
0
0
0
0
1
1
1
1
1
2
8
33
92
168
224
235
200
128
56
15
0
0
0
0
1
1
1
1
1
2
8
33
92
168
224
235
200
128
56
15
0
0
0
0
0
0
0
1
1
2
8
33
92
168
224
235
200
128
56
15
0
0
0
0
0
0
0
1
1
2
8
33
92
168
224
235
200
128
56
15
0
0
0
0
0
0
0
1
1
2
8
33
92
168
224
235
200
128
56
15
0
0
0
0
0
0
0
1
1
2
8
33
92
168
224
235
200
128
56
15
0
0
0
0
0
0
0
1
1
2
8
33
92
168
224
235
200
128
56
15
0
0
0
0
0
0
0
1
1
2
8
33
92
168
224
235
200
128
56
15
0
0
0
0
0
0
0
1
1
2
8
33
92
168
224
235
200
128
56
15
0
0
0
0
0
0
0
1
1
2
8
33
92
168
224
235
200
128
56
15
0
0
0
0
0
0
0
1
1
2
8
33
92
168
224
235
200
128
56
15
0
0
0
0
0
0
0
1
1
2
8
33
92
168
224
235
200
128
56
15
0
0
0
0
0
0
0
1
1
2
8
33
92
168
224
235
200
128
56
15
0
0
0
0
0
0
0
1
1
2
8
33
92
168
224
235
200
128
56
15
0
0
0
0
0
0
0
1
1
2
8
33
92
168
224
235
200
128
56
15
0
0
0
0
0
0
0
1
1
2
8
33
92
168
224
235
200
128
56
15
0
0
0
0
0
0
0
1
1
2
8
33
92
168
224
235
200
128
56
15
0
0
0
0
0
0
0
1
1
2
8
33
92
168
224
235
200
128
56
15
0
0
0
0
0
0
0
1
1
2
8
33
92
168
223
235
200
128
56
15
0
0
0
0
0
0
0
1
1
2
8
33
92
168
223
235
200
128
56
15
0
0
0
0
0
0
0
1
1
2
8
33
92
168
223
234
199
127
55
15
0
0
0
0
0
0
0
1
1
2
8
33
92
167
222
233
198
127
55
15
0
0
0
0
0
0
0
1
1
2
8
33
91
166
219
230
196
126
55
15
0
0
0
0
0
0
0
1
1
2
7
31
86
155
204
214
183
118
52
15
0
0
0
0
0
0
0
1
1
2
6
24
68
122
161
169
145
94
42
12
0
0
0
0
0
0
0
0
0
0
0
0
0
0
0
0
0
0
0
0
0
0
0
0
0
0
0
0
0
0
0
0
0
0
0
0
0
0
0
0
0
0
