17
41
0
0
0
0
0
0
0
0
0
0
0
0
0
0
0
0
0
0
0
0
0
0
0
0
0
0
0
0
0
0
0
0
0
0
0
0
1
1
1
1
1
3
14
46
96
130
122
77
30
0
0
0
0
1
1
1
1
2
7
29
79
147
187
170
106
42
0
0
0
0
1
1
2
3
6
19
55
119
186
217
191
118
46
0
0
0
0
2
3
5
11
23
49
99
164
216
231
196
120
46
0
0
0
0
10
16
24
39
65
105
157
207
237
237
197
120
46
0
0
0
0
36
57
74
99
133
172
209
236
248
240
198
120
47
0
0
0
0
79
122
149
173
199
221
236
245
249
239
198
120
47
0
0
0
0
116
177
208
221
228
228
226
230
240
237
198
120
47
0
0
0
0
125
189
218
219
206
189
181
195
223
232
198
120
47
0
0
0
0
102
154
175
168
144
120
119
154
205
228
197
120
47
0
0
0
0
60
91
102
93
73
57
71
127
196
227
197
120
47
0
0
0
0
23
35
38
34
25
23
50
118
194
226
197
120
47
0
0
0
0
5
8
9
8
7
13
46
117
194
226
197
120
47
0
0
0
0
1
2
2
2
3
11
45
117
194
227
197
120
47
0
0
0
0
1
1
1
2
3
11
45
116
194
227
197
120
47
0
0
0
0
1
1
1
1
2
11
44
116
194
227
197
120
47
0
0
0
0
1
1
1
1
2
10
44
116
194
227
197
120
47
0
0
0
0
0
0
1
1
2
10
44
116
193
227
197
120
47
0
0
0
0
0
0
1
1
2
10
44
116
193
227
197
120
47
0
0
0
0
0
0
1
1
2
10
44
116
193
227
197
120
47
0
0
0
0
0
0
1
1
2
10
44
116
193
227
197
120
47
0
0
0
0
0
0
1
1
2
10
44
116
193
227
197
120
47
0
0
0
0
0
0
1
1
2
10
44
116
193
227
197
120
47
0
0
0
0
0
0
1
1
2
10
44
116
193
227
197
120
47
0
0
0
0
0
0
1
1
2
10
44
116
193
227
197
120
47
0
0
0
0
0
0
1
1
2
10
44
116
193
227
197
120
47
0
0
0
0
0
0
1
1
2
10
44
116
193
227
197
120
47
0
0
0
0
0
0
1
1
2
10
44
116
194
227
197
120
47
0
0
0
0
0
0
1
1
2
10
44
116
194
227
197
120
47
0
0
0
0
0
0
1
1
2
10
44
116
194
227
197
120
47
0
0
0
0
0
0
1
1
2
10
44
116
193
227
197
121
47
0
0
0
0
0
0
1
1
2
10
44
116
193
226
197
120
47
0
0
0
0
0
0
1
1
2
10
44
116
193
226
197
120
47
0
0
0
0
0
0
1
1
2
10
44
115
192
225
196
120
47
0
0
0
0
0
0
1
1
2
10
44
113
188
220
192
118
46
0
0
0
0
0
0
1
1
2
9
39
102
169
197
173
107
42
0
0
0
0
0
0
1
1
2
7
29
74
122
143
125
77
31
0
0
0
0
0
0
0
0
0
0
0
0
0
0
0
0
0
0
0
0
0
0
0
0
0
0
0
0
0
0
0
0
0
0
0
0
