15
33
0
0
0
0
0
0
0
0
0
0
0
0
0
0
0
0
0
0
0
0
0
0
0
0
0
0
0
0
0
0
0
0
1
1
2
6
23
70
139
179
154
83
26
0
0
0
0
2
3
7
19
52
114
184
212
174
92
29
0
0
0
0
10
16
30
58
106
168
218
227
178
93
29
0
0
0
0
43
63
90
128
174
216
240
232
179
93
29
0
0
0
0
107
142
170
198
221
237
245
233
179
93
29
0
0
0
0
160
202
217
219
217
221
233
229
179
93
29
0
0
0
0
161
197
196
177
161
173
208
222
178
93
29
0
0
0
0
109
130
122
98
90
124
187
217
178
94
29
0
0
0
0
45
53
48
37
46
100
179
216
178
94
29
0
0
0
0
10
12
11
12
32
95
178
216
178
94
29
0
0
0
0
2
2
3
7
31
94
178
216
178
94
29
0
0
0
0
1
1
2
7
30
94
178
216
178
94
29
0
0
0
0
1
1
2
6
30
94
178
216
178
94
29
0
0
0
0
0
1
2
6
30
94
178
216
178
94
29
0
0
0
0
0
1
2
6
30
94
178
216
178
94
29
0
0
0
0
0
1
2
6
30
94
178
216
178
94
29
0
0
0
0
0
1
2
6
30
94
178
216
178
94
29
0
0
0
0
0
1
2
6
30
94
178
216
178
94
29
0
0
0
0
0
1
2
6
30
94
178
216
178
94
29
0
0
0
0
0
1
2
6
30
94
178
216
178
94
29
0
0
0
0
0
1
2
6
30
94
178
216
178
94
29
0
0
0
0
0
1
2
6
30
94
178
216
178
94
29
0
0
0
0
0
1
2
6
30
94
178
216
178
94
29
0
0
0
0
0
1
2
6
30
94
178
216
178
94
29
0
0
0
0
0
1
2
6
30
94
178
216
178
94
29
0
0
0
0
0
1
2
6
30
94
177
215
178
93
29
0
0
0
0
0
1
2
6
30
94
177
215
177
93
29
0
0
0
0
0
1
2
6
30
92
174
211
174
92
29
0
0
0
0
0
1
2
6
27
83
156
188
156
83
26
0
0
0
0
0
0
0
0
0
0
0
0
0
0
0
0
0
0
0
0
0
0
0
0
0
0
0
0
0
0
0
0
