26
29
0
0
0
0
0
0
0
0
0
0
0
0
0
0
0
0
0
0
0
0
0
0
0
0
0
0
0
0
0
0
0
0
0
0
0
0
0
0
0
0
0
0
0
0
0
0
0
0
0
0
0
0
0
0
1
1
1
1
3
8
17
30
47
61
68
69
68
62
49
32
17
8
3
1
1
1
0
0
0
0
1
1
2
5
15
35
62
91
121
143
153
155
154
145
124
94
63
35
15
5
2
1
0
0
0
0
1
2
5
19
49
93
137
173
197
211
216
217
216
213
200
174
138
93
50
20
6
2
0
0
0
0
1
5
18
52
107
164
204
223
225
217
210
208
210
217
225
224
205
166
111
57
21
6
0
0
0
0
3
13
44
103
169
215
229
217
189
158
139
134
139
158
189
217
230
217
175
112
51
16
0
0
0
0
7
30
83
156
212
230
209
165
115
76
57
52
57
76
115
164
209
230
217
165
93
35
0
0
0
0
15
54
125
196
229
215
162
98
50
24
14
12
14
24
50
97
159
213
231
203
134
59
0
0
0
0
27
83
162
220
227
183
110
49
17
7
5
4
5
7
17
47
106
178
225
222
166
85
0
0
0
0
40
109
189
230
215
153
80
33
18
15
15
15
15
15
18
32
76
148
212
229
189
109
0
0
0
0
50
128
204
234
211
151
94
66
59
59
59
58
59
59
59
65
92
148
208
233
204
127
0
0
0
0
56
137
211
239
225
189
159
146
144
143
143
143
143
143
143
146
158
188
224
239
211
137
0
0
0
0
58
141
214
244
243
230
219
215
215
215
215
215
215
215
215
215
219
228
240
241
212
140
0
0
0
0
59
141
214
244
244
234
225
222
221
221
221
221
221
221
221
222
222
223
225
220
192
127
0
0
0
0
58
141
214
240
227
196
170
160
158
158
158
158
158
158
158
158
158
158
157
153
134
89
0
0
0
0
56
137
211
234
206
146
94
71
67
67
67
67
67
67
67
67
67
67
68
66
58
38
0
0
0
0
50
127
204
232
203
131
60
25
17
16
16
16
16
16
16
17
20
26
31
32
28
18
0
0
0
0
39
109
188
230
214
149
71
23
6
3
3
2
2
2
3
7
21
45
66
72
60
36
0
0
0
0
27
83
162
220
227
183
111
50
18
6
3
2
2
3
7
20
54
105
143
150
122
69
0
0
0
0
15
54
125
196
229
215
164
103
56
27
15
12
12
15
28
58
109
168
205
201
152
80
0
0
0
0
7
30
83
156
212
230
212
172
124
84
61
52
52
60
84
125
174
215
227
199
134
62
0
0
0
0
3
13
44
102
167
212
230
221
196
165
143
134
134
143
165
196
221
229
209
158
89
34
0
0
0
0
1
5
17
50
103
158
201
222
226
220
212
208
208
211
219
225
221
199
155
98
45
14
0
0
0
0
1
2
5
17
45
86
132
169
195
210
216
217
217
215
208
192
166
130
85
43
16
4
0
0
0
0
1
1
2
4
13
31
58
87
117
140
152
155
155
151
138
113
85
57
31
13
4
1
0
0
0
0
1
1
1
1
3
7
16
28
44
59
67
69
69
67
58
42
27
15
7
3
1
1
0
0
0
0
0
0
0
0
0
0
0
0
0
0
0
0
0
0
0
0
0
0
0
0
0
0
0
0
0
0
0
0
0
0
0
0
0
0
0
0
0
0
0
0
0
0
0
0
0
0
0
0
0
0
