31
33
0
0
0
0
0
0
0
0
0
0
0
0
0
0
0
0
0
0
0
0
0
0
0
0
0
0
0
0
0
0
0
0
0
0
0
0
0
0
0
0
0
0
0
0
0
0
0
0
0
0
0
0
0
0
0
0
0
0
0
0
0
0
0
0
1
1
1
1
2
5
12
21
35
53
71
83
87
87
87
84
74
56
37
22
12
5
2
1
1
1
1
0
0
0
0
1
1
1
3
8
20
40
66
93
121
145
161
166
167
166
162
149
125
95
67
40
20
8
3
1
1
1
0
0
0
0
1
1
3
10
26
57
96
136
168
192
210
219
221
222
221
220
212
195
170
137
97
58
28
10
3
1
1
0
0
0
0
1
3
9
28
65
114
163
200
221
230
230
226
223
222
223
227
231
231
222
201
165
117
69
31
11
3
2
0
0
0
0
3
7
24
62
118
174
214
233
234
222
201
181
171
168
171
181
201
222
234
233
215
178
125
69
29
9
3
0
0
0
0
5
17
50
107
170
216
235
231
207
173
136
107
93
90
93
107
136
173
207
231
236
220
179
118
59
21
6
0
0
0
0
10
34
85
152
208
235
231
201
154
106
67
43
33
31
33
43
67
106
153
199
230
237
215
163
95
39
11
0
0
0
0
18
57
122
189
229
235
207
154
95
50
24
12
8
7
8
12
24
49
93
151
204
234
233
197
131
62
20
0
0
0
0
31
83
156
214
237
222
173
106
50
20
9
5
4
4
4
5
9
19
48
102
168
219
237
217
160
86
32
0
0
0
0
45
108
181
228
235
203
140
73
30
14
10
9
9
9
9
9
10
13
28
69
135
199
234
228
182
109
45
0
0
0
0
57
128
198
235
231
190
127
71
43
35
34
34
33
33
33
34
34
35
42
68
122
186
229
235
198
128
57
0
0
0
0
65
140
208
239
233
199
151
115
99
96
95
95
95
95
95
95
95
96
99
113
149
197
232
239
208
140
65
0
0
0
0
69
146
212
242
242
224
200
182
176
175
174
174
174
174
174
174
174
175
176
182
199
223
241
242
212
146
69
0
0
0
0
71
148
213
243
248
243
235
230
228
228
228
228
228
228
228
228
228
228
228
230
235
242
246
241
211
146
70
0
0
0
0
71
148
213
244
249
244
236
231
229
229
229
229
229
229
229
229
229
229
229
229
229
230
230
224
196
136
66
0
0
0
0
71
148
213
242
241
223
200
183
177
176
176
176
176
176
176
176
176
176
176
176
176
175
175
170
149
103
50
0
0
0
0
69
146
212
240
231
194
145
109
95
92
92
92
92
92
92
92
92
92
92
92
92
92
92
89
79
55
26
0
0
0
0
65
140
207
238
227
179
112
59
36
30
30
30
30
30
30
30
30
30
30
31
32
33
34
33
29
20
10
0
0
0
0
57
128
198
235
230
186
115
50
17
8
7
6
6
6
6
6
6
6
8
12
19
28
33
32
27
18
8
0
0
0
0
45
108
181
228
235
203
139
70
25
8
4
2
2
2
2
2
2
3
7
21
46
71
84
83
69
43
19
0
0
0
0
31
83
156
214
237
222
173
107
51
21
8
4
2
2
2
2
3
7
19
50
96
138
159
155
124
75
31
0
0
0
0
18
57
122
189
229
235
208
156
99
55
28
14
8
7
7
8
12
24
51
96
152
197
214
199
152
86
34
0
0
0
0
10
34
85
152
208
234
231
204
161
115
76
49
35
31
31
34
45
69
107
155
200
228
230
199
139
71
25
0
0
0
0
5
17
50
106
169
214
235
233
213
182
146
115
97
90
90
94
110
138
175
208
230
234
214
167
102
45
14
0
0
0
0
2
7
24
61
115
170
210
231
235
226
208
187
174
169
168
172
183
203
223
234
233
214
174
118
61
23
7
0
0
0
0
1
3
9
26
61
108
157
196
219
230
232
228
224
222
222
224
227
230
230
221
201
164
115
65
28
9
3
0
0
0
0
1
1
3
9
23
51
90
130
164
189
207
218
221
222
222
221
218
207
190
167
136
97
57
27
10
3
2
0
0
0
0
1
1
1
2
7
17
37
62
89
116
141
159
166
167
167
166
159
142
117
91
66
41
20
8
3
1
1
0
0
0
0
1
1
1
1
2
5
11
20
33
49
68
81
87
88
88
87
82
68
50
34
21
12
5
2
1
1
1
0
0
0
0
0
0
0
0
0
0
0
0
0
0
0
0
0
0
0
0
0
0
0
0
0
0
0
0
0
0
0
0
0
0
0
0
0
0
0
0
0
0
0
0
0
0
0
0
0
0
0
0
0
0
0
0
0
0
0
0
0
0
0
0
