31
29
0
0
0
0
0
0
0
0
0
0
0
0
0
0
0
0
0
0
0
0
0
0
0
0
0
0
0
0
0
0
0
0
0
0
0
0
0
0
0
0
0
0
0
0
0
0
0
0
0
0
0
0
0
0
0
0
0
0
0
0
0
0
0
0
1
1
1
1
2
5
11
19
29
44
58
67
70
71
71
68
60
46
31
19
11
5
2
1
1
1
1
0
0
0
0
1
1
1
3
9
21
41
64
88
113
135
149
153
154
153
150
138
116
90
65
41
22
10
4
1
1
1
0
0
0
0
1
2
4
13
32
64
103
139
168
189
204
211
213
213
213
212
206
192
170
140
103
65
34
14
5
2
1
0
0
0
0
2
5
14
38
80
130
174
205
220
223
218
210
205
204
205
210
219
224
221
206
176
133
85
43
17
5
2
0
0
0
0
4
12
37
83
140
191
221
229
219
198
170
147
136
133
136
147
170
198
219
229
222
195
148
92
43
15
4
0
0
0
0
9
29
73
135
193
226
230
209
172
130
93
68
56
54
56
68
93
130
171
208
230
229
200
146
82
33
10
0
0
0
0
18
54
116
181
224
233
209
161
106
62
35
20
15
14
15
20
35
62
104
158
207
233
228
190
124
59
19
0
0
0
0
32
84
155
212
235
220
172
108
54
24
11
7
5
5
5
7
11
24
52
104
167
217
236
216
159
87
32
0
0
0
0
47
112
184
229
234
201
140
77
37
22
18
17
17
17
17
17
18
21
35
73
135
197
233
229
185
113
47
0
0
0
0
60
132
202
237
233
196
140
92
69
62
61
61
61
61
61
61
61
62
68
90
136
192
231
236
202
132
60
0
0
0
0
68
143
210
241
239
214
181
156
145
143
143
143
143
143
143
143
143
143
145
155
179
213
238
240
210
143
68
0
0
0
0
71
147
213
243
246
237
224
215
212
211
211
211
211
211
211
211
211
211
212
215
223
234
243
240
210
145
70
0
0
0
0
71
148
213
243
247
239
229
221
218
218
218
218
218
218
218
218
218
218
218
218
219
221
222
216
189
131
64
0
0
0
0
71
147
213
242
239
217
188
166
158
157
157
157
157
157
157
157
157
157
157
157
156
156
156
151
133
92
45
0
0
0
0
68
143
210
239
230
190
134
92
74
70
69
69
69
69
69
69
69
69
69
70
70
71
71
69
61
42
20
0
0
0
0
60
132
202
236
230
185
116
57
27
19
18
18
18
18
18
18
18
18
19
22
28
34
37
37
31
21
10
0
0
0
0
47
112
184
229
234
200
135
67
25
9
5
4
3
3
3
3
3
4
8
21
42
64
75
74
61
38
17
0
0
0
0
32
84
155
212
235
220
172
108
55
24
11
5
3
3
3
3
5
9
23
52
96
135
153
148
118
70
29
0
0
0
0
18
54
116
181
224
233
210
163
111
68
39
23
15
13
13
15
21
35
63
107
159
198
211
193
144
80
31
0
0
0
0
9
29
73
135
192
225
230
212
178
139
102
74
59
54
54
57
70
95
132
173
209
228
222
186
125
61
21
0
0
0
0
4
12
37
82
139
188
219
229
223
204
178
154
139
133
133
137
149
172
199
220
229
221
191
140
80
34
10
0
0
0
0
2
4
14
37
76
124
169
201
219
224
221
213
207
204
204
206
211
218
223
220
205
175
130
80
38
14
4
0
0
0
0
1
2
4
12
29
59
96
134
164
186
202
210
213
213
213
213
210
202
187
167
139
103
65
33
13
5
2
0
0
0
0
1
1
1
3
8
19
37
61
84
108
131
146
153
154
154
153
147
132
110
87
64
41
22
9
3
1
1
0
0
0
0
1
1
1
1
2
5
10
17
28
41
55
66
70
71
71
70
66
56
42
29
19
11
5
2
1
1
1
0
0
0
0
0
0
0
0
0
0
0
0
0
0
0
0
0
0
0
0
0
0
0
0
0
0
0
0
0
0
0
0
0
0
0
0
0
0
0
0
0
0
0
0
0
0
0
0
0
0
0
0
0
0
0
0
0
0
0
0
0
0
0
0
