31
36
0
0
0
0
0
0
0
0
0
0
0
0
0
0
0
0
0
0
0
0
0
0
0
0
0
0
0
0
0
0
0
0
0
0
0
0
0
0
0
0
0
0
0
0
0
0
0
0
0
0
0
0
0
0
0
0
0
0
0
0
0
0
0
0
1
1
1
1
3
7
15
29
47
70
93
108
113
114
114
110
96
74
49
30
16
7
3
2
1
1
1
0
0
0
0
1
1
2
3
9
23
47
77
108
139
165
181
186
187
187
183
169
143
111
78
47
23
9
3
2
1
1
0
0
0
0
1
2
3
10
27
59
102
145
179
203
220
228
231
231
231
230
222
206
180
146
103
60
28
10
4
2
1
0
0
0
0
1
3
8
26
62
113
165
204
226
236
236
233
230
229
230
233
237
237
227
204
166
116
66
29
10
3
2
0
0
0
0
2
6
20
55
110
169
212
235
239
230
212
194
184
182
184
195
213
231
239
235
214
174
118
62
24
7
3
0
0
0
0
4
13
41
95
159
210
236
237
221
191
155
126
111
108
111
126
156
192
221
237
237
215
169
106
49
17
5
0
0
0
0
7
26
71
137
198
233
237
217
177
130
87
58
45
42
45
58
87
130
177
216
237
236
207
149
82
31
9
0
0
0
0
13
45
105
174
223
238
222
179
121
71
36
19
12
11
12
19
37
70
120
177
220
239
228
184
115
51
15
0
0
0
0
23
67
137
202
235
232
195
134
72
32
13
6
4
4
4
6
13
31
70
130
192
231
237
207
144
72
24
0
0
0
0
34
91
165
220
238
218
163
94
40
14
7
5
4
4
4
5
7
14
38
89
158
215
238
222
168
93
35
0
0
0
0
47
112
186
230
234
199
134
67
26
12
9
9
8
8
8
9
9
12
24
63
129
195
233
230
186
113
47
0
0
0
0
58
129
199
235
230
187
122
66
38
31
30
30
30
29
30
30
30
31
37
63
117
183
228
235
200
129
58
0
0
0
0
65
140
208
239
232
195
144
105
89
86
85
85
85
85
85
85
85
86
89
104
141
192
230
238
208
140
65
0
0
0
0
69
145
212
241
240
219
191
171
164
162
162
162
162
162
162
162
162
162
163
171
190
218
239
241
212
146
69
0
0
0
0
71
147
213
243
247
241
231
224
221
221
221
221
221
221
221
221
221
221
221
224
231
240
247
243
213
148
71
0
0
0
0
71
148
213
244
250
248
244
242
241
240
241
241
241
241
241
241
241
241
241
241
242
244
245
238
209
145
70
0
0
0
0
71
148
213
243
247
239
228
220
218
217
217
218
218
218
218
218
218
218
217
217
217
217
217
211
185
128
62
0
0
0
0
71
147
213
242
238
214
184
162
154
153
153
153
153
153
153
153
153
153
153
153
152
152
152
148
130
90
43
0
0
0
0
69
145
211
239
228
186
131
91
75
72
72
72
72
72
72
72
72
72
72
72
72
71
71
69
61
42
20
0
0
0
0
65
140
207
237
226
176
106
51
26
21
21
20
20
20
20
20
20
20
21
21
22
23
23
23
20
14
7
0
0
0
0
58
129
199
235
230
184
112
47
15
6
5
4
4
4
4
4
4
4
5
8
14
21
25
25
21
14
7
0
0
0
0
47
112
185
230
235
200
133
63
21
6
3
2
2
2
2
2
2
3
6
17
37
58
70
69
58
37
16
0
0
0
0
34
91
165
220
238
218
163
93
40
14
5
3
2
2
2
2
2
4
13
38
80
120
141
138
113
70
30
0
0
0
0
23
67
137
202
235
232
195
135
75
35
14
6
3
3
3
3
6
12
32
73
131
180
202
193
152
89
36
0
0
0
0
13
45
105
174
223
238
223
182
128
78
43
22
13
11
11
13
20
38
72
123
179
219
230
209
154
84
31
0
0
0
0
7
26
71
137
198
232
238
220
185
141
98
65
48
43
42
46
61
90
132
178
216
236
230
193
129
62
20
0
0
0
0
4
13
41
94
158
208
235
239
226
200
166
134
115
108
108
113
129
159
194
222
237
235
210
158
92
38
11
0
0
0
0
2
6
20
54
107
164
208
233
240
234
218
200
187
182
182
185
196
214
231
240
235
213
170
111
55
20
6
0
0
0
0
1
3
8
24
58
106
158
199
224
235
238
235
231
229
229
231
233
236
235
226
204
166
114
63
26
9
3
0
0
0
0
1
1
3
8
24
53
95
139
174
200
218
228
231
231
231
231
227
218
201
177
145
103
60
27
10
3
2
0
0
0
0
1
1
1
3
8
20
43
73
104
134
161
179
186
187
187
186
179
161
135
107
77
48
23
9
3
2
1
0
0
0
0
1
1
1
1
3
6
14
27
44
66
89
106
113
114
114
113
107
90
67
45
29
16
7
3
2
1
1
0
0
0
0
0
0
0
0
0
0
0
0
0
0
0
0
0
0
0
0
0
0
0
0
0
0
0
0
0
0
0
0
0
0
0
0
0
0
0
0
0
0
0
0
0
0
0
0
0
0
0
0
0
0
0
0
0
0
0
0
0
0
0
0
