27
33
0
0
0
0
0
0
0
0
0
0
0
0
0
0
0
0
0
0
0
0
0
0
0
0
0
0
0
0
0
0
0
0
0
0
0
0
0
0
0
0
0
0
0
0
0
0
0
0
0
0
0
0
0
0
0
0
1
1
1
2
4
11
22
39
59
77
85
87
86
79
62
40
22
11
4
2
1
1
1
0
0
0
0
1
1
2
5
15
36
65
98
129
153
164
166
165
156
133
100
66
36
15
5
2
1
1
0
0
0
0
1
2
5
17
44
87
133
171
198
214
220
221
221
216
201
173
134
88
45
17
5
2
1
0
0
0
0
1
4
14
42
93
150
196
221
230
228
224
223
224
229
231
222
197
152
96
46
16
4
1
0
0
0
0
2
9
33
82
148
201
229
230
214
190
174
169
174
190
214
230
229
204
153
90
38
11
3
0
0
0
0
5
20
61
128
193
227
227
200
159
120
98
91
98
120
159
200
227
229
199
138
70
24
6
0
0
0
0
10
37
96
170
220
228
198
146
92
54
36
31
36
54
92
145
197
228
224
179
106
43
11
0
0
0
0
18
60
131
200
229
210
154
89
42
18
9
8
9
18
41
87
151
208
231
206
139
64
19
0
0
0
0
28
84
161
218
225
182
111
49
17
7
4
4
4
7
16
47
106
178
224
220
165
86
29
0
0
0
0
39
106
183
226
214
154
80
31
13
10
9
9
9
9
13
29
76
149
211
226
184
106
39
0
0
0
0
49
123
198
229
206
143
79
44
35
34
33
33
33
34
35
43
75
138
203
228
198
123
49
0
0
0
0
56
134
206
233
212
164
120
100
96
95
95
95
95
95
96
100
119
161
211
232
206
134
56
0
0
0
0
59
139
210
239
231
206
185
176
175
174
174
174
174
174
175
176
185
205
230
239
211
139
59
0
0
0
0
60
141
212
243
245
238
231
228
228
228
228
228
228
228
228
228
230
236
243
241
210
140
60
0
0
0
0
61
141
212
243
246
238
232
229
229
229
229
229
229
229
229
229
229
230
230
224
195
130
56
0
0
0
0
60
141
211
239
231
206
186
177
176
176
176
176
176
176
176
176
176
175
175
170
148
99
43
0
0
0
0
59
139
210
233
209
158
115
96
92
92
92
92
92
92
92
92
92
92
92
90
78
52
23
0
0
0
0
56
134
206
229
198
129
67
37
30
30
30
30
30
30
30
30
31
32
33
33
29
19
8
0
0
0
0
49
123
198
229
203
132
59
19
8
7
6
6
6
6
6
8
13
21
30
32
28
17
7
0
0
0
0
39
106
183
226
214
153
77
26
7
3
2
2
2
2
3
8
24
52
75
82
69
42
16
0
0
0
0
28
84
161
218
225
182
111
50
17
6
3
2
2
3
6
20
54
105
145
153
125
73
28
0
0
0
0
18
60
131
200
229
211
156
94
46
20
10
7
7
10
21
49
100
161
201
201
155
85
30
0
0
0
0
10
37
97
170
220
229
202
153
101
61
39
32
32
39
61
102
156
205
226
207
146
72
23
0
0
0
0
5
20
61
128
192
227
229
206
168
128
102
92
92
102
128
168
206
229
223
181
112
48
13
0
0
0
0
2
9
32
81
145
198
227
232
219
196
178
170
170
177
196
218
232
226
194
137
72
26
7
0
0
0
0
1
4
13
40
88
144
191
219
230
230
225
223
223
225
229
229
218
190
142
84
36
11
3
0
0
0
0
1
1
4
15
40
81
128
167
195
213
220
221
221
219
211
192
164
126
80
39
14
4
1
0
0
0
0
1
1
2
4
13
33
62
94
125
150
163
167
166
162
148
121
90
60
32
13
4
2
1
0
0
0
0
1
1
1
2
4
9
20
36
56
75
85
87
87
84
73
53
34
19
9
4
2
1
1
0
0
0
0
0
0
0
0
0
0
0
0
0
0
0
0
0
0
0
0
0
0
0
0
0
0
0
0
0
0
0
0
0
0
0
0
0
0
0
0
0
0
0
0
0
0
0
0
0
0
0
0
0
0
0
0
