23
28
0
0
0
0
0
0
0
0
0
0
0
0
0
0
0
0
0
0
0
0
0
0
0
0
0
0
0
0
0
0
0
0
0
0
0
0
0
0
0
0
0
0
0
0
0
0
0
0
1
2
5
17
41
73
107
135
151
155
152
138
109
74
41
17
5
2
1
0
0
0
0
1
5
19
53
101
149
185
206
215
217
215
208
187
150
102
54
20
5
2
0
0
0
0
4
16
51
110
170
209
223
219
211
208
212
219
223
210
172
113
55
18
4
0
0
0
0
10
38
97
168
215
223
201
168
144
136
144
168
201
223
216
173
105
43
12
0
0
0
0
21
70
145
207
222
192
140
91
62
54
62
91
139
192
223
212
154
78
25
0
0
0
0
39
106
183
221
201
139
75
35
17
13
17
34
75
137
199
224
190
113
43
0
0
0
0
60
139
206
217
166
90
35
12
6
5
6
12
34
87
162
216
209
142
62
0
0
0
0
80
164
217
205
138
66
27
17
15
15
15
17
26
63
133
202
217
164
81
0
0
0
0
95
179
223
203
141
87
64
59
59
59
59
59
63
84
137
200
222
179
95
0
0
0
0
103
188
230
220
184
155
145
144
143
143
143
144
145
155
183
219
230
188
104
0
0
0
0
106
191
236
240
228
218
215
215
215
215
215
215
215
218
227
238
234
189
106
0
0
0
0
107
191
237
242
232
224
222
222
221
221
221
221
222
222
223
224
214
171
96
0
0
0
0
106
190
232
223
191
167
159
158
158
158
158
158
158
158
157
157
149
120
67
0
0
0
0
103
187
225
199
137
89
70
67
67
67
67
67
67
67
67
67
64
52
29
0
0
0
0
95
179
222
194
118
51
22
17
16
16
16
16
16
19
24
30
31
25
13
0
0
0
0
80
164
218
204
133
57
16
5
3
2
2
3
6
17
40
63
68
53
27
0
0
0
0
60
139
207
217
166
90
35
11
4
3
3
5
15
44
94
137
142
106
51
0
0
0
0
39
106
183
221
201
142
80
38
19
13
13
21
44
92
155
197
189
130
58
0
0
0
0
21
70
145
206
223
196
147
98
67
54
55
70
105
156
204
220
186
114
45
0
0
0
0
9
37
96
165
213
224
206
175
148
136
137
151
180
211
224
204
147
76
25
0
0
0
0
4
15
49
106
165
206
223
221
213
208
209
214
221
221
201
155
92
38
11
0
0
0
0
1
5
18
49
96
144
181
204
214
217
216
212
200
175
136
87
42
14
4
0
0
0
0
1
1
5
15
38
69
103
132
149
155
154
146
126
95
63
33
13
4
1
0
0
0
0
1
1
1
4
10
21
37
54
65
69
68
63
50
33
18
8
3
1
1
0
0
0
0
0
0
0
0
0
0
0
0
0
0
0
0
0
0
0
0
0
0
0
0
0
0
0
0
0
0
0
0
0
0
0
0
0
0
0
0
0
0
0
0
0
0
0
0
