26
36
0
0
0
0
0
0
0
0
0
0
0
0
0
0
0
0
0
0
0
0
0
0
0
0
0
0
0
0
0
0
0
0
0
0
0
0
0
0
0
0
0
0
0
0
0
0
0
0
0
0
0
0
0
0
1
1
3
11
29
57
90
122
141
148
149
143
125
96
65
36
15
5
2
1
1
1
0
0
0
0
1
4
15
41
82
130
170
198
212
215
215
213
201
177
141
96
51
19
6
2
1
1
0
0
0
0
4
15
45
96
153
198
222
227
221
216
216
220
227
225
207
167
110
54
19
5
2
1
0
0
0
0
10
38
94
160
209
229
221
195
166
150
149
163
191
218
230
216
172
106
47
14
3
1
0
0
0
0
23
72
145
206
231
217
175
124
83
64
63
79
116
165
210
231
214
160
87
32
8
2
0
0
0
0
43
110
185
228
223
177
112
57
27
16
15
24
50
98
161
214
231
200
130
58
16
4
0
0
0
0
68
146
212
232
200
130
61
21
6
3
3
5
16
46
107
180
226
221
166
86
29
6
0
0
0
0
91
173
226
226
174
93
32
7
2
1
1
2
5
20
66
142
210
230
192
114
44
10
0
0
0
0
108
189
231
217
151
69
19
3
1
1
1
1
2
9
41
111
190
230
209
138
60
15
0
0
0
0
120
199
233
209
136
56
13
2
1
1
1
1
1
5
28
88
172
225
220
158
75
22
0
0
0
0
125
203
234
206
131
52
12
2
1
1
0
1
1
3
20
72
155
219
226
173
90
28
0
0
0
0
125
203
234
210
136
56
13
2
1
1
0
1
1
3
15
60
141
212
229
184
101
34
0
0
0
0
117
196
234
217
150
68
19
3
1
1
1
1
1
2
13
54
133
207
230
191
109
39
0
0
0
0
101
182
231
227
172
92
32
7
2
1
1
1
2
5
19
63
140
210
232
196
115
42
0
0
0
0
79
159
221
235
201
132
62
22
7
3
2
4
8
20
48
101
170
224
236
198
118
44
0
0
0
0
53
125
198
234
226
180
116
62
30
18
16
22
37
66
108
161
209
239
239
199
119
44
0
0
0
0
30
84
157
214
235
221
180
131
91
71
67
77
103
139
174
201
224
241
239
197
117
43
0
0
0
0
13
44
102
168
216
234
226
202
174
158
154
162
180
195
195
189
204
230
235
194
112
40
0
0
0
0
4
17
50
105
163
206
228
233
227
221
218
216
210
189
156
141
173
220
232
190
107
37
0
0
0
0
2
5
17
46
91
138
177
204
216
218
214
198
168
127
92
101
160
219
231
185
101
34
0
0
0
0
1
2
5
14
33
61
95
128
146
150
144
123
89
56
48
88
166
224
228
176
92
29
0
0
0
0
2
3
5
6
9
17
32
50
60
63
59
47
29
19
36
98
180
230
223
163
79
23
0
0
0
0
8
15
20
21
16
10
9
12
14
15
14
11
7
12
46
118
197
233
215
146
65
18
0
0
0
0
25
52
70
71
56
30
11
4
3
3
2
2
4
18
66
146
214
234
200
124
50
12
0
0
0
0
48
102
143
150
122
69
25
6
2
2
2
2
8
35
97
176
228
228
178
98
34
8
0
0
0
0
56
127
189
209
180
114
49
15
4
3
3
7
25
70
140
207
234
213
148
70
21
4
0
0
0
0
45
113
188
226
215
160
92
43
21
15
17
30
66
125
188
229
229
184
110
44
11
3
0
0
0
0
27
81
156
214
230
205
154
104
73
62
66
88
134
186
225
234
205
142
70
23
5
2
0
0
0
0
13
47
109
177
220
229
211
181
157
148
151
170
201
227
233
211
160
91
36
9
2
1
0
0
0
0
5
20
59
118
175
211
225
225
218
215
216
222
228
223
201
157
99
45
14
3
1
1
0
0
0
0
2
6
22
57
104
149
184
205
214
215
215
210
196
169
131
85
43
16
4
1
1
1
0
0
0
0
1
2
6
18
41
71
104
132
145
149
148
139
118
87
57
30
12
4
1
1
1
1
0
0
0
0
0
0
0
0
0
0
0
0
0
0
0
0
0
0
0
0
0
0
0
0
0
0
0
0
0
0
0
0
0
0
0
0
0
0
0
0
0
0
0
0
0
0
0
0
0
0
0
0
0
0
