31
44
0
0
0
0
0
0
0
0
0
0
0
0
0
0
0
0
0
0
0
0
0
0
0
0
0
0
0
0
0
0
0
0
0
0
0
0
0
0
0
0
0
0
0
0
0
0
0
0
0
0
0
0
0
0
0
0
0
0
0
0
0
0
0
0
1
1
1
1
2
4
9
19
33
52
69
77
80
79
77
68
51
33
20
10
4
2
1
1
1
1
0
0
0
0
0
1
1
1
2
6
15
33
59
89
120
143
155
158
158
155
142
119
90
62
36
17
6
2
1
1
1
1
0
0
0
0
1
1
2
7
20
45
83
126
163
191
209
217
218
218
217
209
191
165
130
89
50
22
7
2
1
1
1
0
0
0
0
1
2
7
22
53
99
149
191
218
231
233
231
229
229
231
234
231
220
195
155
104
56
23
7
2
1
1
0
0
0
0
2
6
19
52
104
160
204
229
235
227
209
193
186
186
194
210
227
236
231
208
164
106
53
19
6
2
1
0
0
0
0
4
13
40
94
157
208
233
234
216
184
147
120
109
109
121
149
184
216
235
234
209
159
95
43
14
4
2
0
0
0
0
7
25
70
136
198
232
236
213
170
120
77
51
41
41
51
78
120
168
211
235
233
200
141
75
28
8
3
0
0
0
0
13
43
103
173
223
238
221
174
113
61
29
14
10
10
15
30
60
109
168
216
237
225
179
110
48
15
4
0
0
0
0
22
66
136
201
235
233
195
131
67
26
9
4
3
3
4
9
24
59
119
185
228
236
205
142
72
25
7
0
0
0
0
32
88
162
219
239
222
168
95
38
11
3
2
1
1
2
3
9
30
79
150
211
237
222
169
96
38
10
0
0
0
0
42
105
180
229
238
209
144
71
23
6
2
1
1
1
1
2
4
16
52
119
190
232
232
190
119
52
15
0
0
0
0
50
118
191
233
235
197
126
55
16
4
1
1
1
1
1
1
2
9
36
95
170
224
236
205
139
66
21
0
0
0
0
56
127
198
236
233
188
115
47
12
3
1
1
1
1
1
1
2
6
26
77
153
214
237
216
156
80
28
0
0
0
0
59
131
202
237
232
186
111
44
11
3
1
1
1
0
1
1
1
4
19
64
138
205
236
224
169
93
34
0
0
0
0
59
131
201
237
234
190
117
48
13
3
1
1
1
0
1
1
1
3
15
54
125
196
234
228
179
104
41
0
0
0
0
55
125
196
236
237
199
128
57
16
4
2
1
1
1
1
1
1
3
12
47
115
188
232
231
186
111
45
0
0
0
0
47
113
186
232
240
210
147
73
24
6
2
1
1
1
1
1
2
4
13
47
114
187
231
233
191
117
50
0
0
0
0
36
95
169
223
241
224
172
101
42
13
4
2
1
1
1
2
4
9
25
65
131
197
235
235
194
122
52
0
0
0
0
25
73
145
208
239
236
202
141
77
33
12
5
3
3
4
7
14
30
61
109
169
218
242
237
196
124
54
0
0
0
0
15
50
113
182
228
242
227
186
128
76
41
22
15
14
18
28
48
79
120
167
209
237
247
237
196
124
54
0
0
0
0
8
29
77
143
201
234
240
222
185
140
98
69
57
55
62
81
111
147
180
206
225
240
247
237
195
122
52
0
0
0
0
4
14
43
95
157
208
235
240
227
202
171
146
133
131
139
157
181
199
204
200
207
226
242
234
191
118
50
0
0
0
0
2
6
19
51
102
159
205
231
240
236
224
211
204
203
206
212
215
204
177
158
172
209
237
232
188
113
46
0
0
0
0
1
2
7
21
51
97
147
189
216
231
237
236
234
232
227
216
195
159
121
111
148
202
236
231
184
109
44
0
0
0
0
1
1
3
7
19
44
80
119
156
186
205
212
212
208
194
167
131
92
68
84
144
206
238
228
179
103
40
0
0
0
0
1
1
2
3
6
14
30
52
81
112
134
144
145
139
122
93
62
39
39
80
153
214
239
224
169
93
34
0
0
0
0
1
1
2
3
4
5
9
16
28
45
59
64
65
61
51
35
20
16
35
90
166
222
240
217
158
82
28
0
0
0
0
2
4
8
10
11
11
9
7
8
12
16
18
18
17
14
9
6
13
44
108
182
230
239
208
143
69
22
0
0
0
0
6
15
29
39
43
39
29
16
7
4
4
4
4
4
3
3
5
19
61
131
200
237
235
195
125
56
16
0
0
0
0
13
36
70
96
106
99
75
41
16
5
2
2
2
2
2
3
8
31
84
158
217
240
227
176
103
41
11
0
0
0
0
18
55
110
157
177
169
132
77
31
9
3
2
2
2
2
5
17
52
116
186
231
240
212
152
79
28
7
0
0
0
0
18
57
123
185
218
216
179
115
54
18
6
3
3
3
5
14
39
90
156
213
239
232
190
122
56
18
5
0
0
0
0
13
45
107
177
223
234
210
156
91
44
20
11
9
11
19
41
83
141
197
233
240
215
159
89
35
10
3
0
0
0
0
8
29
78
147
206
235
230
197
146
96
61
44
40
43
59
94
143
193
228
241
228
184
119
57
19
6
2
0
0
0
0
4
16
49
108
173
219
236
228
201
164
131
113
107
111
129
162
201
229
240
232
199
142
77
31
9
3
1
0
0
0
0
3
8
26
66
125
182
220
235
232
217
200
188
185
188
199
217
233
238
229
200
151
92
42
14
4
2
1
0
0
0
0
2
3
10
32
72
124
173
207
226
233
232
230
229
230
232
234
229
214
186
143
93
47
18
5
2
1
1
0
0
0
0
1
1
4
11
31
65
107
146
178
202
214
218
219
218
215
204
183
154
119
78
42
17
6
2
1
1
1
0
0
0
0
1
1
1
3
10
24
47
75
105
133
151
157
159
158
152
135
109
80
54
30
13
5
2
1
1
1
1
0
0
0
0
1
1
1
1
3
7
14
26
43
61
74
79
80
79
75
63
45
28
16
8
3
1
1
1
1
1
0
0
0
0
0
0
0
0
0
0
0
0
0
0
0
0
0
0
0
0
0
0
0
0
0
0
0
0
0
0
0
0
0
0
0
0
0
0
0
0
0
0
0
0
0
0
0
0
0
0
0
0
0
0
0
0
0
0
0
0
0
0
0
0
0
