31
38
0
0
0
0
0
0
0
0
0
0
0
0
0
0
0
0
0
0
0
0
0
0
0
0
0
0
0
0
0
0
0
0
0
0
0
0
0
0
0
0
0
0
0
0
0
0
0
0
0
0
0
0
0
0
0
0
0
0
0
0
0
0
0
0
1
1
1
1
2
4
9
17
29
44
57
64
66
66
64
57
44
29
18
9
4
2
1
1
1
1
0
0
0
0
0
1
1
1
3
7
17
35
60
87
114
135
145
148
148
145
134
113
87
62
38
19
8
3
1
1
1
1
0
0
0
0
1
1
3
10
26
55
92
132
165
190
205
211
212
212
211
205
190
167
136
98
59
28
11
4
1
1
1
0
0
0
0
1
4
12
33
70
118
164
199
219
225
222
215
211
211
215
222
226
221
203
169
122
72
33
12
4
1
1
0
0
0
0
3
10
31
74
130
182
216
229
223
203
177
156
146
147
157
178
204
224
231
219
185
132
75
32
11
3
1
0
0
0
0
6
22
61
123
184
223
233
217
182
139
100
74
64
64
75
101
139
181
216
233
224
186
127
66
25
7
3
0
0
0
0
13
42
99
168
218
236
220
177
120
71
39
22
17
17
23
39
70
116
171
216
235
220
173
106
47
15
4
0
0
0
0
23
68
137
201
234
231
192
129
67
28
11
5
3
3
5
11
26
60
117
181
225
234
206
144
75
27
7
0
0
0
0
35
93
166
221
238
218
161
89
35
10
3
2
1
1
1
3
8
27
73
141
204
235
225
175
103
42
12
0
0
0
0
46
111
185
231
237
203
136
64
20
5
2
1
1
1
1
1
3
13
45
108
180
228
234
197
129
59
18
0
0
0
0
54
124
195
235
233
191
119
50
14
3
1
1
1
1
1
1
2
7
29
83
158
217
237
212
151
76
26
0
0
0
0
58
130
200
236
232
187
113
46
12
3
1
1
1
0
1
1
1
5
20
66
140
206
236
222
167
91
34
0
0
0
0
58
129
200
237
234
191
119
50
13
3
1
1
1
0
1
1
1
3
15
54
124
195
234
228
179
104
41
0
0
0
0
52
121
193
234
237
202
134
63
19
5
2
1
1
1
1
1
2
3
13
48
116
189
232
231
187
113
46
0
0
0
0
42
103
177
227
240
217
160
88
35
10
3
2
1
1
1
2
3
7
21
59
124
193
234
234
192
119
51
0
0
0
0
29
79
151
211
239
232
193
130
69
29
12
5
3
3
4
7
13
27
53
98
159
212
240
236
195
123
53
0
0
0
0
17
53
116
182
226
239
223
180
124
75
43
25
19
18
21
31
50
77
115
159
202
232
246
237
196
123
53
0
0
0
0
8
29
74
137
194
228
237
221
187
146
108
81
70
68
74
92
119
149
176
198
218
236
246
236
194
121
52
0
0
0
0
4
12
37
82
140
191
223
235
228
209
185
164
154
152
158
171
187
195
191
185
196
221
240
234
190
116
49
0
0
0
0
2
4
13
37
78
128
174
207
225
230
227
221
216
214
213
210
201
178
148
136
162
207
237
231
186
111
45
0
0
0
0
1
2
4
12
31
62
101
140
172
196
211
215
215
211
200
179
149
113
86
95
147
206
237
229
180
104
41
0
0
0
0
1
1
2
4
9
20
39
64
91
120
140
149
150
145
129
103
73
49
46
83
153
214
239
224
170
94
35
0
0
0
0
1
2
4
5
6
8
12
19
31
47
60
65
65
62
53
37
23
19
38
93
168
223
240
216
156
80
27
0
0
0
0
3
9
16
22
24
22
17
11
9
12
15
17
17
16
13
9
7
15
50
115
188
232
238
204
137
65
20
0
0
0
0
9
26
50
69
76
71
54
30
12
5
3
3
3
3
3
3
7
25
73
145
208
238
231
185
114
48
14
0
0
0
0
16
48
96
136
154
146
115
67
27
8
3
2
2
2
2
5
15
47
107
177
226
239
216
158
86
32
9
0
0
0
0
17
55
117
176
208
207
172
112
54
20
7
4
3
3
6
16
41
88
152
209
237
231
191
124
59
19
5
0
0
0
0
12
43
102
170
218
232
210
160
100
54
29
19
16
18
27
50
92
146
198
231
236
209
153
86
35
10
3
0
0
0
0
7
25
70
135
195
229
231
205
162
117
84
67
63
66
82
115
160
202
230
236
217
170
106
50
17
5
2
0
0
0
0
4
12
38
88
149
199
226
229
214
188
164
150
145
149
163
188
214
231
232
214
174
116
60
23
7
2
1
0
0
0
0
2
5
16
44
89
141
184
212
223
223
218
213
211
212
217
224
226
217
196
159
110
62
26
9
3
1
1
0
0
0
0
1
2
5
15
38
74
114
150
179
199
209
212
212
211
209
201
183
158
125
87
50
23
8
3
1
1
1
0
0
0
0
1
1
2
4
11
26
48
74
101
126
141
147
148
147
142
128
105
79
54
32
15
6
2
1
1
1
1
0
0
0
0
1
1
1
1
3
6
13
23
37
51
62
66
66
65
62
53
39
25
15
7
3
1
1
1
1
1
0
0
0
0
0
0
0
0
0
0
0
0
0
0
0
0
0
0
0
0
0
0
0
0
0
0
0
0
0
0
0
0
0
0
0
0
0
0
0
0
0
0
0
0
0
0
0
0
0
0
0
0
0
0
0
0
0
0
0
0
0
0
0
0
0
