31
48
0
0
0
0
0
0
0
0
0
0
0
0
0
0
0
0
0
0
0
0
0
0
0
0
0
0
0
0
0
0
0
0
0
0
0
0
0
0
0
0
0
0
0
0
0
0
0
0
0
0
0
0
0
0
0
0
0
0
0
0
0
0
0
0
1
1
1
1
2
5
13
27
47
73
94
106
108
108
105
93
72
47
28
15
6
3
1
1
1
1
0
0
0
0
0
1
1
1
2
7
18
41
73
108
142
167
180
182
182
179
166
141
109
76
45
21
8
3
1
1
1
1
0
0
0
0
1
1
3
7
21
50
92
138
177
205
222
229
230
230
229
222
205
179
143
99
55
24
8
3
1
1
1
0
0
0
0
1
2
7
21
53
101
154
198
224
237
239
237
235
235
237
239
237
226
202
161
107
56
22
7
2
1
1
0
0
0
0
2
5
17
49
101
159
205
232
239
232
217
202
194
195
202
218
233
240
234
209
162
102
49
17
5
2
1
0
0
0
0
3
11
35
86
150
204
233
238
225
196
161
134
121
122
135
163
197
225
239
234
206
151
87
37
12
4
2
0
0
0
0
6
20
60
126
190
230
239
223
186
138
92
62
50
50
63
94
138
185
222
239
230
192
129
65
23
7
3
0
0
0
0
10
35
89
161
216
239
230
191
134
79
40
20
13
13
20
41
78
131
187
227
239
219
167
97
40
12
4
0
0
0
0
17
54
120
189
231
237
209
152
86
38
14
6
3
4
6
14
36
79
143
202
235
233
195
127
60
19
5
0
0
0
0
26
75
148
210
238
229
185
115
51
17
5
2
2
2
2
5
14
43
101
171
223
238
214
154
81
29
8
0
0
0
0
35
94
169
223
240
218
160
86
32
8
3
1
1
1
1
2
6
23
69
140
206
237
226
177
103
41
11
0
0
0
0
44
108
183
230
238
206
140
67
21
5
2
1
1
1
1
1
3
13
48
114
187
231
233
194
123
54
16
0
0
0
0
51
119
192
234
235
196
125
54
15
3
1
1
1
1
1
1
2
8
34
93
169
223
236
206
141
67
21
0
0
0
0
56
127
198
236
232
188
114
46
12
3
1
1
1
0
1
1
2
6
26
77
153
215
237
216
156
80
27
0
0
0
0
59
132
202
237
231
185
110
44
11
3
1
1
1
0
1
1
1
4
20
66
140
207
237
223
168
92
33
0
0
0
0
60
132
202
237
232
188
114
46
12
3
1
1
1
0
1
1
1
3
16
56
128
198
235
227
177
101
39
0
0
0
0
57
129
199
237
235
194
123
52
14
3
1
1
1
0
1
1
1
3
13
49
118
191
233
230
184
109
44
0
0
0
0
52
120
193
234
238
204
136
63
19
4
2
1
1
1
1
1
2
3
12
44
111
185
231
232
189
115
48
0
0
0
0
43
107
181
230
241
215
155
80
28
7
2
1
1
1
1
1
2
4
14
49
115
188
232
234
193
120
51
0
0
0
0
33
89
164
221
242
228
180
109
48
15
5
2
1
1
2
2
4
11
29
72
138
202
237
235
195
123
53
0
0
0
0
23
69
141
206
239
239
207
148
82
35
13
5
3
3
4
7
15
32
66
117
177
222
244
237
196
124
54
0
0
0
0
14
48
112
182
228
243
230
190
131
76
39
20
13
12
15
26
47
80
124
173
214
240
248
237
196
124
54
0
0
0
0
8
30
79
147
205
237
242
223
184
136
92
62
48
46
54
73
106
145
182
210
230
242
248
237
195
122
53
0
0
0
0
4
15
47
103
167
216
240
241
225
196
161
132
118
116
125
145
174
198
209
210
215
230
243
235
192
118
50
0
0
0
0
2
7
23
60
118
177
219
240
243
234
217
201
192
191
196
207
217
214
194
174
182
212
237
233
188
114
47
0
0
0
0
1
3
9
28
68
122
175
214
234
242
242
238
235
234
233
229
215
185
145
126
152
202
235
231
186
111
45
0
0
0
0
1
1
4
11
30
65
112
158
194
218
232
237
237
234
224
202
169
126
90
91
142
203
237
230
182
107
42
0
0
0
0
1
1
2
4
10
26
53
88
125
161
185
195
195
189
172
139
101
65
50
78
146
209
239
227
176
100
38
0
0
0
0
1
1
2
3
4
9
18
34
59
88
111
120
121
115
98
70
43
26
34
81
156
217
240
223
166
90
32
0
0
0
0
1
2
2
3
4
4
6
10
19
33
44
48
48
46
38
24
13
12
35
92
168
224
240
216
155
79
27
0
0
0
0
2
4
7
9
9
9
7
5
6
9
11
13
13
12
10
7
5
12
44
108
183
230
239
208
143
69
22
0
0
0
0
5
13
24
33
35
32
24
13
6
4
3
4
4
4
3
3
4
18
59
129
199
236
236
196
126
57
17
0
0
0
0
11
32
61
84
92
85
63
34
13
4
2
2
2
2
2
2
6
27
79
153
214
240
229
180
107
44
12
0
0
0
0
18
53
104
146
163
153
118
66
25
7
2
1
1
1
2
3
12
43
105
178
228
241
218
159
85
31
8
0
0
0
0
19
61
126
184
212
206
165
100
42
12
4
2
2
2
3
8
26
71
139
204
238
237
201
135
64
21
6
0
0
0
0
16
54
120
188
227
231
198
135
68
26
9
4
3
4
8
22
56
113
178
225
242
226
177
106
45
13
4
0
0
0
0
11
39
97
169
220
237
220
172
109
57
28
16
13
15
26
55
104
163
212
239
238
206
145
76
28
8
3
0
0
0
0
7
24
70
139
201
234
235
209
163
113
74
55
49
53
72
111
162
208
236
242
223
175
107
48
15
4
2
0
0
0
0
4
14
44
102
168
217
238
234
211
177
145
126
120
124
142
176
211
235
243
231
195
134
70
26
8
2
1
0
0
0
0
3
7
24
63
123
182
221
238
237
224
208
197
193
196
207
224
238
241
231
201
150
88
39
12
4
1
1
0
0
0
0
1
3
10
31
73
128
179
214
232
238
238
235
234
235
238
239
235
221
193
148
95
47
17
5
2
1
1
0
0
0
0
1
2
4
12
34
71
117
160
192
215
226
230
230
230
227
217
197
169
131
86
46
19
6
2
1
1
1
0
0
0
0
1
1
2
4
12
29
57
91
126
156
175
182
183
182
176
159
131
98
66
37
16
6
2
1
1
1
1
0
0
0
0
1
1
1
2
3
9
20
37
60
84
101
108
109
108
102
87
63
40
23
11
5
2
1
1
1
1
0
0
0
0
0
0
0
0
0
0
0
0
0
0
0
0
0
0
0
0
0
0
0
0
0
0
0
0
0
0
0
0
0
0
0
0
0
0
0
0
0
0
0
0
0
0
0
0
0
0
0
0
0
0
0
0
0
0
0
0
0
0
0
0
0
