27
44
0
0
0
0
0
0
0
0
0
0
0
0
0
0
0
0
0
0
0
0
0
0
0
0
0
0
0
0
0
0
0
0
0
0
0
0
0
0
0
0
0
0
0
0
0
0
0
0
0
0
0
0
0
0
0
0
1
1
1
1
3
8
19
37
58
73
79
79
74
60
40
23
11
4
2
1
1
1
0
0
0
0
0
1
1
1
4
11
30
59
94
128
149
157
157
151
132
101
67
37
15
5
2
1
1
1
0
0
0
0
1
1
4
12
35
75
123
166
197
213
218
218
214
201
174
135
88
45
16
5
1
1
1
0
0
0
0
1
3
11
35
79
136
187
218
231
232
230
230
232
232
223
197
151
93
43
14
4
1
1
0
0
0
0
2
7
27
72
135
191
225
232
220
201
188
188
198
217
232
230
202
148
83
33
9
3
1
0
0
0
0
4
16
52
116
183
224
231
209
170
133
113
111
129
164
203
229
228
194
130
63
21
5
2
0
0
0
0
7
29
82
156
214
232
210
160
104
63
44
43
59
96
149
201
229
221
172
99
39
10
3
0
0
0
0
12
46
114
187
228
221
173
106
51
21
11
11
19
44
91
156
211
230
201
134
61
18
4
0
0
0
0
20
68
143
209
230
201
133
63
22
7
3
3
5
16
49
110
182
225
219
163
85
29
7
0
0
0
0
29
87
167
221
226
178
101
38
10
3
2
1
2
6
25
74
150
212
226
185
108
42
10
0
0
0
0
37
103
182
227
218
158
78
25
5
1
1
1
1
3
13
51
122
196
228
201
129
55
15
0
0
0
0
44
114
192
229
210
143
64
18
3
1
1
1
1
2
8
36
100
180
225
212
147
68
20
0
0
0
0
49
122
198
230
205
132
56
14
2
1
1
1
1
1
5
27
84
165
221
219
162
81
26
0
0
0
0
51
126
201
230
203
129
53
13
2
1
1
0
1
1
4
21
72
153
215
223
173
92
31
0
0
0
0
51
126
201
231
206
134
57
14
3
1
1
0
1
1
3
17
63
141
210
226
182
102
36
0
0
0
0
48
121
197
231
212
144
65
18
3
1
1
1
1
1
3
14
56
133
205
226
187
108
40
0
0
0
0
41
110
188
230
220
160
80
25
5
1
1
1
1
1
3
15
56
132
204
227
192
114
43
0
0
0
0
33
94
173
225
228
182
106
42
11
3
1
1
2
3
8
26
73
147
211
231
195
117
45
0
0
0
0
23
74
152
215
234
206
142
73
27
9
4
3
5
10
25
58
114
179
226
235
196
119
46
0
0
0
0
15
53
123
195
233
227
184
120
64
31
17
15
21
37
68
114
168
214
240
238
197
119
46
0
0
0
0
8
33
89
162
217
236
219
176
125
83
61
57
68
94
134
174
205
228
242
237
196
118
46
0
0
0
0
4
17
54
117
183
226
236
221
190
157
137
133
144
167
191
202
203
213
233
234
193
114
43
0
0
0
0
2
7
26
70
133
191
227
237
231
217
207
204
208
213
206
183
166
184
220
230
189
110
41
0
0
0
0
1
3
10
33
77
134
184
217
233
236
235
232
224
206
172
131
122
163
215
228
186
106
39
0
0
0
0
1
1
3
12
33
71
117
160
192
208
212
206
187
151
108
78
95
159
217
227
181
101
36
0
0
0
0
1
1
2
4
11
26
52
86
119
139
144
137
115
80
49
45
89
166
222
225
173
92
31
0
0
0
0
1
1
2
3
5
8
16
32
50
61
64
60
47
29
19
37
97
177
226
221
163
82
26
0
0
0
0
2
4
8
10
11
9
7
9
14
17
18
17
13
8
12
43
112
190
230
215
150
71
21
0
0
0
0
5
15
30
40
40
31
17
7
4
4
4
4
3
4
16
58
133
204
232
205
134
58
16
0
0
0
0
12
36
72
98
101
80
44
16
5
2
2
2
2
6
25
78
157
218
230
190
114
45
11
0
0
0
0
17
56
115
161
170
139
81
31
8
3
2
2
3
11
42
106
182
228
224
170
92
32
7
0
0
0
0
17
60
131
193
214
185
118
52
16
5
3
3
8
26
73
143
207
233
210
145
69
21
5
0
0
0
0
13
49
117
190
226
212
156
86
37
16
10
12
25
60
119
184
227
229
187
114
47
13
3
0
0
0
0
8
33
91
166
219
228
195
137
84
52
41
45
68
115
173
219
235
213
154
80
28
7
2
0
0
0
0
5
19
62
131
196
229
224
193
152
121
109
114
138
178
217
236
226
182
113
49
15
4
1
0
0
0
0
3
10
35
88
155
208
231
228
211
194
186
189
203
223
235
228
194
136
71
25
7
2
1
0
0
0
0
1
4
16
48
101
160
203
225
232
231
229
230
232
231
219
189
140
83
35
11
3
1
1
0
0
0
0
1
2
6
19
50
96
143
181
205
216
218
217
212
194
164
124
78
38
13
4
1
1
1
0
0
0
0
1
1
2
6
18
42
74
110
139
154
158
156
147
124
91
59
31
12
4
1
1
1
1
0
0
0
0
1
1
1
2
5
13
27
46
65
76
79
78
71
55
35
19
8
3
1
1
1
1
0
0
0
0
0
0
0
0
0
0
0
0
0
0
0
0
0
0
0
0
0
0
0
0
0
0
0
0
0
0
0
0
0
0
0
0
0
0
0
0
0
0
0
0
0
0
0
0
0
0
0
0
0
0
0
0
0
