23
36
0
0
0
0
0
0
0
0
0
0
0
0
0
0
0
0
0
0
0
0
0
0
0
0
0
0
0
0
0
0
0
0
0
0
0
0
0
0
0
0
0
0
0
0
0
0
0
0
1
1
4
14
36
70
106
134
147
148
138
115
81
47
21
7
2
1
1
0
0
0
0
1
4
16
45
92
144
184
206
214
215
210
192
159
112
61
24
6
2
1
0
0
0
0
3
13
44
100
160
205
223
223
217
217
221
225
215
180
121
60
20
5
1
0
0
0
0
8
33
89
159
210
224
206
176
155
152
169
199
223
220
178
110
47
13
3
0
0
0
0
17
60
135
201
225
200
148
98
70
67
88
133
186
221
214
159
83
28
6
0
0
0
0
31
92
172
221
211
153
86
39
20
18
31
68
129
193
223
194
121
49
12
0
0
0
0
49
124
198
223
183
107
43
13
4
4
8
28
78
153
212
213
153
72
21
0
0
0
0
66
148
213
216
155
74
22
5
2
2
3
11
45
115
192
219
178
96
32
0
0
0
0
79
164
219
207
134
55
13
2
1
1
2
6
27
87
171
218
194
117
43
0
0
0
0
89
174
222
199
120
45
10
2
1
1
1
3
18
69
152
213
205
134
55
0
0
0
0
94
179
223
196
116
42
9
2
1
1
1
2
13
56
137
207
212
148
65
0
0
0
0
93
178
224
199
120
45
10
2
1
1
1
2
11
48
125
201
215
158
73
0
0
0
0
86
171
223
207
133
54
13
2
1
1
1
2
9
43
117
196
217
165
80
0
0
0
0
74
157
218
216
154
73
21
4
2
1
2
4
14
50
125
200
220
170
85
0
0
0
0
57
135
207
226
184
107
44
13
4
3
5
13
35
84
155
215
225
173
88
0
0
0
0
39
106
184
226
213
156
89
42
22
18
25
48
87
142
198
233
228
173
88
0
0
0
0
22
71
146
209
229
205
155
105
76
69
83
115
155
190
218
237
227
171
86
0
0
0
0
10
38
97
167
217
230
212
183
161
156
166
184
193
191
201
225
222
167
82
0
0
0
0
4
15
50
108
170
213
229
228
222
218
214
202
173
150
168
212
219
164
78
0
0
0
0
1
5
18
52
101
152
190
212
217
212
192
154
113
103
149
209
217
159
74
0
0
0
0
1
2
6
17
40
75
112
139
148
141
116
79
55
77
150
213
215
150
66
0
0
0
0
2
3
5
7
12
24
41
56
62
58
44
27
30
78
161
219
209
138
57
0
0
0
0
6
13
19
20
15
10
11
14
15
14
11
10
31
93
177
223
200
123
47
0
0
0
0
18
44
66
68
50
24
8
3
3
3
3
11
44
117
195
224
186
104
36
0
0
0
0
35
86
134
143
109
54
17
4
2
2
5
20
67
146
212
220
165
82
25
0
0
0
0
41
107
176
200
164
92
34
9
4
4
13
43
105
181
224
207
137
59
16
0
0
0
0
32
95
174
218
200
136
69
30
17
20
40
88
155
212
225
181
103
38
9
0
0
0
0
20
68
145
208
221
186
130
85
66
70
99
151
203
228
207
143
68
20
4
0
0
0
0
10
40
103
175
218
221
195
166
151
154
176
208
228
217
168
96
37
9
2
0
0
0
0
4
18
57
120
179
215
225
221
216
217
223
225
211
171
111
51
16
3
1
0
0
0
0
2
6
23
61
112
160
194
211
215
214
207
186
150
102
53
19
5
1
1
0
0
0
0
1
2
6
21
48
83
118
140
148
146
134
107
73
41
17
5
1
1
1
0
0
0
0
0
0
0
0
0
0
0
0
0
0
0
0
0
0
0
0
0
0
0
0
0
0
0
0
0
0
0
0
0
0
0
0
0
0
0
0
0
0
0
0
0
0
0
0
