27
36
0
0
0
0
0
0
0
0
0
0
0
0
0
0
0
0
0
0
0
0
0
0
0
0
0
0
0
0
0
0
0
0
0
0
0
0
0
0
0
0
0
0
0
0
0
0
0
0
0
0
0
0
0
0
0
0
8
25
47
60
57
40
19
11
18
33
50
61
65
64
56
40
23
11
4
2
1
1
1
0
0
0
0
19
58
108
137
131
92
50
40
62
96
127
144
150
148
135
108
75
43
19
6
2
1
1
0
0
0
0
27
84
158
200
191
142
94
96
134
174
200
212
216
215
208
187
153
107
59
24
7
2
1
0
0
0
0
30
93
176
225
220
180
149
162
194
212
215
214
215
220
228
229
215
179
123
63
22
5
1
0
0
0
0
30
95
179
231
236
215
200
202
200
182
159
147
147
161
188
218
234
224
184
118
53
15
3
0
0
0
0
30
95
180
233
245
235
214
186
147
106
76
62
62
77
115
167
214
235
222
169
94
34
8
0
0
0
0
30
95
180
234
245
225
182
126
75
41
22
15
15
24
51
103
169
220
235
205
135
60
16
0
0
0
0
30
95
180
232
236
195
128
65
27
11
5
3
3
6
18
54
120
193
233
224
166
85
27
0
0
0
0
30
95
180
231
225
167
86
30
8
3
2
1
1
2
6
28
85
167
226
233
187
105
36
0
0
0
0
30
95
180
230
220
154
69
19
4
2
1
1
1
1
3
17
65
148
217
235
198
118
43
0
0
0
0
30
95
180
230
219
151
66
17
3
1
1
0
1
1
2
13
54
134
209
235
204
126
48
0
0
0
0
30
95
180
230
219
151
66
17
3
1
1
0
1
1
2
11
48
125
203
235
207
129
50
0
0
0
0
30
95
180
230
219
151
66
17
3
1
1
0
1
1
2
10
45
120
200
234
208
130
51
0
0
0
0
30
95
180
230
219
151
66
17
3
1
1
0
1
1
2
10
46
123
201
234
208
130
51
0
0
0
0
30
95
180
230
219
151
66
17
3
1
1
0
1
1
2
12
51
130
206
235
205
127
49
0
0
0
0
30
95
180
230
219
151
66
17
3
1
1
1
1
1
3
16
62
144
215
235
199
119
44
0
0
0
0
30
95
180
230
220
153
68
18
3
1
1
1
1
1
5
26
82
165
224
232
185
102
35
0
0
0
0
30
95
180
231
224
165
85
30
8
3
1
1
1
3
13
47
115
191
233
222
161
80
24
0
0
0
0
30
95
180
232
235
194
129
69
33
15
7
5
7
15
39
90
160
217
234
202
130
55
14
0
0
0
0
30
95
180
234
245
227
188
139
94
59
39
33
37
55
95
151
205
233
220
166
91
32
7
0
0
0
0
30
95
180
234
247
240
225
203
173
139
113
104
109
132
170
208
230
223
181
114
51
15
3
0
0
0
0
30
95
180
232
240
223
210
213
216
207
196
191
194
206
222
229
217
179
121
61
21
5
1
0
0
0
0
30
95
180
231
228
190
157
164
192
212
220
223
224
223
216
196
161
111
60
23
6
2
1
0
0
0
0
30
95
180
230
221
164
103
92
119
152
173
180
181
174
154
122
85
48
20
6
2
1
1
0
0
0
0
30
95
180
230
219
153
75
41
49
72
89
96
96
90
73
50
29
14
5
2
1
1
1
0
0
0
0
30
95
180
230
219
151
68
22
15
22
29
32
32
29
22
13
7
3
2
1
1
1
0
0
0
0
0
30
95
180
230
219
151
66
18
5
5
7
7
7
7
5
3
2
1
1
1
1
0
0
0
0
0
0
30
95
180
230
219
151
66
17
3
2
2
2
2
2
2
1
1
1
1
1
0
0
0
0
0
0
0
30
94
179
229
218
150
66
17
3
1
1
1
1
1
1
1
1
1
0
0
0
0
0
0
0
0
0
30
93
176
224
214
148
65
16
3
1
1
0
0
0
0
0
0
0
0
0
0
0
0
0
0
0
0
27
84
158
200
190
132
58
15
3
1
1
0
0
0
0
0
0
0
0
0
0
0
0
0
0
0
0
19
58
108
137
131
91
40
10
2
1
1
0
0
0
0
0
0
0
0
0
0
0
0
0
0
0
0
0
0
0
0
0
0
0
0
0
0
0
0
0
0
0
0
0
0
0
0
0
0
0
0
0
0
0
0
0
0
0
0
0
0
0
0
0
0
0
0
0
0
0
0
0
0
0
0
0
0
0
0
