31
42
0
0
0
0
0
0
0
0
0
0
0
0
0
0
0
0
0
0
0
0
0
0
0
0
0
0
0
0
0
0
0
0
0
0
0
0
0
0
0
0
0
0
0
0
0
0
0
0
0
0
0
0
0
0
0
0
0
0
0
0
0
0
0
0
12
31
56
72
75
65
43
21
11
16
29
48
65
75
79
79
75
64
45
27
14
6
2
1
1
1
1
0
0
0
0
24
62
111
143
149
129
87
46
34
51
81
113
138
153
157
158
152
136
108
77
47
24
9
3
1
1
1
0
0
0
0
32
86
154
198
206
179
125
80
79
112
152
184
205
215
218
218
215
203
180
148
108
65
31
11
3
1
1
0
0
0
0
36
95
170
221
231
205
157
125
138
175
207
222
227
228
229
231
234
235
228
209
175
127
74
33
11
3
1
0
0
0
0
36
97
173
226
239
222
192
177
191
211
216
206
193
187
186
192
206
224
237
238
222
186
130
71
28
8
2
0
0
0
0
36
97
174
228
245
238
224
215
211
200
175
145
121
110
109
118
141
177
213
236
241
224
181
118
57
19
5
0
0
0
0
36
97
175
228
248
247
237
217
187
148
107
73
51
42
41
49
71
112
164
210
237
240
216
162
93
37
10
0
0
0
0
36
97
175
229
248
244
223
182
131
83
47
26
14
10
10
14
26
56
106
167
217
240
234
195
128
60
19
0
0
0
0
36
97
175
228
245
232
191
130
73
35
16
7
4
3
3
4
9
24
60
122
188
231
241
217
158
84
30
0
0
0
0
36
97
175
228
241
217
159
88
36
13
5
3
2
1
1
2
4
10
33
87
161
219
242
228
178
103
41
0
0
0
0
36
97
175
228
239
208
141
66
21
6
3
1
1
1
1
1
2
5
20
65
140
207
240
234
191
117
49
0
0
0
0
36
97
175
227
238
205
135
60
17
4
2
1
1
1
1
1
1
3
15
53
125
197
236
237
199
126
55
0
0
0
0
36
97
175
227
238
204
134
59
17
4
2
1
1
0
1
1
1
3
12
46
114
188
233
239
204
132
59
0
0
0
0
36
97
175
227
238
204
134
59
17
4
2
1
1
0
1
1
1
2
10
41
106
181
230
239
206
135
61
0
0
0
0
36
97
175
227
238
204
134
59
16
4
2
1
1
0
0
1
1
2
9
38
101
177
228
239
207
136
61
0
0
0
0
36
97
175
227
238
204
134
59
16
4
2
1
1
0
1
1
1
2
9
38
102
178
229
239
207
136
61
0
0
0
0
36
97
175
227
238
204
134
59
16
4
2
1
1
0
1
1
1
3
10
41
107
182
231
240
206
135
60
0
0
0
0
36
97
175
227
238
204
134
59
16
4
2
1
1
0
1
1
1
3
12
47
116
190
234
239
203
131
58
0
0
0
0
36
97
175
227
238
204
134
59
17
4
2
1
1
0
1
1
2
4
17
57
130
200
238
236
195
122
52
0
0
0
0
36
97
175
227
238
205
135
60
17
4
2
1
1
1
1
1
2
6
25
75
150
213
241
230
181
106
42
0
0
0
0
36
97
175
228
239
210
145
71
25
7
2
1
1
1
1
1
4
13
43
103
175
226
241
219
160
85
30
0
0
0
0
36
97
175
228
243
222
170
104
51
22
9
4
2
2
2
4
11
31
76
142
203
237
237
201
133
63
20
0
0
0
0
36
97
175
228
246
237
206
157
105
64
36
20
13
10
11
18
35
71
126
185
227
241
223
172
101
42
11
0
0
0
0
36
97
175
228
248
248
235
209
172
132
95
66
50
45
47
60
89
133
182
221
239
230
193
131
67
23
6
0
0
0
0
36
97
174
228
248
247
241
232
219
199
170
141
122
115
118
133
161
196
225
238
231
200
146
84
35
11
3
0
0
0
0
36
97
174
228
245
237
221
214
219
225
220
208
199
196
197
205
219
232
237
226
197
148
91
42
14
4
2
0
0
0
0
36
97
174
227
241
221
186
164
175
200
219
228
231
232
233
234
233
226
210
181
138
87
43
16
5
2
1
0
0
0
0
36
97
175
227
238
210
155
110
109
137
170
193
206
210
211
208
198
177
148
112
73
39
16
5
2
1
1
0
0
0
0
36
97
175
227
238
205
140
76
54
70
98
123
139
144
144
141
128
105
77
50
28
13
5
2
1
1
1
0
0
0
0
36
97
175
227
238
205
135
63
27
26
39
55
65
69
69
67
58
43
28
16
8
4
2
1
1
1
1
0
0
0
0
36
97
175
227
238
204
134
60
19
9
12
17
21
22
22
21
18
13
8
5
3
2
1
1
1
1
0
0
0
0
0
36
97
175
227
238
204
134
59
17
5
4
5
6
6
6
6
5
4
3
2
1
1
1
1
1
0
0
0
0
0
0
36
97
174
227
238
204
134
59
17
4
3
3
3
3
3
3
2
2
1
1
1
1
1
0
0
0
0
0
0
0
0
36
97
174
227
237
204
134
59
16
4
2
1
1
1
1
1
1
1
1
1
1
1
0
0
0
0
0
0
0
0
0
36
97
173
226
236
203
133
59
16
4
2
1
1
1
1
1
1
1
1
1
0
0
0
0
0
0
0
0
0
0
0
36
95
170
221
231
198
131
58
16
4
2
1
1
0
0
0
0
0
0
0
0
0
0
0
0
0
0
0
0
0
0
32
86
154
198
207
178
118
52
15
3
2
1
1
0
0
0
0
0
0
0
0
0
0
0
0
0
0
0
0
0
0
24
62
111
143
149
128
85
38
11
3
1
1
1
0
0
0
0
0
0
0
0
0
0
0
0
0
0
0
0
0
0
0
0
0
0
0
0
0
0
0
0
0
0
0
0
0
0
0
0
0
0
0
0
0
0
0
0
0
0
0
0
0
0
0
0
0
0
0
0
0
0
0
0
0
0
0
0
0
0
0
0
0
0
0
0
0
0
0
0
0
0
