31
36
0
0
0
0
0
0
0
0
0
0
0
0
0
0
0
0
0
0
0
0
0
0
0
0
0
0
0
0
0
0
0
0
0
0
0
0
0
0
0
0
0
0
0
0
0
0
0
0
0
0
0
0
0
0
0
0
0
0
0
0
0
0
0
0
10
27
47
61
64
55
37
18
11
15
26
41
55
64
67
67
64
54
39
25
13
6
3
1
1
1
1
0
0
0
0
22
59
105
135
141
122
83
46
36
53
81
109
132
145
149
149
144
130
105
77
50
27
11
4
1
1
1
0
0
0
0
32
85
152
196
205
178
129
88
89
120
156
184
201
209
212
213
211
202
182
154
117
76
40
16
5
2
1
0
0
0
0
36
95
170
221
233
210
169
143
154
184
205
211
210
210
210
214
220
227
227
215
188
146
94
48
18
5
2
0
0
0
0
36
97
174
227
242
230
208
195
198
201
191
171
153
145
144
152
170
197
221
234
230
204
157
97
45
15
4
0
0
0
0
36
97
174
228
247
243
230
212
189
159
125
94
72
63
62
70
92
129
175
214
236
234
205
150
84
33
9
0
0
0
0
36
97
175
229
247
242
220
181
133
89
56
34
21
17
16
21
34
63
111
168
216
238
231
191
125
59
19
0
0
0
0
36
97
175
228
245
229
186
126
71
36
17
8
5
3
3
5
10
24
59
118
184
229
240
217
159
86
31
0
0
0
0
36
97
175
228
241
214
154
82
33
12
5
2
1
1
1
2
3
9
30
80
154
215
241
230
182
107
43
0
0
0
0
36
97
175
227
238
206
138
64
20
5
2
1
1
1
1
1
2
4
18
59
132
201
238
236
195
122
52
0
0
0
0
36
97
175
227
238
204
134
59
17
4
2
1
1
0
1
1
1
3
13
48
117
190
234
239
202
130
58
0
0
0
0
36
97
175
227
238
204
134
59
17
4
2
1
1
0
1
1
1
2
10
41
107
182
231
239
206
135
60
0
0
0
0
36
97
175
227
238
204
134
59
16
4
2
1
1
0
0
1
1
2
9
38
102
178
229
239
207
136
61
0
0
0
0
36
97
175
227
238
204
134
59
16
4
2
1
1
0
1
1
1
2
10
40
104
180
230
239
206
135
61
0
0
0
0
36
97
175
227
238
204
134
59
16
4
2
1
1
0
1
1
1
3
11
45
113
187
233
239
203
132
59
0
0
0
0
36
97
175
227
238
204
134
59
17
4
2
1
1
1
1
1
2
4
16
56
128
198
237
236
196
122
53
0
0
0
0
36
97
175
227
238
206
137
62
19
5
2
1
1
1
1
1
2
7
27
77
151
213
240
229
179
105
42
0
0
0
0
36
97
175
228
240
213
152
81
33
12
5
2
1
1
1
2
6
18
52
113
181
228
240
214
154
80
28
0
0
0
0
36
97
175
228
244
228
185
127
76
42
23
12
8
7
7
11
23
50
98
160
212
238
230
188
120
54
16
0
0
0
0
36
97
175
228
247
243
222
187
146
107
75
51
39
35
37
47
71
110
160
206
233
232
203
146
80
31
8
0
0
0
0
36
97
175
228
247
246
236
222
204
182
154
127
110
104
107
120
147
181
213
231
228
202
153
93
42
14
3
0
0
0
0
36
97
175
228
244
236
218
206
209
214
210
199
191
188
189
197
210
223
228
218
190
145
91
45
16
5
1
0
0
0
0
36
97
175
227
240
219
180
152
157
182
202
213
218
219
220
220
218
210
192
162
123
78
40
15
5
2
1
0
0
0
0
36
97
175
227
238
208
150
97
87
108
138
161
174
179
179
176
165
145
118
87
56
29
12
4
1
1
1
0
0
0
0
36
97
175
227
238
205
137
69
39
44
63
81
93
98
98
95
85
68
48
31
17
8
3
1
1
1
1
0
0
0
0
36
97
175
227
238
204
135
61
21
14
19
27
32
34
34
33
29
21
13
8
4
2
1
1
1
1
0
0
0
0
0
36
97
175
227
238
204
134
59
17
6
5
7
8
8
8
8
7
5
3
2
1
1
1
1
1
0
0
0
0
0
0
36
97
174
227
237
204
134
59
17
4
3
2
2
2
2
2
2
2
1
1
1
1
1
0
0
0
0
0
0
0
0
36
97
174
226
237
203
133
59
16
4
2
1
1
1
1
1
1
1
1
1
1
0
0
0
0
0
0
0
0
0
0
36
95
170
221
231
199
131
58
16
4
2
1
1
0
0
0
0
0
0
0
0
0
0
0
0
0
0
0
0
0
0
32
85
152
196
204
176
116
52
15
3
2
1
1
0
0
0
0
0
0
0
0
0
0
0
0
0
0
0
0
0
0
22
59
105
135
141
121
80
36
10
3
1
1
1
0
0
0
0
0
0
0
0
0
0
0
0
0
0
0
0
0
0
0
0
0
0
0
0
0
0
0
0
0
0
0
0
0
0
0
0
0
0
0
0
0
0
0
0
0
0
0
0
0
0
0
0
0
0
0
0
0
0
0
0
0
0
0
0
0
0
0
0
0
0
0
0
0
0
0
0
0
0
