31
48
0
0
0
0
0
0
0
0
0
0
0
0
0
0
0
0
0
0
0
0
0
0
0
0
0
0
0
0
0
0
0
0
0
0
0
0
0
0
0
0
0
0
0
0
0
0
0
0
0
0
0
0
0
0
0
0
0
0
0
0
0
0
0
0
6
17
30
39
40
35
23
11
5
6
12
22
33
40
42
42
40
32
21
11
5
2
1
1
1
1
0
0
0
0
0
16
42
75
97
102
88
58
28
16
22
41
66
89
102
107
107
102
86
62
38
20
9
3
1
1
1
1
0
0
0
0
27
71
127
164
171
147
99
53
41
62
97
133
161
176
180
181
175
158
128
92
57
29
11
4
1
1
1
0
0
0
0
34
90
161
208
216
187
131
85
85
122
165
197
217
226
229
229
226
216
193
161
118
71
34
12
3
1
1
0
0
0
0
36
96
172
223
233
206
157
126
141
181
214
229
233
234
235
237
240
240
233
215
180
130
75
32
10
2
1
0
0
0
0
36
97
174
226
239
220
189
174
191
215
223
215
203
197
196
202
215
231
241
240
223
185
127
67
25
7
2
0
0
0
0
36
97
174
227
244
236
221
214
216
211
190
161
137
125
124
133
157
191
223
241
242
221
175
109
50
16
4
0
0
0
0
36
97
175
228
248
247
239
226
203
169
128
90
64
53
53
62
88
132
182
222
241
239
209
151
82
31
8
0
0
0
0
36
97
175
229
249
248
234
203
157
108
66
37
21
15
14
20
37
74
129
187
228
243
230
185
115
50
14
0
0
0
0
36
97
175
228
247
240
210
158
100
54
26
12
6
4
4
6
13
35
80
144
204
237
239
208
144
72
24
0
0
0
0
36
97
175
228
244
226
178
111
54
22
9
4
3
2
2
3
5
15
46
106
177
227
242
222
167
92
34
0
0
0
0
36
97
175
228
241
213
151
78
29
9
4
2
1
1
1
2
3
8
28
79
154
216
242
231
183
108
43
0
0
0
0
36
97
175
227
238
206
138
63
19
5
2
1
1
1
1
1
2
5
19
63
137
205
239
235
192
119
50
0
0
0
0
36
97
175
227
238
204
134
60
17
4
2
1
1
1
1
1
1
3
14
53
124
196
236
238
199
127
55
0
0
0
0
36
97
175
227
238
204
134
59
17
4
2
1
1
0
1
1
1
3
12
46
114
188
233
239
204
132
59
0
0
0
0
36
97
175
227
238
204
134
59
17
4
2
1
1
0
1
1
1
2
10
41
107
182
231
239
206
135
60
0
0
0
0
36
97
175
227
238
204
134
59
16
4
2
1
1
0
0
1
1
2
9
38
102
178
229
239
207
136
61
0
0
0
0
36
97
175
227
238
204
134
59
16
4
2
1
1
0
0
1
1
2
9
37
100
176
228
239
207
136
61
0
0
0
0
36
97
175
227
238
204
134
59
16
4
2
1
1
0
1
1
1
2
9
39
103
179
229
240
207
136
61
0
0
0
0
36
97
175
227
238
204
134
59
16
4
2
1
1
0
1
1
1
2
10
43
109
184
232
239
205
134
60
0
0
0
0
36
97
175
227
238
204
134
59
17
4
2
1
1
0
1
1
1
3
13
48
118
191
234
238
202
130
57
0
0
0
0
36
97
175
227
238
204
134
59
17
4
2
1
1
0
1
1
2
4
17
58
131
201
238
236
194
121
51
0
0
0
0
36
97
175
227
238
204
135
60
17
4
2
1
1
1
1
1
2
6
25
74
149
213
241
230
182
107
42
0
0
0
0
36
97
175
227
239
208
141
67
21
5
2
1
1
1
1
1
3
11
39
98
172
225
242
221
163
88
32
0
0
0
0
36
97
175
228
241
218
161
91
39
14
5
2
1
1
1
2
7
24
65
132
197
235
239
206
141
68
22
0
0
0
0
36
97
174
228
245
232
194
136
81
42
20
9
5
4
4
8
21
52
106
171
221
242
230
185
113
48
14
0
0
0
0
36
97
174
228
248
245
226
190
143
97
61
37
24
20
22
32
57
101
157
208
237
239
211
153
82
31
8
0
0
0
0
36
97
175
228
249
250
243
228
201
166
128
94
74
67
70
86
119
164
206
234
240
222
176
111
51
16
4
0
0
0
0
36
97
174
228
247
246
240
234
230
218
195
168
150
144
147
161
187
216
236
241
226
188
129
68
26
7
2
0
0
0
0
36
97
174
228
244
234
216
208
218
230
231
223
216
214
215
221
231
239
238
223
189
136
78
34
11
3
1
0
0
0
0
36
97
174
227
240
219
182
159
171
200
222
233
238
239
239
239
237
228
210
178
132
80
38
13
4
1
1
0
0
0
0
36
97
175
227
238
209
154
109
108
140
174
199
212
217
217
214
203
182
151
113
72
36
14
4
2
1
1
0
0
0
0
36
97
175
227
238
205
139
76
56
75
106
133
150
156
157
153
139
114
83
54
29
13
5
2
1
1
1
0
0
0
0
36
97
175
227
238
205
135
63
29
30
47
65
78
83
83
80
69
52
33
19
9
4
2
1
1
1
1
0
0
0
0
36
97
175
227
238
204
135
60
20
11
16
23
29
30
31
29
25
17
10
6
4
2
1
1
1
1
0
0
0
0
0
36
97
175
227
238
204
134
60
18
6
6
7
8
9
9
9
7
5
4
3
2
1
1
1
1
0
0
0
0
0
0
36
97
175
227
238
204
134
59
17
5
3
3
4
4
4
4
3
3
2
1
1
1
1
1
0
0
0
0
0
0
0
36
97
174
227
238
204
134
59
17
4
2
2
2
2
2
2
2
1
1
1
1
1
1
0
0
0
0
0
0
0
0
36
97
174
227
237
204
134
59
16
4
2
1
1
1
1
1
1
1
1
1
0
0
0
0
0
0
0
0
0
0
0
36
97
173
226
236
203
133
59
16
4
2
1
1
0
0
0
0
0
0
0
0
0
0
0
0
0
0
0
0
0
0
36
96
172
223
233
200
132
58
16
4
2
1
1
0
0
0
0
0
0
0
0
0
0
0
0
0
0
0
0
0
0
34
90
161
208
217
187
123
55
16
4
2
1
1
0
0
0
0
0
0
0
0
0
0
0
0
0
0
0
0
0
0
27
71
127
164
171
147
98
44
13
3
1
1
1
0
0
0
0
0
0
0
0
0
0
0
0
0
0
0
0
0
0
16
42
75
97
102
88
58
26
8
2
1
1
1
0
0
0
0
0
0
0
0
0
0
0
0
0
0
0
0
0
0
0
0
0
0
0
0
0
0
0
0
0
0
0
0
0
0
0
0
0
0
0
0
0
0
0
0
0
0
0
0
0
0
0
0
0
0
0
0
0
0
0
0
0
0
0
0
0
0
0
0
0
0
0
0
0
0
0
0
0
0
