27
42
0
0
0
0
0
0
0
0
0
0
0
0
0
0
0
0
0
0
0
0
0
0
0
0
0
0
0
0
0
0
0
0
0
0
0
0
0
0
0
0
0
0
0
0
0
0
0
0
0
0
0
0
0
0
0
0
11
31
57
72
69
48
24
14
22
40
60
74
78
77
67
48
28
13
5
2
1
1
1
0
0
0
0
21
61
113
142
136
97
53
41
63
99
131
150
157
155
141
112
76
42
18
6
2
1
1
0
0
0
0
29
85
156
197
189
139
90
89
127
170
199
213
217
216
207
183
145
98
51
19
5
1
1
0
0
0
0
32
94
174
221
214
170
135
148
186
215
225
228
229
232
234
227
205
162
104
49
16
4
1
0
0
0
0
32
95
177
227
228
201
183
195
211
210
197
188
188
198
217
233
234
211
160
93
38
10
2
0
0
0
0
32
96
178
230
240
228
216
208
189
158
128
112
112
129
164
205
233
234
203
140
69
23
5
0
0
0
0
32
96
178
231
246
238
216
179
132
88
57
44
44
59
98
154
207
234
226
178
104
41
10
0
0
0
0
32
96
178
232
244
225
181
123
70
36
18
11
11
20
47
99
166
219
234
205
137
62
18
0
0
0
0
32
96
178
230
235
198
133
70
29
11
5
3
3
6
20
58
125
195
232
221
163
84
27
0
0
0
0
32
96
178
228
225
171
94
36
11
4
2
1
2
3
9
34
93
172
225
229
181
101
36
0
0
0
0
32
96
178
227
218
156
74
23
5
2
1
1
1
1
5
22
74
155
218
232
192
113
43
0
0
0
0
32
96
178
227
216
151
69
19
4
1
1
1
1
1
3
17
62
142
211
233
198
121
48
0
0
0
0
32
96
178
227
216
150
68
19
4
1
1
0
1
1
3
14
55
132
205
232
203
127
51
0
0
0
0
32
96
178
227
216
150
68
19
4
1
1
0
1
1
2
12
50
125
200
232
205
129
52
0
0
0
0
32
96
178
227
216
150
68
19
4
1
1
0
1
1
2
11
47
121
197
231
205
130
53
0
0
0
0
32
96
178
227
216
150
68
19
4
1
1
0
1
1
2
11
47
121
198
231
205
130
53
0
0
0
0
32
96
178
227
216
150
68
19
4
1
1
0
1
1
2
12
50
126
201
232
204
129
52
0
0
0
0
32
96
178
227
216
150
68
19
4
1
1
0
1
1
3
14
56
134
206
232
202
126
50
0
0
0
0
32
96
178
227
216
150
68
19
4
1
1
1
1
1
4
18
66
146
213
232
195
118
46
0
0
0
0
32
96
178
227
216
151
69
19
4
1
1
1
1
1
6
26
82
163
221
229
183
104
38
0
0
0
0
32
96
178
227
219
159
79
26
6
2
1
1
1
2
11
42
108
184
229
222
165
85
28
0
0
0
0
32
96
178
229
228
180
108
49
18
6
3
2
3
7
25
71
143
207
233
209
142
65
19
0
0
0
0
32
96
178
231
239
211
158
100
55
28
15
11
13
26
60
117
183
227
229
187
112
45
11
0
0
0
0
32
96
178
232
247
236
208
165
119
79
55
46
51
74
117
172
217
233
211
152
79
27
6
0
0
0
0
32
96
178
232
247
242
231
215
187
154
127
118
123
146
183
218
234
220
174
106
46
13
3
0
0
0
0
32
96
178
230
239
226
216
220
223
213
201
197
200
211
227
234
221
183
122
61
21
5
1
0
0
0
0
32
96
178
228
228
196
171
181
207
224
230
232
233
233
228
211
176
125
69
27
8
2
1
0
0
0
0
32
96
178
227
220
169
120
118
149
182
202
210
210
203
184
152
110
66
29
9
3
1
1
0
0
0
0
32
96
178
227
217
155
86
62
81
112
134
143
143
135
113
82
51
25
10
3
1
1
1
0
0
0
0
32
96
178
227
216
151
72
32
32
48
62
68
68
63
49
31
17
8
3
1
1
1
1
0
0
0
0
32
96
178
227
216
150
69
22
11
15
20
22
22
20
15
9
5
3
1
1
1
1
0
0
0
0
0
32
96
178
227
216
150
68
20
6
5
6
6
6
6
4
3
2
1
1
1
1
0
0
0
0
0
0
32
96
178
227
216
150
68
19
4
3
3
3
3
3
2
2
1
1
1
1
0
0
0
0
0
0
0
32
96
178
226
215
150
68
19
4
2
1
1
1
1
1
1
1
1
1
0
0
0
0
0
0
0
0
32
95
177
225
214
149
67
19
3
1
1
1
1
1
1
1
1
0
0
0
0
0
0
0
0
0
0
32
94
174
220
210
146
66
18
3
1
1
0
0
0
0
0
0
0
0
0
0
0
0
0
0
0
0
29
85
156
197
188
131
60
17
3
1
1
0
0
0
0
0
0
0
0
0
0
0
0
0
0
0
0
21
61
113
142
136
95
43
12
2
1
1
0
0
0
0
0
0
0
0
0
0
0
0
0
0
0
0
0
0
0
0
0
0
0
0
0
0
0
0
0
0
0
0
0
0
0
0
0
0
0
0
0
0
0
0
0
0
0
0
0
0
0
0
0
0
0
0
0
0
0
0
0
0
0
0
0
0
0
0
