24
36
0
0
0
0
0
0
0
0
0
0
0
0
0
0
0
0
0
0
0
0
0
0
0
0
0
0
0
0
0
0
0
0
0
0
0
0
0
0
0
0
0
0
0
0
0
0
0
0
0
0
5
18
40
56
54
36
17
15
28
47
60
64
60
48
29
14
5
2
1
1
0
0
0
0
11
42
93
129
124
84
49
53
85
120
142
148
143
122
87
50
21
6
2
1
0
0
0
0
16
61
135
187
182
132
98
117
160
194
210
215
212
197
164
116
63
24
6
1
0
0
0
0
18
68
151
211
212
175
156
178
204
214
214
216
222
228
218
184
124
61
19
4
0
0
0
0
18
69
153
217
230
212
200
199
186
164
149
151
170
202
227
224
181
110
45
12
0
0
0
0
18
69
153
220
241
229
202
164
120
83
65
67
91
140
196
228
216
157
79
25
0
0
0
0
19
69
154
221
239
214
161
101
54
27
17
18
35
78
145
207
227
191
114
43
0
0
0
0
19
69
154
219
226
179
106
48
18
7
4
4
11
38
98
176
224
211
142
62
0
0
0
0
19
69
154
216
213
149
70
22
6
2
2
2
5
19
68
149
215
220
161
77
0
0
0
0
19
69
154
215
207
136
55
14
3
1
1
1
3
13
52
131
206
223
172
87
0
0
0
0
19
69
154
215
206
133
53
13
2
1
1
1
2
10
44
119
198
224
179
93
0
0
0
0
19
69
154
215
206
133
53
12
2
1
1
1
2
9
39
111
192
223
182
96
0
0
0
0
19
69
154
215
206
133
53
12
2
1
1
1
2
8
37
107
189
222
182
97
0
0
0
0
19
69
154
215
206
133
53
12
2
1
1
1
2
8
38
109
191
223
182
97
0
0
0
0
19
69
154
215
206
133
53
12
2
1
1
1
2
9
42
116
196
224
180
94
0
0
0
0
19
69
154
215
206
133
53
12
2
1
1
1
2
12
50
128
204
223
173
88
0
0
0
0
19
69
154
215
207
135
55
13
3
1
1
1
4
18
65
147
213
219
159
75
0
0
0
0
19
69
154
216
212
148
68
21
5
2
1
2
8
33
93
173
222
208
137
58
0
0
0
0
19
69
154
219
225
178
108
52
22
9
6
9
25
66
135
202
226
188
109
40
0
0
0
0
19
69
154
221
239
217
170
116
71
44
35
42
70
123
184
223
214
154
76
24
0
0
0
0
19
69
154
221
243
235
215
186
150
119
107
115
145
188
221
221
178
107
43
11
0
0
0
0
19
69
154
219
234
221
212
214
209
198
192
197
211
224
220
185
123
59
18
4
0
0
0
0
19
69
154
216
219
184
162
179
204
218
223
223
220
206
173
121
64
23
6
1
0
0
0
0
19
69
154
215
210
152
103
108
141
168
179
179
166
138
99
57
24
7
2
1
0
0
0
0
19
69
154
215
206
137
67
48
65
85
95
94
84
62
38
18
6
2
1
1
0
0
0
0
19
69
154
215
206
134
55
21
20
28
31
31
27
18
10
5
2
1
1
1
0
0
0
0
19
69
154
215
206
133
53
14
6
7
7
7
6
4
3
2
1
1
1
0
0
0
0
0
18
69
154
214
206
133
53
13
3
3
2
2
2
2
1
1
1
1
0
0
0
0
0
0
18
69
153
214
205
133
53
12
3
1
1
1
1
1
1
1
0
0
0
0
0
0
0
0
18
68
151
210
202
131
52
12
2
1
1
0
0
0
0
0
0
0
0
0
0
0
0
0
16
61
135
187
180
117
47
11
2
1
1
0
0
0
0
0
0
0
0
0
0
0
0
0
11
42
93
129
124
80
32
8
2
1
1
0
0
0
0
0
0
0
0
0
0
0
0
0
0
0
0
0
0
0
0
0
0
0
0
0
0
0
0
0
0
0
0
0
0
0
0
0
0
0
0
0
0
0
0
0
0
0
0
0
0
0
0
0
0
0
0
0
0
0
