10
30
0
0
0
0
0
0
0
0
0
0
0
0
0
0
0
0
0
0
0
0
0
0
55
124
167
167
124
55
0
0
0
0
73
167
225
225
167
73
0
0
0
0
78
178
240
240
178
78
0
0
0
0
73
167
225
225
167
73
0
0
0
0
55
124
167
167
124
55
0
0
0
0
29
66
88
88
66
29
0
0
0
0
29
66
88
88
66
29
0
0
0
0
55
124
167
167
124
55
0
0
0
0
73
167
225
225
167
73
0
0
0
0
78
178
240
240
178
78
0
0
0
0
78
178
240
240
178
78
0
0
0
0
78
178
240
240
178
78
0
0
0
0
78
178
240
240
178
78
0
0
0
0
78
178
240
240
178
78
0
0
0
0
78
178
240
240
178
78
0
0
0
0
78
178
240
240
178
78
0
0
0
0
78
178
240
240
178
78
0
0
0
0
78
178
240
240
178
78
0
0
0
0
78
178
240
240
178
78
0
0
0
0
78
178
240
240
178
78
0
0
0
0
78
178
240
240
178
78
0
0
0
0
78
178
240
240
178
78
0
0
0
0
78
178
240
240
178
78
0
0
0
0
78
178
240
240
178
78
0
0
0
0
73
167
225
225
167
73
0
0
0
0
55
124
167
167
124
55
0
0
0
0
0
0
0
0
0
0
0
0
0
0
0
0
0
0
0
0
0
0
