13
30
0
0
0
0
0
0
0
0
0
0
0
0
0
0
0
0
0
0
0
0
0
0
0
0
0
0
0
0
93
148
167
142
85
30
5
0
0
0
0
0
0
98
182
225
210
142
58
12
0
0
0
0
0
0
85
182
240
236
171
74
15
0
0
0
0
0
0
73
167
225
225
167
73
15
0
0
0
0
0
0
55
124
167
167
124
55
12
0
0
0
0
0
0
25
59
85
88
70
35
10
1
0
0
0
0
0
10
35
70
88
85
59
25
5
0
0
0
0
0
12
55
124
167
167
124
55
12
0
0
0
0
0
15
73
167
225
225
167
73
15
0
0
0
0
0
16
78
178
240
240
178
78
16
0
0
0
0
0
15
74
171
236
240
182
85
20
1
0
0
0
0
12
59
147
221
240
197
109
35
5
0
0
0
0
5
35
109
197
240
221
147
59
12
0
0
0
0
1
20
85
182
240
236
171
74
15
0
0
0
0
0
16
78
178
240
240
178
78
16
0
0
0
0
0
16
78
178
240
240
178
78
16
0
0
0
0
0
15
74
171
236
240
182
85
20
0
0
0
0
0
12
59
147
221
240
197
109
35
0
0
0
0
0
5
35
109
197
240
221
147
59
0
0
0
0
0
1
20
85
182
240
236
171
74
0
0
0
0
0
0
16
78
178
240
240
178
78
0
0
0
0
0
0
16
78
178
240
241
182
85
0
0
0
0
0
0
15
74
171
236
243
197
109
0
0
0
0
0
0
12
59
147
221
245
217
141
0
0
0
0
0
0
5
34
104
185
225
206
136
0
0
0
0
0
0
1
15
61
128
161
142
85
0
0
0
0
0
0
0
0
0
0
0
0
0
0
0
0
0
0
0
0
0
0
0
0
0
0
0
0
