15
30
0
0
0
0
0
0
0
0
0
0
0
0
0
0
0
0
0
0
0
0
0
0
0
0
0
0
0
0
0
0
0
0
44
93
135
131
84
32
7
1
0
0
0
0
0
0
0
90
162
208
200
138
60
15
2
0
0
0
0
0
0
0
117
198
239
228
165
76
20
2
1
0
0
0
0
0
0
118
200
238
223
161
76
22
3
1
0
0
0
0
0
0
97
169
201
179
123
58
18
4
1
0
0
0
0
0
0
55
106
129
110
73
37
14
4
1
0
0
0
0
0
0
21
51
78
90
83
61
32
10
2
1
0
0
0
0
0
14
46
97
145
162
138
84
32
7
1
0
0
0
0
0
20
66
137
202
226
203
138
60
15
2
0
0
0
0
0
16
62
141
214
245
229
165
76
19
2
0
0
0
0
0
10
49
129
208
245
234
175
85
24
3
1
0
0
0
0
7
42
118
201
243
239
190
108
38
7
1
0
0
0
0
6
33
99
181
234
245
214
143
62
15
2
0
0
0
0
3
19
69
149
218
246
229
165
76
19
2
0
0
0
0
1
10
47
124
203
243
234
175
85
24
3
0
0
0
0
0
6
33
99
181
233
236
190
108
38
7
0
0
0
0
0
3
19
69
149
218
241
214
143
62
15
0
0
0
0
0
1
10
49
129
208
244
230
168
81
23
0
0
0
0
0
0
7
42
118
201
242
237
186
106
38
0
0
0
0
0
0
6
33
99
181
233
242
209
139
61
0
0
0
0
0
0
3
19
69
149
218
244
226
163
75
0
0
0
0
0
0
1
10
49
129
208
245
233
174
85
0
0
0
0
0
0
0
7
42
118
201
243
239
190
108
0
0
0
0
0
0
0
6
33
99
181
233
240
204
133
0
0
0
0
0
0
0
3
18
66
141
202
213
177
117
0
0
0
0
0
0
0
1
8
36
91
139
141
102
59
0
0
0
0
0
0
0
0
0
0
0
0
0
0
0
0
0
0
0
0
0
0
0
0
0
0
0
0
0
0
0
0
