12
30
0
0
0
0
0
0
0
0
0
0
0
0
0
0
0
0
0
0
0
0
0
0
0
0
0
0
0
12
55
124
167
167
124
55
0
0
0
0
0
15
73
167
225
225
167
73
0
0
0
0
0
16
78
178
240
240
178
78
0
0
0
0
0
15
73
167
226
228
173
77
0
0
0
0
0
12
55
124
170
182
148
70
0
0
0
0
1
10
35
70
95
109
98
49
0
0
0
0
5
25
59
85
92
85
59
25
0
0
0
0
12
55
124
167
168
128
61
15
0
0
0
0
15
73
167
225
225
167
73
15
0
0
0
0
16
78
178
240
240
178
78
16
0
0
0
0
16
78
178
240
240
178
78
16
0
0
0
0
16
78
178
240
240
178
78
16
0
0
0
0
16
78
178
240
240
178
78
16
0
0
0
0
16
78
178
240
240
178
78
16
0
0
0
0
16
78
178
240
240
178
78
16
0
0
0
0
16
78
178
240
240
178
78
16
0
0
0
0
16
78
178
240
240
178
78
16
0
0
0
0
20
85
182
240
236
171
74
15
0
0
0
0
35
109
197
240
221
147
59
12
0
0
0
0
59
147
221
240
197
109
35
5
0
0
0
0
74
171
236
240
182
85
20
1
0
0
0
0
78
178
240
240
178
78
16
0
0
0
0
0
78
178
240
240
178
78
16
0
0
0
0
0
78
178
240
240
178
78
16
0
0
0
0
0
73
167
225
225
167
73
15
0
0
0
0
0
55
124
167
167
124
55
12
0
0
0
0
0
0
0
0
0
0
0
0
0
0
0
0
0
0
0
0
0
0
0
0
0
0
0
