13
30
0
0
0
0
0
0
0
0
0
0
0
0
0
0
0
0
0
0
0
0
0
0
0
0
0
0
0
0
0
0
5
30
85
142
167
148
93
0
0
0
0
0
0
12
58
142
210
225
182
98
0
0
0
0
0
0
15
74
171
236
240
182
85
0
0
0
0
0
0
15
73
167
225
225
167
73
0
0
0
0
0
1
15
61
128
168
167
124
55
0
0
0
0
0
5
25
59
85
92
85
59
25
0
0
0
0
0
12
49
98
109
95
70
35
10
0
0
0
0
0
15
70
148
182
170
124
55
12
0
0
0
0
0
16
77
173
228
226
167
73
15
0
0
0
0
0
16
78
178
240
240
178
78
16
0
0
0
0
1
20
85
182
241
240
178
78
16
0
0
0
0
5
35
109
197
243
236
171
74
15
0
0
0
0
12
59
147
221
246
221
147
59
12
0
0
0
0
15
74
171
236
243
197
109
35
5
0
0
0
0
16
78
178
240
241
182
85
20
1
0
0
0
0
16
78
178
240
240
178
78
16
0
0
0
0
0
20
85
182
240
236
171
74
15
0
0
0
0
0
35
109
197
240
221
147
59
12
0
0
0
0
0
59
147
221
240
197
109
35
5
0
0
0
0
0
74
171
236
240
182
85
20
1
0
0
0
0
0
78
178
240
240
178
78
16
0
0
0
0
0
0
85
182
241
240
178
78
16
0
0
0
0
0
0
109
197
243
236
171
74
15
0
0
0
0
0
0
137
211
241
220
147
59
12
0
0
0
0
0
0
121
182
210
182
104
34
5
0
0
0
0
0
0
61
104
137
121
61
15
1
0
0
0
0
0
0
0
0
0
0
0
0
0
0
0
0
0
0
0
0
0
0
0
0
0
0
0
0
0
0
