15
29
0
0
0
0
0
0
0
0
0
0
0
0
0
0
0
0
0
0
0
0
0
0
0
0
0
0
0
0
0
0
0
0
0
0
0
3
18
62
122
162
169
143
88
0
0
0
0
0
0
0
6
33
98
176
222
222
175
95
0
0
0
0
0
0
0
7
40
112
193
238
233
174
85
0
0
0
0
0
0
0
6
31
90
162
213
215
160
75
0
0
0
0
0
0
1
5
20
53
98
144
156
119
56
0
0
0
0
0
0
3
14
37
56
64
76
78
57
26
0
0
0
0
0
1
8
36
85
116
107
89
66
35
11
0
0
0
0
0
3
18
66
137
187
188
162
113
52
13
0
0
0
0
0
6
33
99
180
229
234
200
132
57
14
0
0
0
0
0
7
42
118
201
243
239
190
108
38
7
0
0
0
0
1
10
49
129
208
244
230
169
82
23
3
0
0
0
0
3
19
69
149
218
241
214
144
64
16
2
0
0
0
0
6
33
99
181
233
236
190
110
42
10
2
0
0
0
0
7
42
118
201
242
234
175
87
26
5
1
0
0
0
0
10
49
129
208
244
229
165
76
20
2
1
0
0
0
0
19
69
149
218
241
214
143
62
15
2
0
0
0
0
0
33
99
181
233
236
190
108
38
7
1
0
0
0
0
0
47
124
203
243
234
175
85
24
3
1
0
0
0
0
0
69
149
218
246
229
165
76
19
2
0
0
0
0
0
0
99
181
234
245
214
143
62
15
2
0
0
0
0
0
0
118
201
243
239
190
108
38
7
1
0
0
0
0
0
0
129
208
245
234
175
85
24
3
1
0
0
0
0
0
0
147
218
246
229
165
76
19
2
0
0
0
0
0
0
0
161
217
230
204
139
61
15
2
0
0
0
0
0
0
0
127
166
168
139
86
34
7
1
0
0
0
0
0
0
0
0
0
0
0
0
0
0
0
0
0
0
0
0
0
0
0
0
0
0
0
0
0
0
0
0
0
0
0
