23
28
0
0
0
0
0
0
0
0
0
0
0
0
0
0
0
0
0
0
0
0
0
0
0
0
0
0
0
0
0
0
0
0
0
0
0
0
0
0
0
0
0
0
0
0
0
0
0
0
52
66
70
64
47
24
8
2
1
1
1
2
8
24
47
64
70
66
52
0
0
0
0
99
137
152
145
114
65
24
6
2
1
2
6
24
65
114
145
152
137
99
0
0
0
0
108
169
207
211
180
120
56
18
5
3
5
18
56
120
180
211
207
169
108
0
0
0
0
75
145
205
233
222
173
102
43
13
6
13
43
102
173
222
233
205
144
75
0
0
0
0
38
96
168
220
236
212
153
82
32
16
32
82
153
212
235
219
166
95
38
0
0
0
0
15
51
116
184
228
233
198
132
68
42
68
133
198
232
227
182
113
50
15
0
0
0
0
5
22
65
133
198
232
226
181
121
93
123
183
226
232
197
131
63
20
5
0
0
0
0
2
7
29
80
151
211
234
219
182
163
185
221
235
210
151
79
28
7
2
0
0
0
0
1
2
11
40
99
170
222
237
228
221
230
238
222
170
99
40
10
2
1
0
0
0
0
1
1
3
16
53
119
189
232
246
247
246
232
189
119
53
16
3
1
1
0
0
0
0
1
1
1
5
24
73
147
212
243
251
243
212
147
73
24
5
1
1
1
0
0
0
0
1
1
1
3
13
51
123
198
239
249
239
198
123
51
13
3
1
1
1
0
0
0
0
1
1
1
5
22
68
141
208
241
249
241
208
141
67
21
5
1
1
1
0
0
0
0
1
1
3
16
52
115
184
227
240
239
240
227
181
111
47
13
3
1
1
0
0
0
0
1
2
11
40
99
169
219
231
215
202
215
231
216
162
90
35
9
2
1
0
0
0
0
2
7
29
80
151
210
231
210
164
139
164
209
229
205
143
74
27
6
2
0
0
0
0
4
19
62
131
197
231
220
170
105
75
105
169
219
228
193
127
61
19
4
0
0
0
0
13
46
109
180
226
228
188
120
57
32
57
120
189
229
225
179
109
46
13
0
0
0
0
33
88
161
217
234
206
143
72
26
13
27
74
146
209
234
217
160
88
33
0
0
0
0
69
139
203
233
221
168
95
37
11
5
11
39
99
171
222
233
203
138
68
0
0
0
0
116
184
225
227
189
121
54
16
4
2
5
17
56
122
189
227
225
183
114
0
0
0
0
146
195
211
191
138
72
25
6
2
1
2
6
25
72
138
191
211
194
143
0
0
0
0
121
148
149
124
78
33
9
2
1
1
1
2
9
33
78
124
149
147
120
0
0
0
0
59
69
67
53
30
11
3
1
1
1
1
1
3
11
30
53
67
69
59
0
0
0
0
0
0
0
0
0
0
0
0
0
0
0
0
0
0
0
0
0
0
0
0
0
0
0
0
0
0
0
0
0
0
0
0
0
0
0
0
0
0
0
0
0
0
0
0
