29
32
0
0
0
0
0
0
0
0
0
0
0
0
0
0
0
0
0
0
0
0
0
0
0
0
0
0
0
0
0
0
0
0
0
0
0
0
0
0
0
0
0
0
0
0
0
0
0
0
0
0
0
0
0
0
0
0
0
0
0
0
36
62
79
86
86
78
59
32
13
4
2
1
1
1
2
4
13
32
59
78
86
86
79
62
36
0
0
0
0
56
102
140
160
164
153
121
74
33
11
3
1
1
1
3
11
33
74
121
153
164
160
140
102
56
0
0
0
0
52
107
163
202
218
212
181
126
66
26
8
3
2
3
8
26
66
126
181
212
218
202
163
107
52
0
0
0
0
32
76
138
195
230
237
220
174
110
53
19
6
4
6
19
53
110
174
220
237
230
196
138
76
32
0
0
0
0
13
41
93
159
212
238
238
211
157
92
41
15
8
15
41
92
157
211
238
238
211
158
93
41
13
0
0
0
0
5
18
53
112
177
222
241
233
198
138
75
32
18
33
75
138
198
233
240
221
174
111
53
18
5
0
0
0
0
2
7
26
68
129
190
229
241
226
182
119
64
42
65
120
182
226
241
228
187
126
65
25
7
2
0
0
0
0
1
3
10
33
81
144
202
235
239
216
166
112
89
114
169
217
239
234
201
142
78
31
9
3
1
0
0
0
0
1
1
4
14
42
95
160
213
238
235
207
170
153
173
210
236
238
213
160
94
41
13
3
1
1
0
0
0
0
1
1
2
5
18
53
112
177
223
241
235
218
211
221
237
242
223
177
112
53
18
5
2
1
1
0
0
0
0
1
1
1
2
7
25
68
131
193
231
245
244
243
245
246
232
193
131
68
25
7
2
1
1
1
0
0
0
0
1
1
1
1
3
10
35
85
150
207
239
250
252
250
239
207
150
85
35
10
3
1
1
1
1
0
0
0
0
0
1
1
1
2
4
16
49
109
177
226
247
251
247
226
177
109
49
16
4
2
1
1
1
0
0
0
0
0
0
0
1
1
1
3
10
35
91
162
219
245
250
245
219
162
91
35
9
3
1
1
1
0
0
0
0
0
0
0
1
1
1
2
4
16
50
110
178
226
247
251
247
226
177
109
49
15
4
2
1
1
1
0
0
0
0
0
1
1
1
1
3
12
38
89
153
208
238
246
246
246
238
207
150
84
34
10
3
1
1
1
1
0
0
0
0
1
1
1
2
9
30
75
139
197
231
239
230
224
230
238
230
193
131
67
25
7
2
1
1
1
0
0
0
0
1
1
2
6
22
61
123
185
226
237
221
191
175
191
221
236
222
177
112
54
19
5
2
1
1
0
0
0
0
1
1
4
16
48
104
170
219
238
227
188
137
113
137
187
226
235
213
161
97
44
15
4
1
1
0
0
0
0
1
3
11
36
86
152
208
236
233
201
144
85
60
85
143
200
232
233
203
148
84
35
10
3
1
0
0
0
0
2
7
26
70
133
194
231
238
213
161
97
46
27
46
97
162
214
237
230
193
132
69
26
7
2
0
0
0
0
5
18
54
114
178
224
240
225
180
116
57
22
12
22
58
118
183
227
240
224
178
114
54
18
5
0
0
0
0
13
41
94
160
213
238
234
199
138
74
29
10
6
10
31
78
143
203
235
238
213
160
94
40
12
0
0
0
0
31
77
140
199
233
238
215
162
95
41
14
5
3
5
15
45
99
165
216
238
233
199
140
75
30
0
0
0
0
61
121
182
223
236
223
181
118
57
20
6
2
2
2
7
22
59
119
181
223
236
222
180
118
58
0
0
0
0
87
148
194
215
213
186
133
73
29
9
3
1
1
1
3
9
29
73
133
186
213
215
192
144
82
0
0
0
0
81
128
156
164
155
125
80
37
12
4
2
1
1
1
2
4
12
37
80
125
154
163
155
126
79
0
0
0
0
48
72
84
87
80
61
35
14
4
2
1
1
1
1
1
2
5
14
35
61
80
87
84
72
48
0
0
0
0
0
0
0
0
0
0
0
0
0
0
0
0
0
0
0
0
0
0
0
0
0
0
0
0
0
0
0
0
0
0
0
0
0
0
0
0
0
0
0
0
0
0
0
0
0
0
0
0
0
0
0
0
0
0
0
0
