27
28
0
0
0
0
0
0
0
0
0
0
0
0
0
0
0
0
0
0
0
0
0
0
0
0
0
0
0
0
0
0
0
0
0
0
0
0
0
0
0
0
0
0
0
0
0
0
0
0
0
0
0
0
0
0
0
0
51
65
71
72
65
49
28
11
4
1
1
1
1
1
4
11
28
49
65
72
71
65
51
0
0
0
0
92
128
147
153
143
115
72
33
11
3
1
1
1
3
11
33
72
115
143
153
147
128
92
0
0
0
0
98
152
193
212
209
181
130
72
30
10
3
2
3
10
30
72
130
181
209
212
193
152
98
0
0
0
0
65
123
182
222
235
223
184
124
66
26
9
5
9
27
66
124
184
223
235
221
181
123
65
0
0
0
0
31
74
135
193
229
238
221
176
115
59
25
14
25
59
115
176
220
238
228
191
134
74
31
0
0
0
0
11
35
82
143
198
231
237
216
168
107
56
37
57
107
168
216
237
230
196
140
80
34
11
0
0
0
0
4
13
39
87
148
202
233
235
210
161
109
87
111
163
211
235
232
201
146
84
37
12
4
0
0
0
0
1
4
15
42
92
154
207
234
233
208
173
157
176
210
234
234
207
154
91
41
14
4
1
0
0
0
0
1
2
5
16
47
100
162
212
236
236
224
217
226
238
237
212
162
99
46
16
5
2
1
0
0
0
0
1
1
2
6
19
52
108
171
218
241
246
246
246
241
218
171
108
52
19
6
2
1
1
0
0
0
0
1
1
1
2
7
23
62
123
187
230
248
251
248
230
187
123
62
23
7
2
1
1
1
0
0
0
0
1
1
1
2
3
12
41
99
169
221
245
250
245
221
168
99
41
12
3
1
1
1
1
0
0
0
0
1
1
1
2
6
21
58
118
183
228
246
249
246
228
182
117
56
20
6
2
1
1
1
0
0
0
0
1
1
2
5
19
51
104
165
213
236
239
237
239
236
213
163
99
46
16
4
2
1
1
0
0
0
0
1
2
5
16
47
99
161
210
233
228
209
198
209
228
232
206
153
91
41
14
4
2
1
0
0
0
0
1
4
14
42
92
155
207
233
228
196
153
132
153
196
227
230
200
146
85
38
13
4
1
0
0
0
0
3
12
36
84
146
201
231
231
201
147
93
69
93
147
201
230
228
197
142
82
35
11
3
0
0
0
0
9
31
76
137
195
229
234
208
156
94
46
29
47
95
157
209
234
228
193
136
75
31
9
0
0
0
0
26
67
128
187
227
236
216
167
104
50
20
11
20
52
107
170
218
237
226
187
127
67
26
0
0
0
0
60
117
178
222
237
223
180
117
59
22
8
5
8
24
62
121
183
224
237
222
178
117
59
0
0
0
0
107
167
212
232
225
190
131
70
28
9
3
2
3
10
30
72
132
190
225
232
212
165
104
0
0
0
0
138
184
208
209
185
137
79
34
11
3
1
1
2
4
11
34
79
137
185
209
208
183
134
0
0
0
0
117
144
152
145
118
77
37
13
4
2
1
1
1
2
4
13
37
77
118
145
152
143
115
0
0
0
0
59
70
72
66
51
30
12
4
1
1
1
1
1
1
1
4
12
30
51
66
72
70
59
0
0
0
0
0
0
0
0
0
0
0
0
0
0
0
0
0
0
0
0
0
0
0
0
0
0
0
0
0
0
0
0
0
0
0
0
0
0
0
0
0
0
0
0
0
0
0
0
0
0
0
0
0
0
0
0
