29
37
0
0
0
0
0
0
0
0
0
0
0
0
0
0
0
0
0
0
0
0
0
0
0
0
0
0
0
0
0
0
0
0
0
0
0
0
0
0
0
0
0
0
0
0
0
0
0
0
0
0
0
0
0
0
0
0
0
0
0
0
22
35
43
46
46
41
29
15
6
2
1
1
1
1
1
2
6
15
29
41
46
46
43
35
22
0
0
0
0
46
79
102
111
111
101
76
42
16
5
2
1
1
1
2
5
16
42
76
101
111
111
102
79
46
0
0
0
0
60
112
155
178
183
171
136
83
37
12
4
2
1
2
4
12
37
83
136
171
183
178
155
112
60
0
0
0
0
53
109
169
209
226
220
188
131
68
26
8
3
2
3
8
26
68
131
188
220
226
209
169
109
53
0
0
0
0
32
78
142
200
233
240
221
174
108
50
17
6
3
6
17
50
108
174
221
240
233
200
142
78
32
0
0
0
0
14
44
100
167
218
241
238
208
150
84
35
12
7
12
35
84
150
208
238
240
218
167
100
44
14
0
0
0
0
6
21
62
126
190
230
243
230
189
125
63
25
13
25
63
125
189
230
242
229
188
124
61
21
6
0
0
0
0
3
9
33
84
150
207
238
241
218
166
100
47
28
48
101
166
218
241
236
204
146
81
32
9
3
0
0
0
0
2
4
15
48
105
171
220
241
236
201
142
83
58
84
144
202
236
241
219
168
101
45
15
4
2
0
0
0
0
1
2
6
23
63
126
190
230
242
226
183
131
109
134
186
227
242
230
189
124
61
22
6
2
1
0
0
0
0
1
1
3
10
33
83
150
207
238
239
217
184
169
187
220
240
238
207
150
82
33
9
3
1
1
0
0
0
0
1
1
1
4
15
48
106
174
222
242
239
226
219
228
241
243
222
173
106
48
15
4
1
1
1
0
0
0
0
1
1
1
2
6
24
67
132
195
234
247
246
245
247
247
234
195
132
67
24
7
2
1
1
1
0
0
0
0
1
1
1
1
3
11
37
89
157
213
242
251
252
251
242
213
157
89
37
11
3
1
1
1
1
0
0
0
0
0
1
1
1
2
5
18
54
116
183
229
248
251
248
229
183
116
54
18
5
2
1
1
1
0
0
0
0
0
0
0
1
1
1
3
9
34
89
161
218
244
250
244
218
161
89
34
9
3
1
1
1
0
0
0
0
0
0
0
1
1
1
1
3
10
36
92
163
219
245
250
245
219
163
91
36
10
3
1
1
1
1
0
0
0
0
0
0
1
1
1
2
5
21
60
123
188
231
248
251
248
231
187
121
58
20
5
2
1
1
1
0
0
0
0
0
1
1
1
1
4
14
44
100
165
217
241
246
245
246
241
216
162
95
40
12
3
1
1
1
1
0
0
0
0
1
1
1
2
9
32
80
146
204
235
239
229
222
229
239
234
199
138
72
27
7
2
1
1
1
0
0
0
0
1
1
2
5
21
60
123
188
229
239
223
192
176
192
222
238
224
179
113
53
18
5
2
1
1
0
0
0
0
1
1
3
13
42
98
166
218
239
230
193
143
119
143
193
230
237
211
157
91
39
12
3
1
1
0
0
0
0
1
2
8
28
75
141
202
235
237
210
155
95
68
95
155
209
236
232
197
137
72
28
8
2
1
0
0
0
0
2
5
18
55
116
182
226
240
224
178
113
56
34
56
113
178
224
240
225
180
115
54
18
5
2
0
0
0
0
3
11
37
91
158
213
239
234
199
138
73
30
16
30
74
140
201
235
239
213
158
91
37
11
3
0
0
0
0
7
24
67
133
195
233
240
218
164
97
43
15
8
16
44
101
169
221
241
233
195
133
67
24
7
0
0
0
0
15
47
106
173
222
241
232
192
126
62
22
7
5
8
24
66
132
195
233
242
222
173
106
47
15
0
0
0
0
33
82
149
206
237
239
213
157
88
36
11
4
3
4
12
39
92
159
213
239
237
206
148
81
32
0
0
0
0
63
124
186
226
239
225
181
116
55
19
6
2
2
2
6
20
56
116
181
225
239
226
185
121
59
0
0
0
0
90
153
201
223
221
193
139
75
29
9
3
1
1
1
3
9
30
75
139
193
221
223
200
150
85
0
0
0
0
90
142
173
182
172
141
90
42
14
4
2
1
1
1
2
4
14
41
90
141
173
182
172
140
87
0
0
0
0
62
93
108
111
102
79
45
19
6
2
1
1
1
1
1
2
6
19
45
79
102
111
109
92
61
0
0
0
0
27
39
45
45
41
30
16
7
2
1
1
1
1
1
1
1
2
7
16
30
41
46
45
39
27
0
0
0
0
0
0
0
0
0
0
0
0
0
0
0
0
0
0
0
0
0
0
0
0
0
0
0
0
0
0
0
0
0
0
0
0
0
0
0
0
0
0
0
0
0
0
0
0
0
0
0
0
0
0
0
0
0
0
0
0
