25
32
0
0
0
0
0
0
0
0
0
0
0
0
0
0
0
0
0
0
0
0
0
0
0
0
0
0
0
0
0
0
0
0
0
0
0
0
0
0
0
0
0
0
0
0
0
0
0
0
0
0
0
0
35
63
81
86
79
58
30
11
3
1
1
1
3
11
30
58
79
86
81
63
35
0
0
0
0
55
106
145
161
153
119
68
26
7
2
1
2
7
26
68
119
153
161
145
106
55
0
0
0
0
54
114
174
209
210
177
115
53
17
4
2
4
17
53
115
177
210
209
174
114
54
0
0
0
0
34
87
157
212
233
215
161
90
35
10
5
10
35
90
161
215
233
212
157
87
34
0
0
0
0
16
52
117
187
229
233
198
132
64
23
11
23
64
132
198
232
228
186
116
52
16
0
0
0
0
6
26
76
147
208
235
223
173
102
45
24
45
102
173
223
234
206
145
75
26
6
0
0
0
0
3
12
42
103
173
222
234
207
145
79
52
80
146
206
234
221
170
99
41
11
3
0
0
0
0
1
5
20
61
128
195
231
227
185
127
99
129
187
228
231
193
126
59
19
4
1
0
0
0
0
1
2
8
31
84
155
213
234
217
180
161
182
219
235
213
155
83
30
8
2
1
0
0
0
0
1
1
3
14
48
111
182
227
236
223
214
225
237
227
182
111
48
14
3
1
1
0
0
0
0
1
1
2
6
24
71
141
205
237
244
243
245
238
205
141
71
24
6
2
1
1
0
0
0
0
1
1
1
2
11
39
98
170
224
246
251
246
224
170
98
39
11
2
1
1
1
0
0
0
0
0
1
1
1
5
20
63
135
203
240
249
240
203
135
63
20
5
1
1
1
0
0
0
0
0
0
1
1
1
3
13
49
119
193
236
247
236
193
119
49
13
3
1
1
1
0
0
0
0
0
1
1
1
1
5
20
64
135
203
240
249
240
203
135
63
20
4
1
1
1
1
0
0
0
0
1
1
1
3
12
42
101
172
223
243
246
243
222
170
98
39
10
2
1
1
1
0
0
0
0
1
1
2
7
28
77
147
207
233
232
226
231
232
204
141
71
24
6
2
1
1
0
0
0
0
1
1
4
17
55
121
189
227
226
199
182
199
225
224
182
112
49
15
3
1
1
0
0
0
0
1
2
9
35
92
164
217
230
202
151
124
151
201
229
212
157
86
33
9
2
1
0
0
0
0
1
5
21
65
135
200
231
218
166
101
71
101
166
217
229
196
132
64
21
5
1
0
0
0
0
3
12
43
105
176
224
229
191
124
61
36
61
124
192
229
223
176
105
43
12
3
0
0
0
0
7
27
76
148
209
233
213
154
83
33
17
33
85
157
215
234
209
148
76
27
6
0
0
0
0
16
52
117
187
229
228
185
114
50
16
8
17
53
119
189
229
229
187
117
52
15
0
0
0
0
34
88
160
215
234
210
149
77
27
7
4
8
29
80
152
211
234
215
159
87
33
0
0
0
0
63
129
193
228
222
178
108
46
13
3
2
4
14
47
109
178
222
227
192
127
60
0
0
0
0
85
152
199
212
189
133
68
24
6
2
1
2
6
24
68
133
189
211
197
149
81
0
0
0
0
79
129
156
157
130
82
35
10
3
1
1
1
3
10
35
82
130
157
156
127
76
0
0
0
0
46
72
84
82
65
37
14
4
1
1
1
1
1
4
14
37
65
82
84
72
45
0
0
0
0
0
0
0
0
0
0
0
0
0
0
0
0
0
0
0
0
0
0
0
0
0
0
0
0
0
0
0
0
0
0
0
0
0
0
0
0
0
0
0
0
0
0
0
0
0
0
0
0
