21
28
0
0
0
0
0
0
0
0
0
0
0
0
0
0
0
0
0
0
0
0
0
0
0
0
0
0
0
0
0
0
0
0
0
0
0
0
0
0
0
0
0
0
0
0
44
63
68
60
39
16
5
1
1
1
5
16
39
60
68
63
44
0
0
0
0
85
129
148
136
95
45
14
3
2
3
14
45
95
136
148
129
85
0
0
0
0
92
159
201
201
157
88
33
9
4
9
33
88
157
201
201
159
92
0
0
0
0
65
136
201
227
201
136
64
21
8
21
64
136
201
226
201
136
65
0
0
0
0
33
91
167
219
224
180
106
44
21
44
106
180
224
218
165
90
33
0
0
0
0
14
51
119
190
226
212
152
82
51
83
153
212
225
188
117
50
13
0
0
0
0
5
23
72
145
207
226
193
133
103
135
194
226
206
143
70
22
5
0
0
0
0
2
9
37
97
171
220
221
189
170
191
223
220
170
96
36
8
2
0
0
0
0
1
3
16
55
125
194
229
229
224
231
230
195
125
55
16
3
1
0
0
0
0
1
1
6
27
79
154
215
241
246
242
215
154
80
27
6
2
1
0
0
0
0
1
1
3
12
45
112
188
235
248
235
188
112
45
12
3
1
1
0
0
0
0
1
1
2
7
30
91
172
228
245
228
171
91
30
7
2
1
1
0
0
0
0
1
1
3
11
42
108
184
232
246
232
184
106
41
10
2
1
1
0
0
0
0
1
1
6
26
77
150
210
235
239
235
209
146
73
24
5
1
1
0
0
0
0
1
3
16
56
125
193
224
217
206
217
222
188
117
50
14
3
1
0
0
0
0
2
8
36
97
171
218
214
173
148
173
213
215
164
91
34
8
2
0
0
0
0
4
21
70
144
206
222
184
119
86
119
184
221
203
140
68
21
4
0
0
0
0
12
46
114
186
223
205
141
71
41
71
142
206
223
186
113
46
12
0
0
0
0
29
84
160
216
221
172
97
37
17
38
99
175
222
216
160
84
29
0
0
0
0
59
130
198
226
199
130
58
18
7
19
61
134
201
227
198
129
58
0
0
0
0
99
172
219
215
162
87
31
8
4
8
32
89
163
216
219
171
97
0
0
0
0
126
185
205
177
114
50
14
3
2
4
14
50
114
177
204
183
123
0
0
0
0
106
141
144
113
63
23
6
2
1
2
6
23
63
113
144
140
104
0
0
0
0
52
66
64
47
24
8
2
1
1
1
2
8
24
47
64
66
52
0
0
0
0
0
0
0
0
0
0
0
0
0
0
0
0
0
0
0
0
0
0
0
0
0
0
0
0
0
0
0
0
0
0
0
0
0
0
0
0
0
0
0
0
