16
33
0
0
0
0
0
0
0
0
0
0
0
0
0
0
0
0
0
0
0
0
0
0
0
0
0
0
0
0
0
0
0
0
0
0
3
16
52
100
130
129
97
49
16
3
1
1
0
0
0
0
5
24
77
150
195
194
146
74
23
5
2
1
0
0
0
0
6
27
87
169
222
220
166
84
26
6
2
1
0
0
0
0
10
33
92
174
228
226
171
90
34
13
8
4
0
0
0
0
30
61
116
186
232
231
184
115
68
46
31
14
0
0
0
0
72
121
168
214
242
241
212
170
139
115
79
35
0
0
0
0
112
177
217
239
250
250
239
222
207
181
124
56
0
0
0
0
119
188
226
244
252
252
244
232
219
192
133
60
0
0
0
0
90
146
190
225
246
245
224
194
169
144
99
44
0
0
0
0
44
82
134
196
236
235
194
135
93
70
47
21
0
0
0
0
15
41
99
178
230
229
175
98
43
22
14
6
0
0
0
0
6
29
89
174
229
227
170
86
28
7
3
2
0
0
0
0
5
27
88
174
229
227
170
85
26
6
2
1
0
0
0
0
5
27
88
173
229
227
170
85
26
5
2
1
0
0
0
0
5
27
88
173
229
227
170
85
26
5
1
1
0
0
0
0
5
27
88
173
229
227
170
85
26
5
1
1
0
0
0
0
5
27
88
173
229
227
170
85
26
5
1
1
0
0
0
0
5
27
88
173
229
227
170
85
26
5
1
1
0
0
0
0
5
27
88
173
229
227
170
85
26
5
1
1
0
0
0
0
5
27
88
173
229
227
170
85
26
5
1
1
0
0
0
0
5
27
88
173
229
227
170
85
26
5
2
1
0
0
0
0
5
27
88
173
228
227
170
85
26
6
2
1
0
0
0
0
5
26
86
171
228
228
174
90
29
7
2
1
0
0
0
0
4
24
81
166
226
232
186
108
45
18
11
6
0
0
0
0
4
21
74
157
222
238
209
149
92
62
44
24
0
0
0
0
3
16
61
139
209
239
232
201
168
141
108
59
0
0
0
0
2
10
41
104
175
221
236
232
220
202
157
86
0
0
0
0
1
5
20
60
118
171
202
212
212
198
156
85
0
0
0
0
1
2
7
23
57
97
127
140
142
134
105
58
0
0
0
0
0
0
0
0
0
0
0
0
0
0
0
0
0
0
0
0
0
0
0
0
0
0
0
0
0
0
0
0
0
0
