18
39
0
0
0
0
0
0
0
0
0
0
0
0
0
0
0
0
0
0
0
0
0
0
0
0
0
0
0
0
0
0
0
0
0
0
0
0
0
0
3
13
41
88
129
147
141
112
66
26
7
2
1
1
0
0
0
0
4
18
58
122
180
206
198
156
92
37
10
3
1
1
0
0
0
0
5
20
64
136
201
232
223
175
102
41
11
4
2
1
0
0
0
0
6
21
66
139
206
237
228
179
104
43
14
6
4
2
0
0
0
0
14
33
76
145
209
239
230
183
113
55
28
19
13
6
0
0
0
0
41
70
110
167
219
243
236
198
142
96
73
59
40
19
0
0
0
0
85
130
167
204
234
249
244
223
190
162
145
124
85
41
0
0
0
0
122
181
216
235
247
253
252
243
230
219
207
179
124
60
0
0
0
0
132
195
228
243
251
254
253
248
241
233
223
193
134
64
0
0
0
0
110
165
201
225
243
251
249
237
218
201
187
161
111
53
0
0
0
0
68
107
146
190
228
246
241
213
172
137
117
98
67
32
0
0
0
0
29
53
95
157
214
242
234
192
129
78
52
40
27
13
0
0
0
0
10
27
71
142
208
240
230
182
109
49
20
11
7
4
0
0
0
0
5
21
66
140
208
239
230
180
104
42
12
4
2
1
0
0
0
0
5
20
65
140
208
240
230
180
104
41
11
3
2
1
0
0
0
0
5
20
65
140
208
240
230
180
104
41
11
3
1
1
0
0
0
0
5
19
65
139
208
240
230
180
104
41
11
3
1
1
0
0
0
0
5
19
65
139
208
240
230
180
104
41
11
3
2
1
0
0
0
0
5
19
65
139
208
240
230
180
104
41
11
3
2
1
0
0
0
0
5
19
65
139
208
240
230
180
104
41
11
3
2
1
0
0
0
0
5
19
65
139
208
240
230
180
104
41
11
3
2
1
0
0
0
0
5
19
65
139
208
240
230
180
104
41
11
3
2
1
0
0
0
0
5
19
65
139
208
240
230
180
104
41
11
3
2
1
0
0
0
0
5
19
65
139
208
240
230
180
104
41
11
3
2
1
0
0
0
0
5
19
65
139
208
240
230
180
104
41
11
3
2
1
0
0
0
0
5
19
65
139
208
240
230
180
104
41
11
4
2
1
0
0
0
0
4
19
63
137
206
239
231
183
107
43
12
4
2
1
0
0
0
0
4
17
60
133
203
238
234
192
121
55
20
9
6
4
0
0
0
0
4
15
55
126
197
237
240
209
149
88
50
35
26
15
0
0
0
0
3
13
48
115
187
233
244
228
190
145
113
95
73
43
0
0
0
0
3
10
37
95
166
219
242
241
226
204
186
167
130
76
0
0
0
0
2
6
23
65
128
187
224
238
239
234
226
209
165
96
0
0
0
0
1
3
11
35
79
133
178
205
215
217
214
199
157
92
0
0
0
0
1
1
4
14
36
71
110
139
152
155
153
143
113
66
0
0
0
0
1
1
1
4
12
27
48
66
75
77
76
71
56
33
0
0
0
0
0
0
0
0
0
0
0
0
0
0
0
0
0
0
0
0
0
0
0
0
0
0
0
0
0
0
0
0
0
0
0
0
0
0
