18
33
0
0
0
0
0
0
0
0
0
0
0
0
0
0
0
0
0
0
0
0
0
0
0
0
0
0
0
0
0
0
0
0
0
0
0
0
0
0
3
12
38
80
118
135
130
102
60
24
7
2
1
1
0
0
0
0
4
18
56
119
176
201
194
153
89
36
10
3
1
1
0
0
0
0
5
20
64
136
201
231
222
174
101
41
12
4
2
1
0
0
0
0
11
27
71
142
207
238
229
181
109
49
21
13
8
4
0
0
0
0
32
57
99
160
215
242
234
193
132
82
57
45
31
15
0
0
0
0
75
117
155
196
231
247
242
217
179
148
130
110
76
36
0
0
0
0
116
173
208
230
245
252
250
240
224
210
197
170
118
57
0
0
0
0
124
184
218
236
248
253
252
244
232
221
210
182
125
60
0
0
0
0
94
142
179
211
237
249
246
228
199
176
160
137
94
45
0
0
0
0
47
79
119
173
221
244
237
202
149
105
83
68
46
22
0
0
0
0
17
36
79
148
211
240
231
185
116
59
31
21
14
7
0
0
0
0
6
22
67
140
208
240
230
180
105
43
14
6
4
2
0
0
0
0
5
20
65
140
208
240
230
180
104
41
11
3
2
1
0
0
0
0
5
20
65
139
208
240
230
180
104
41
11
3
2
1
0
0
0
0
5
19
65
139
208
240
230
180
104
41
11
3
2
1
0
0
0
0
5
19
65
139
208
240
230
180
104
41
11
3
2
1
0
0
0
0
5
19
65
139
208
240
230
180
104
41
11
3
2
1
0
0
0
0
5
19
65
139
208
240
230
180
104
41
11
3
2
1
0
0
0
0
5
19
65
139
208
240
230
180
104
41
11
3
2
1
0
0
0
0
5
19
65
139
208
240
230
180
104
41
11
3
2
1
0
0
0
0
5
19
65
139
208
240
230
180
104
41
11
3
2
1
0
0
0
0
4
19
64
139
207
239
230
180
104
41
11
4
2
1
0
0
0
0
4
19
63
137
206
239
231
184
110
46
14
5
3
2
0
0
0
0
4
17
58
131
201
238
236
196
128
64
29
16
12
7
0
0
0
0
3
14
52
121
193
235
241
216
166
111
76
59
45
26
0
0
0
0
3
11
41
102
174
224
242
235
210
178
154
135
105
62
0
0
0
0
2
7
26
72
135
192
225
236
232
222
212
194
152
89
0
0
0
0
1
3
12
38
82
134
176
201
209
210
206
192
151
88
0
0
0
0
1
1
4
14
35
67
102
127
139
142
140
131
103
60
0
0
0
0
0
0
0
0
0
0
0
0
0
0
0
0
0
0
0
0
0
0
0
0
0
0
0
0
0
0
0
0
0
0
0
0
0
0
