18
44
0
0
0
0
0
0
0
0
0
0
0
0
0
0
0
0
0
0
0
0
0
0
0
0
0
0
0
0
0
0
0
0
0
0
0
0
0
0
2
9
27
57
84
96
92
73
43
17
5
1
1
1
0
0
0
0
4
15
47
99
145
166
160
126
74
30
8
2
1
1
0
0
0
0
5
19
61
128
188
215
207
163
96
38
10
3
1
1
0
0
0
0
5
20
65
137
203
234
225
177
103
41
12
4
2
1
0
0
0
0
5
20
65
138
205
237
228
179
104
42
12
5
3
2
0
0
0
0
9
25
69
140
207
239
229
180
107
47
19
11
7
4
0
0
0
0
25
48
90
154
213
241
233
189
124
72
47
36
24
12
0
0
0
0
61
97
137
184
226
246
240
209
164
127
106
89
61
29
0
0
0
0
103
155
192
220
241
251
248
233
210
190
176
151
104
50
0
0
0
0
131
194
228
243
250
254
253
248
240
232
222
192
133
64
0
0
0
0
134
198
231
245
251
254
254
249
243
236
226
197
136
65
0
0
0
0
112
168
203
227
244
252
250
238
220
204
190
164
113
54
0
0
0
0
73
113
152
193
230
247
242
216
176
144
124
105
72
35
0
0
0
0
33
59
101
161
216
242
234
194
134
84
59
47
32
15
0
0
0
0
12
29
73
144
209
240
230
183
111
52
24
15
10
5
0
0
0
0
6
21
66
140
208
239
230
180
105
43
13
5
3
2
0
0
0
0
5
20
65
140
208
240
230
180
104
41
11
4
2
1
0
0
0
0
5
20
65
139
208
240
230
180
104
41
11
3
2
1
0
0
0
0
5
20
65
139
208
240
230
180
104
41
11
3
1
1
0
0
0
0
5
19
65
139
208
240
230
180
104
41
11
3
1
1
0
0
0
0
5
19
65
139
208
240
230
180
104
41
11
3
2
1
0
0
0
0
5
19
65
139
208
240
230
180
104
41
11
3
2
1
0
0
0
0
5
19
65
139
208
240
230
180
104
41
11
3
2
1
0
0
0
0
5
19
65
139
208
240
230
180
104
41
11
3
2
1
0
0
0
0
5
19
65
139
208
240
230
180
104
41
11
3
2
1
0
0
0
0
5
19
65
139
208
240
230
180
104
41
11
3
2
1
0
0
0
0
5
19
65
139
208
240
230
180
104
41
11
3
2
1
0
0
0
0
5
19
65
139
208
240
230
180
104
41
11
3
2
1
0
0
0
0
5
19
65
139
208
240
230
180
104
41
11
3
2
1
0
0
0
0
5
19
65
139
208
240
230
180
104
41
11
3
2
1
0
0
0
0
4
19
64
138
207
239
230
181
105
42
12
4
2
1
0
0
0
0
4
18
61
135
204
239
233
187
112
47
14
5
3
2
0
0
0
0
4
16
57
129
200
238
237
199
131
65
26
13
9
5
0
0
0
0
3
14
52
123
195
236
242
217
163
104
65
47
36
21
0
0
0
0
3
12
46
112
185
232
245
234
202
163
133
113
88
51
0
0
0
0
3
9
35
92
164
219
242
244
232
215
199
180
141
82
0
0
0
0
2
6
22
65
128
189
227
241
243
239
233
216
170
99
0
0
0
0
1
3
11
37
83
140
188
215
225
227
224
209
165
96
0
0
0
0
1
2
5
16
42
82
126
158
172
175
173
162
128
75
0
0
0
0
1
1
2
6
16
36
63
87
98
101
100
93
73
43
0
0
0
0
0
0
0
0
0
0
0
0
0
0
0
0
0
0
0
0
0
0
0
0
0
0
0
0
0
0
0
0
0
0
0
0
0
0
