16
38
0
0
0
0
0
0
0
0
0
0
0
0
0
0
0
0
0
0
0
0
0
0
0
0
0
0
0
0
0
0
0
0
0
0
4
19
57
107
139
138
105
55
18
4
1
1
0
0
0
0
6
27
79
150
195
194
147
77
26
6
2
1
0
0
0
0
7
29
88
167
218
217
164
85
28
7
2
1
0
0
0
0
8
31
90
170
223
222
167
87
30
9
4
2
0
0
0
0
15
41
98
175
226
225
172
97
43
22
13
6
0
0
0
0
40
76
128
192
232
231
190
129
86
63
42
19
0
0
0
0
80
132
178
218
242
242
218
182
154
129
88
41
0
0
0
0
115
181
220
241
251
251
241
227
212
185
128
59
0
0
0
0
124
193
231
247
253
253
247
239
227
199
138
64
0
0
0
0
104
166
207
234
248
248
234
213
194
167
115
53
0
0
0
0
65
111
159
208
238
238
207
162
128
103
70
32
0
0
0
0
29
61
115
185
230
228
182
115
67
44
28
13
0
0
0
0
11
36
94
174
226
224
171
92
36
14
8
4
0
0
0
0
7
30
90
172
225
224
168
87
29
7
3
1
0
0
0
0
6
29
90
172
225
224
168
87
29
7
2
1
0
0
0
0
6
29
89
172
225
224
168
86
28
6
2
1
0
0
0
0
6
29
89
172
225
224
168
86
28
6
2
1
0
0
0
0
6
29
89
172
225
224
168
86
28
6
2
1
0
0
0
0
6
29
89
172
225
224
168
86
28
6
2
1
0
0
0
0
6
29
89
172
225
224
168
86
28
6
2
1
0
0
0
0
6
29
89
172
225
224
168
86
28
6
2
1
0
0
0
0
6
29
89
172
225
224
168
86
28
6
2
1
0
0
0
0
6
29
89
172
225
224
168
86
28
6
2
1
0
0
0
0
6
29
89
172
225
224
168
86
28
6
2
1
0
0
0
0
6
29
89
172
225
224
168
86
28
6
2
1
0
0
0
0
6
29
89
172
225
224
168
87
28
7
2
1
0
0
0
0
6
28
88
170
225
225
171
90
30
7
3
1
0
0
0
0
5
26
84
166
223
228
180
102
40
13
7
4
0
0
0
0
5
24
78
160
221
234
198
131
71
40
26
15
0
0
0
0
4
21
70
150
216
238
221
176
130
100
74
41
0
0
0
0
3
16
57
130
200
236
237
219
195
171
131
73
0
0
0
0
2
10
38
98
167
216
236
237
230
212
165
92
0
0
0
0
1
5
20
58
116
171
203
215
215
201
158
88
0
0
0
0
1
2
8
26
62
105
137
152
154
144
113
63
0
0
0
0
0
0
0
0
0
0
0
0
0
0
0
0
0
0
0
0
0
0
0
0
0
0
0
0
0
0
0
0
0
0
