13
33
0
0
0
0
0
0
0
0
0
0
0
0
0
0
0
0
0
0
0
0
0
0
0
0
0
0
0
0
17
53
101
126
111
66
24
5
1
0
0
0
0
25
79
152
190
167
99
36
8
2
0
0
0
0
28
89
173
216
190
112
41
9
2
0
0
0
0
33
95
178
222
195
118
48
16
7
0
0
0
0
58
117
189
227
205
139
79
47
27
0
0
0
0
110
166
215
238
225
185
146
112
69
0
0
0
0
161
212
239
249
244
228
208
173
109
0
0
0
0
170
221
244
251
247
236
219
184
116
0
0
0
0
133
187
226
243
233
204
173
139
87
0
0
0
0
76
135
199
231
212
155
102
70
41
0
0
0
0
40
102
182
224
198
124
57
25
12
0
0
0
0
29
92
178
222
195
115
43
11
3
0
0
0
0
28
91
177
222
195
114
41
9
2
0
0
0
0
28
91
177
222
195
114
41
9
2
0
0
0
0
28
91
177
222
195
114
41
9
2
0
0
0
0
28
91
177
222
195
114
41
9
2
0
0
0
0
28
91
177
222
195
114
41
9
2
0
0
0
0
28
91
177
222
195
114
41
9
2
0
0
0
0
28
91
177
222
195
114
41
9
2
0
0
0
0
28
91
177
222
195
114
41
9
2
0
0
0
0
28
91
177
222
195
114
41
9
2
0
0
0
0
28
91
177
222
195
115
42
9
2
0
0
0
0
27
89
175
222
197
118
44
10
3
0
0
0
0
25
85
171
222
205
134
60
22
10
0
0
0
0
22
78
164
222
220
168
105
64
40
0
0
0
0
17
66
148
214
233
210
173
139
96
0
0
0
0
11
46
115
187
226
232
220
194
139
0
0
0
0
5
24
71
134
185
208
210
190
137
0
0
0
0
2
9
31
70
111
135
140
128
93
0
0
0
0
0
0
0
0
0
0
0
0
0
0
0
0
0
0
0
0
0
0
0
0
0
0
0
0
