22
31
0
0
0
0
0
0
0
0
0
0
0
0
0
0
0
0
0
0
0
0
0
0
0
0
0
0
0
0
0
0
0
0
0
0
0
0
0
0
0
0
0
0
0
0
0
0
0
0
0
0
0
0
0
0
0
0
0
12
55
124
167
167
124
55
0
0
0
0
0
0
0
0
0
0
0
0
0
0
0
15
73
167
225
225
167
73
0
0
0
0
0
0
0
0
0
0
0
0
0
0
0
16
78
178
240
240
178
78
0
0
0
0
0
0
0
0
0
0
0
0
0
0
0
16
78
178
240
240
178
78
0
0
0
0
0
0
0
0
0
0
0
0
0
0
0
16
78
178
240
240
178
78
0
0
0
0
0
0
0
0
1
5
12
15
16
15
12
21
79
178
240
240
178
78
0
0
0
0
0
0
1
5
15
34
59
74
78
74
59
50
93
183
241
240
178
78
0
0
0
0
0
1
9
30
65
105
147
171
178
171
147
120
139
201
244
240
178
78
0
0
0
0
0
5
30
85
146
190
221
236
240
236
221
201
205
232
251
240
178
78
0
0
0
0
1
15
65
146
212
240
246
243
241
240
240
241
244
251
255
240
178
78
0
0
0
0
5
34
105
190
240
246
226
198
182
182
197
222
241
251
255
240
178
78
0
0
0
0
15
66
151
221
242
219
167
113
85
85
109
152
195
232
251
240
178
78
0
0
0
0
34
105
190
236
225
167
95
42
20
20
35
71
128
201
244
240
178
78
0
0
0
0
59
147
221
240
198
113
42
9
1
1
5
27
88
183
241
240
178
78
0
0
0
0
74
171
236
240
182
85
20
1
0
0
0
16
78
178
240
240
178
78
0
0
0
0
78
178
240
240
178
78
16
0
0
0
0
16
78
178
240
240
178
78
0
0
0
0
78
178
240
240
178
78
16
0
0
0
0
16
78
178
240
240
178
78
0
0
0
0
78
178
240
240
178
78
16
0
0
0
0
16
78
178
240
240
178
78
0
0
0
0
78
178
240
241
182
85
20
1
0
0
1
20
85
182
241
240
178
78
0
0
0
0
74
171
236
243
198
113
42
9
1
1
9
42
113
198
244
240
178
78
0
0
0
0
59
147
221
246
226
167
95
42
20
20
42
95
167
226
251
240
178
78
0
0
0
0
34
105
190
240
246
219
167
113
85
85
113
167
219
247
255
240
178
78
0
0
0
0
15
65
147
215
246
246
226
198
182
182
198
226
247
255
255
240
178
78
0
0
0
0
5
30
89
161
215
240
246
243
241
240
240
241
244
251
255
240
178
78
0
0
0
0
1
9
37
89
147
190
221
236
240
236
221
200
200
221
236
225
167
73
0
0
0
0
0
1
9
30
65
105
147
171
178
171
147
115
115
147
171
167
124
55
0
0
0
0
0
0
1
5
15
34
59
74
78
74
59
39
39
59
74
73
55
24
0
0
0
0
0
0
0
0
0
0
0
0
0
0
0
0
0
0
0
0
0
0
0
0
0
0
0
0
0
0
0
0
0
0
0
0
0
0
0
0
0
0
0
0
0
0
