23
31
0
0
0
0
0
0
0
0
0
0
0
0
0
0
0
0
0
0
0
0
0
0
0
0
0
0
0
0
0
0
0
0
0
0
0
0
0
0
0
0
0
0
0
0
0
0
0
0
0
0
0
0
0
0
0
0
7
36
93
148
167
142
85
30
5
0
0
0
0
0
0
0
0
0
0
0
0
0
0
4
30
98
182
225
210
142
58
12
0
0
0
0
0
0
0
0
0
0
0
0
0
0
1
20
85
182
240
236
171
74
15
0
0
0
0
0
0
0
0
0
0
0
0
0
0
0
16
78
178
240
240
178
78
16
0
0
0
0
0
0
0
0
0
0
0
0
0
0
0
16
78
178
240
240
178
78
16
0
0
0
0
0
0
0
0
0
0
0
0
0
0
0
15
74
171
236
240
182
85
20
1
0
0
0
0
0
0
0
0
1
5
12
15
16
16
28
74
158
226
241
197
109
35
5
0
0
0
0
0
0
0
1
9
30
58
74
78
78
83
108
163
220
244
221
147
59
12
0
0
0
0
0
0
1
9
37
89
143
171
178
178
179
186
208
236
251
236
171
74
15
0
0
0
0
0
1
9
37
93
162
214
236
240
240
240
241
244
251
255
240
178
78
16
0
0
0
0
0
5
30
89
162
218
242
243
241
240
240
241
244
251
255
241
182
85
20
1
0
0
0
0
15
65
147
215
242
231
201
183
178
178
182
198
226
247
243
197
109
35
5
0
0
0
0
30
99
186
239
240
195
128
88
78
78
85
114
170
226
246
221
147
59
12
0
0
0
0
44
123
206
242
222
152
71
27
16
16
20
46
114
198
243
236
171
74
15
0
0
0
0
50
133
212
237
197
109
35
5
0
0
1
20
85
182
241
240
178
78
16
0
0
0
0
63
154
225
237
182
85
20
1
0
0
0
16
78
178
240
240
178
78
16
0
0
0
0
74
171
236
239
178
78
16
0
0
0
0
15
74
171
236
240
182
85
20
0
0
0
0
78
178
240
241
182
85
20
1
0
0
0
12
59
147
221
240
197
109
35
0
0
0
0
74
171
236
243
197
109
35
5
0
0
0
6
39
115
200
241
221
147
59
0
0
0
0
59
147
221
246
222
151
66
15
1
0
1
10
45
119
201
244
236
171
74
0
0
0
0
35
109
197
243
241
191
109
41
9
2
9
37
94
167
226
251
240
178
78
0
0
0
0
19
81
175
237
250
226
167
95
42
24
42
94
163
219
247
255
240
178
78
0
0
0
0
12
59
147
221
250
247
219
167
113
91
113
167
219
247
255
255
241
182
85
0
0
0
0
5
34
104
186
234
250
246
226
198
185
198
225
242
244
245
250
239
186
99
0
0
0
0
1
15
61
131
186
221
236
240
240
241
243
242
225
201
200
217
213
167
97
0
0
0
0
0
5
24
61
104
147
175
197
221
236
236
214
166
119
115
141
140
100
55
0
0
0
0
0
1
5
15
34
59
81
109
147
171
171
143
90
45
39
56
56
34
15
0
0
0
0
0
0
0
0
0
0
0
0
0
0
0
0
0
0
0
0
0
0
0
0
0
0
0
0
0
0
0
0
0
0
0
0
0
0
0
0
0
0
0
0
0
0
0
0
