24
32
0
0
0
0
0
0
0
0
0
0
0
0
0
0
0
0
0
0
0
0
0
0
0
0
0
0
0
0
0
0
0
0
0
0
0
0
0
0
0
0
0
0
0
0
0
0
0
0
0
0
0
0
0
0
0
0
2
9
28
61
103
139
134
85
36
10
2
0
0
0
0
0
0
0
0
0
0
0
0
0
2
16
53
113
174
210
197
136
66
21
4
0
0
0
0
0
0
0
0
0
0
0
0
0
2
12
50
124
200
240
230
174
93
30
5
0
0
0
0
0
0
0
0
0
0
0
0
0
1
7
39
114
199
244
242
195
111
39
7
1
0
0
0
0
0
0
0
0
0
0
0
0
0
5
33
103
191
241
247
211
135
57
14
2
0
0
0
0
0
0
0
0
0
0
0
0
0
4
26
86
169
230
249
230
169
86
26
4
0
0
0
0
0
0
0
0
0
0
0
0
1
6
22
64
138
211
247
241
191
103
33
5
0
0
0
0
0
0
0
0
1
5
11
15
20
33
54
79
133
205
246
245
199
114
39
7
1
0
0
0
0
0
0
1
6
24
54
72
84
105
131
144
170
217
248
248
211
135
57
14
2
0
0
0
0
0
1
2
18
64
127
166
181
195
210
214
221
239
252
252
230
169
86
26
4
0
0
0
0
0
2
11
45
112
188
229
239
239
238
238
244
251
255
255
241
191
103
33
5
0
0
0
0
0
10
38
95
167
224
246
241
223
202
201
219
236
246
252
244
199
114
39
7
1
0
0
0
0
29
85
157
215
240
232
199
156
118
116
146
179
210
238
244
211
135
57
14
2
0
0
0
0
53
133
206
242
240
202
136
78
42
39
61
97
152
214
244
230
169
86
26
4
0
0
0
0
69
160
228
250
232
173
90
32
8
6
16
47
117
200
244
242
194
109
38
7
0
0
0
0
73
167
232
248
219
147
63
15
1
0
5
33
103
191
241
247
211
135
57
14
0
0
0
0
81
174
235
246
211
132
52
11
1
0
4
26
86
169
230
249
230
169
86
26
0
0
0
0
90
181
238
247
214
141
61
15
2
0
2
14
57
135
211
247
241
191
103
33
0
0
0
0
84
171
232
250
230
170
86
26
4
0
1
8
42
118
202
246
245
199
114
39
0
0
0
0
63
145
217
249
242
192
105
34
5
0
0
8
47
128
208
247
248
211
135
57
0
0
0
0
46
122
201
243
245
205
124
48
11
2
1
14
66
155
225
252
252
230
169
86
0
0
0
0
32
94
170
227
244
221
160
88
37
15
15
36
97
183
239
255
255
241
191
103
0
0
0
0
15
54
122
197
239
240
209
154
95
62
68
97
149
212
247
255
255
245
199
114
0
0
0
0
5
25
82
166
228
249
242
213
171
145
157
184
212
235
245
248
251
242
200
124
0
0
0
0
1
12
54
131
202
236
245
242
227
217
226
239
243
233
213
211
222
215
174
113
0
0
0
0
1
5
29
83
144
186
210
229
240
241
240
239
230
195
148
135
149
142
103
61
0
0
0
0
0
2
10
34
68
103
136
171
200
209
195
181
167
130
77
55
61
57
34
17
0
0
0
0
0
1
2
7
19
38
61
90
119
127
105
84
72
54
26
12
12
11
5
1
0
0
0
0
0
0
0
0
0
0
0
0
0
0
0
0
0
0
0
0
0
0
0
0
0
0
0
0
0
0
0
0
0
0
0
0
0
0
0
0
0
0
0
0
0
0
0
0
0
0
