23
31
0
0
0
0
0
0
0
0
0
0
0
0
0
0
0
0
0
0
0
0
0
0
0
0
0
0
0
0
0
0
0
0
0
0
0
0
0
0
0
0
0
0
0
0
0
0
0
0
0
0
0
0
0
0
0
0
0
0
0
0
12
55
124
160
142
85
30
0
0
0
0
0
0
0
0
0
0
0
0
0
0
0
0
15
73
167
221
210
142
58
0
0
0
0
0
0
0
0
0
0
0
0
0
0
0
0
16
78
178
239
236
171
74
0
0
0
0
0
0
0
0
0
0
0
0
0
0
0
0
16
78
178
240
240
178
78
0
0
0
0
0
0
0
0
0
0
0
0
0
0
0
0
16
78
178
240
240
178
78
0
0
0
0
0
0
1
4
8
9
13
15
16
15
12
6
21
85
182
240
236
171
74
0
0
0
0
0
1
9
27
43
50
63
74
78
74
59
39
50
114
198
240
221
147
59
0
0
0
0
0
5
30
79
118
133
154
171
178
171
147
115
120
170
226
240
197
109
35
0
0
0
0
1
15
65
142
196
212
225
236
240
236
221
200
201
226
247
240
182
85
20
0
0
0
0
5
34
105
189
237
247
247
243
241
240
240
241
244
251
255
240
178
78
16
0
0
0
0
15
66
151
222
250
247
226
198
182
182
197
222
241
251
255
240
178
78
16
0
0
0
0
34
105
190
240
246
219
167
113
85
85
109
152
195
232
251
240
178
78
16
0
0
0
0
59
147
221
246
226
167
95
42
20
20
35
71
128
201
244
240
178
78
16
0
0
0
0
74
171
236
243
198
113
42
9
1
1
5
27
88
183
241
240
178
78
16
0
0
0
0
78
178
240
241
182
85
20
1
0
0
0
16
78
178
240
240
178
78
16
0
0
0
0
78
178
240
240
178
78
16
0
0
0
0
16
78
178
240
240
178
78
16
0
0
0
0
85
182
240
236
171
74
15
0
0
0
1
20
85
182
240
236
171
74
15
0
0
0
0
109
197
241
225
154
63
13
0
0
0
5
35
109
197
240
221
147
59
12
0
0
0
0
141
217
243
215
140
54
10
0
0
1
15
66
151
222
240
197
109
35
5
0
0
0
0
141
217
246
226
157
70
16
1
1
9
41
109
191
241
240
182
85
20
1
0
0
0
0
105
190
240
240
191
110
45
20
20
42
95
167
226
251
240
178
78
16
0
0
0
0
0
65
147
215
242
225
170
114
85
85
113
167
219
247
255
240
178
78
16
0
0
0
0
0
30
89
161
214
232
221
197
182
182
198
226
247
255
255
240
178
78
16
0
0
0
0
0
9
37
89
148
194
227
240
241
240
240
241
244
251
255
240
178
78
16
0
0
0
0
0
1
9
30
69
124
190
229
240
236
221
200
200
221
236
225
167
73
15
0
0
0
0
0
0
1
5
22
65
128
168
178
171
147
115
115
147
171
167
124
55
12
0
0
0
0
0
0
0
0
5
24
55
73
78
74
59
39
39
59
74
73
55
24
5
0
0
0
0
0
0
0
0
0
0
0
0
0
0
0
0
0
0
0
0
0
0
0
0
0
0
0
0
0
0
0
0
0
0
0
0
0
0
0
0
0
0
0
0
0
0
0
0
0
