24
30
0
0
0
0
0
0
0
0
0
0
0
0
0
0
0
0
0
0
0
0
0
0
0
0
0
0
0
0
0
0
0
0
0
0
0
0
0
0
0
0
0
0
0
0
0
0
0
0
0
0
0
0
0
0
0
0
0
0
0
0
0
0
0
0
12
55
124
160
142
85
0
0
0
0
0
0
0
0
0
0
0
0
0
0
0
0
0
0
15
73
167
221
210
142
0
0
0
0
0
0
0
0
0
0
0
0
0
0
0
0
0
1
20
85
182
239
232
165
0
0
0
0
0
0
0
0
0
0
0
0
0
0
0
0
0
5
35
109
197
240
221
147
0
0
0
0
0
0
0
0
1
4
8
9
13
15
15
12
5
13
59
147
221
240
197
109
0
0
0
0
0
0
0
1
9
27
43
50
63
74
74
58
30
24
75
171
236
240
182
85
0
0
0
0
0
0
1
9
37
83
119
133
154
171
171
143
90
57
93
183
241
240
178
78
0
0
0
0
0
1
9
37
93
158
199
212
225
236
236
214
166
124
139
201
244
240
178
78
0
0
0
0
0
5
30
89
162
218
242
243
241
240
240
236
221
201
205
232
250
236
171
74
0
0
0
0
1
15
65
147
215
246
246
226
198
182
183
200
227
241
245
251
250
221
147
59
0
0
0
0
5
34
105
190
240
246
219
167
113
85
88
128
191
234
251
255
244
197
109
35
0
0
0
0
12
59
147
221
246
226
167
95
42
20
27
66
133
191
232
251
241
182
85
20
0
0
0
0
19
81
175
236
240
191
109
41
9
1
5
24
66
128
201
244
240
178
78
16
0
0
0
0
35
109
197
240
222
151
66
15
1
0
1
6
30
95
186
241
236
171
74
15
0
0
0
0
59
147
221
240
197
109
35
5
0
0
0
5
35
109
197
240
221
147
59
12
0
0
0
0
74
171
236
240
182
85
20
1
0
0
0
12
59
147
221
240
197
109
35
5
0
0
0
0
78
178
240
241
182
85
20
1
0
0
0
15
74
171
236
240
182
85
20
1
0
0
0
0
74
171
236
243
197
109
35
5
0
0
0
16
78
178
240
240
178
78
16
0
0
0
0
0
63
154
225
247
221
147
59
12
0
0
1
20
85
182
241
240
178
78
16
0
0
0
0
0
50
133
212
247
237
176
85
30
16
16
20
46
114
198
243
236
171
74
15
0
0
0
0
0
43
119
199
243
243
201
132
89
78
78
85
114
170
226
246
221
147
59
12
0
0
0
0
0
27
83
157
214
236
227
200
183
178
178
182
198
226
247
243
197
109
35
5
0
0
0
0
0
9
37
89
148
194
227
240
241
239
236
234
241
250
255
241
182
85
20
1
0
0
0
0
0
1
9
30
69
124
190
229
240
236
225
216
229
247
255
240
178
78
16
0
0
0
0
0
0
0
1
5
22
65
128
168
178
171
154
143
172
214
236
225
167
73
15
0
0
0
0
0
0
0
0
0
5
24
55
73
78
74
63
60
94
143
171
167
124
55
12
0
0
0
0
0
0
0
0
0
0
0
0
0
0
0
0
0
0
0
0
0
0
0
0
0
0
0
0
0
0
0
0
0
0
0
0
0
0
0
0
0
0
0
0
0
0
0
0
0
0
0
0
