25
30
0
0
0
0
0
0
0
0
0
0
0
0
0
0
0
0
0
0
0
0
0
0
0
0
0
0
0
0
0
0
0
0
0
0
0
0
0
0
0
0
0
0
0
0
0
0
0
0
0
0
0
0
0
0
0
0
0
0
0
0
0
0
0
0
0
1
6
29
81
133
140
106
67
0
0
0
0
0
0
0
0
0
0
0
0
0
0
0
0
0
2
14
55
128
195
213
186
135
0
0
0
0
0
0
0
0
0
0
0
0
0
0
0
0
0
4
26
86
169
229
244
219
158
0
0
0
0
0
0
0
1
2
5
8
10
13
14
12
5
1
5
33
103
191
241
247
211
135
0
0
0
0
0
0
1
2
10
27
44
52
64
70
59
35
17
15
42
114
199
245
245
199
114
0
0
0
0
0
1
2
10
37
82
119
136
155
164
147
107
73
55
72
138
211
247
241
191
103
0
0
0
0
1
5
14
39
90
153
197
213
225
232
221
193
161
131
131
179
231
249
230
169
86
0
0
0
0
6
22
56
101
158
211
239
244
243
244
246
241
225
199
190
217
245
247
211
135
57
0
0
0
0
15
56
120
178
218
242
245
228
206
203
223
240
245
237
232
242
252
242
195
111
39
0
0
0
0
25
85
168
225
247
247
224
175
128
121
153
191
221
239
247
252
252
231
174
93
30
0
0
0
0
39
110
193
241
252
236
187
113
56
43
68
108
157
205
239
253
248
213
142
68
21
0
0
0
0
65
142
213
247
247
215
146
67
19
8
17
40
87
155
218
249
245
200
118
47
11
0
0
0
0
98
179
233
249
233
180
104
38
7
1
3
17
58
130
206
246
241
191
104
35
6
0
0
0
0
113
197
243
247
212
139
63
18
3
0
4
21
69
143
213
244
230
169
86
26
4
0
0
0
0
113
198
244
243
196
111
39
7
1
0
5
30
93
174
231
244
211
135
57
14
2
0
0
0
0
121
202
243
236
181
93
28
4
0
1
7
39
111
195
242
244
199
114
39
7
1
0
0
0
0
136
212
245
230
167
77
19
2
0
2
14
57
135
211
247
241
191
103
33
5
0
0
0
0
0
130
209
245
232
170
80
21
2
1
5
30
90
172
230
249
230
169
86
26
4
0
0
0
0
0
106
194
242
241
193
112
48
21
15
22
59
130
204
244
247
211
135
57
14
2
0
0
0
0
0
82
176
236
249
224
170
115
84
72
77
117
180
231
252
245
199
114
39
7
1
0
0
0
0
0
63
149
216
243
243
224
198
179
166
164
189
225
248
254
241
191
103
33
5
0
0
0
0
0
0
37
98
160
204
231
244
243
239
232
228
237
249
254
252
230
169
86
26
4
0
0
0
0
0
0
13
41
80
127
177
217
237
243
245
243
246
252
255
248
211
135
57
14
2
0
0
0
0
0
0
3
9
23
52
97
145
175
193
204
205
211
231
248
241
194
109
38
7
1
0
0
0
0
0
0
0
1
3
12
32
59
80
102
120
122
135
174
214
214
163
83
26
4
0
0
0
0
0
0
0
0
0
0
1
5
12
19
31
43
43
55
95
140
145
102
47
13
2
0
0
0
0
0
0
0
0
0
0
0
0
0
0
0
0
0
0
0
0
0
0
0
0
0
0
0
0
0
0
0
0
0
0
0
0
0
0
0
0
0
0
0
0
0
0
0
0
0
0
0
0
0
0
0
