21
25
0
0
0
0
0
0
0
0
0
0
0
0
0
0
0
0
0
0
0
0
0
0
0
0
0
0
0
0
0
0
0
0
0
0
0
0
0
0
0
0
0
0
0
0
24
55
73
78
78
78
78
78
78
78
78
78
78
78
73
55
24
0
0
0
0
55
124
167
178
178
178
178
178
178
178
178
178
178
178
167
124
55
0
0
0
0
73
167
225
240
240
240
240
240
240
240
240
240
240
240
225
167
73
0
0
0
0
73
167
225
240
240
240
240
240
241
244
251
255
255
255
236
171
74
0
0
0
0
55
124
167
178
178
178
178
179
186
208
236
252
255
247
214
143
58
0
0
0
0
24
55
73
78
78
78
79
86
114
167
221
248
247
219
162
89
30
0
0
0
0
5
12
15
16
16
17
25
53
109
178
230
247
226
167
94
37
9
0
0
0
0
0
0
0
0
0
5
30
89
162
219
246
240
191
109
41
9
1
0
0
0
0
0
0
0
0
1
15
65
147
215
246
246
215
147
65
15
1
0
0
0
0
0
0
0
0
1
9
41
109
191
240
246
219
162
89
30
5
0
0
0
0
0
0
0
0
1
9
37
94
167
225
242
219
163
93
37
9
1
0
0
0
0
0
0
0
1
9
37
93
163
218
239
218
163
93
37
9
1
0
0
0
0
0
0
0
1
9
37
93
163
218
239
218
163
93
37
9
1
0
0
0
0
0
0
0
0
9
37
93
163
219
242
225
167
94
37
9
1
0
0
0
0
0
0
0
0
0
37
93
163
219
247
244
202
124
57
25
17
16
16
16
16
15
12
0
0
0
0
89
162
219
247
255
245
205
139
93
79
78
78
78
78
78
73
55
0
0
0
0
143
214
247
255
255
251
232
201
183
178
178
178
178
178
178
167
124
0
0
0
0
171
236
255
255
255
255
251
244
241
240
240
240
240
240
240
225
167
0
0
0
0
167
225
240
240
240
240
240
240
240
240
240
240
240
240
240
225
167
0
0
0
0
124
167
178
178
178
178
178
178
178
178
178
178
178
178
178
167
124
0
0
0
0
55
73
78
78
78
78
78
78
78
78
78
78
78
78
78
73
55
0
0
0
0
0
0
0
0
0
0
0
0
0
0
0
0
0
0
0
0
0
0
0
0
0
0
0
0
0
0
0
0
0
0
0
0
0
0
0
0
0
0
0
0
