22
26
0
0
0
0
0
0
0
0
0
0
0
0
0
0
0
0
0
0
0
0
0
0
0
0
0
0
0
0
0
0
0
0
0
0
0
0
0
0
0
0
0
0
0
0
0
0
12
15
16
16
16
16
16
16
20
35
59
74
78
73
55
24
5
0
0
0
0
0
48
70
77
78
78
78
78
78
85
109
147
171
178
168
128
61
15
1
0
0
0
0
93
148
173
178
178
178
178
178
182
197
221
236
240
229
185
104
34
5
0
0
0
0
98
182
228
240
240
240
240
240
241
244
251
255
255
250
217
141
56
11
0
0
0
0
80
170
226
240
240
240
240
240
241
244
251
255
255
246
211
137
55
11
0
0
0
0
55
124
167
178
178
178
178
179
186
208
236
251
247
219
162
89
30
5
0
0
0
0
24
55
73
78
78
78
79
86
114
167
221
244
226
167
94
37
9
1
0
0
0
0
5
12
15
16
16
17
25
53
109
178
229
237
191
109
41
9
1
0
0
0
0
0
0
0
0
0
0
5
30
89
162
218
239
214
147
65
15
1
0
0
0
0
0
0
0
0
0
0
1
15
65
147
214
239
218
162
89
30
5
0
0
0
0
0
0
0
0
0
0
1
9
41
109
191
236
225
167
94
37
9
1
0
0
0
0
0
0
0
0
0
1
9
37
94
167
225
236
191
109
41
9
1
0
0
0
0
0
0
0
0
0
1
9
37
93
163
218
239
214
147
65
15
1
0
0
0
0
0
0
0
0
0
0
5
30
89
162
219
242
225
166
90
30
5
0
0
0
0
0
0
0
0
0
0
1
15
65
147
215
247
243
198
113
43
14
13
15
16
16
16
15
12
0
0
0
0
9
41
109
191
241
255
241
186
96
39
36
59
74
78
78
78
73
55
0
0
0
0
30
90
166
226
251
255
244
201
132
96
109
147
171
178
178
178
167
124
0
0
0
0
58
143
214
247
255
255
251
232
201
186
197
221
236
240
240
240
225
167
0
0
0
0
74
171
236
255
255
255
255
251
244
241
240
240
240
240
240
240
225
167
0
0
0
0
73
167
225
240
240
240
240
240
240
236
221
197
182
178
178
178
167
124
0
0
0
0
55
124
167
178
178
178
178
178
178
171
147
109
85
78
78
78
73
55
0
0
0
0
24
55
73
78
78
78
78
78
78
74
59
35
20
16
16
16
15
12
0
0
0
0
0
0
0
0
0
0
0
0
0
0
0
0
0
0
0
0
0
0
0
0
0
0
0
0
0
0
0
0
0
0
0
0
0
0
0
0
0
0
0
0
0
0
