23
26
0
0
0
0
0
0
0
0
0
0
0
0
0
0
0
0
0
0
0
0
0
0
0
0
0
0
0
0
0
0
0
0
0
0
0
0
0
0
0
0
0
0
0
0
0
0
0
0
5
12
15
16
16
20
35
59
74
78
78
85
109
136
117
55
12
0
0
0
0
0
0
30
58
74
78
78
85
109
147
171
178
178
182
197
206
163
73
15
0
0
0
0
0
0
85
142
171
178
178
182
197
221
236
240
240
241
243
231
170
74
15
0
0
0
0
0
0
142
210
236
240
240
240
240
240
241
244
251
255
251
221
147
59
12
0
0
0
0
0
0
164
227
242
241
240
236
221
198
190
208
236
251
241
190
105
34
5
0
0
0
0
0
0
139
191
193
182
178
171
148
117
121
167
221
244
222
151
66
15
1
0
0
0
0
0
0
79
112
102
85
78
74
64
65
109
177
230
241
197
109
35
5
0
0
0
0
0
0
0
27
40
31
20
16
16
27
70
148
215
246
236
175
81
19
1
0
0
0
0
0
0
0
4
7
4
1
0
5
34
105
190
240
246
214
143
58
12
0
0
0
0
0
0
0
0
0
0
0
0
1
15
66
151
222
246
226
166
90
30
5
0
0
0
0
0
0
0
0
0
0
0
0
5
34
105
190
240
240
191
109
41
9
1
0
0
0
0
0
0
0
0
0
0
0
1
15
66
151
221
242
215
147
65
15
1
0
0
0
0
0
0
0
0
0
0
0
1
9
41
109
190
232
218
162
89
30
5
0
0
0
0
0
0
0
0
0
0
0
1
9
37
94
167
221
221
167
94
37
9
2
5
12
15
15
12
5
0
0
0
0
0
5
30
89
162
219
237
201
124
57
25
17
20
35
59
74
74
58
30
0
0
0
0
1
15
65
147
215
247
244
205
139
93
79
78
85
109
147
171
171
142
85
0
0
0
0
5
34
105
190
241
255
251
232
201
183
178
178
182
197
221
236
236
210
142
0
0
0
0
12
59
147
221
251
255
255
251
244
241
240
240
240
240
240
240
239
221
160
0
0
0
0
15
74
171
236
255
255
255
255
251
244
241
240
236
221
197
182
178
167
124
0
0
0
0
16
77
173
228
241
240
240
236
221
197
182
178
171
147
109
85
78
73
55
0
0
0
0
15
70
148
182
182
178
178
171
147
109
85
78
74
59
35
20
16
15
12
0
0
0
0
12
48
93
98
85
78
78
74
59
35
20
16
15
12
5
1
0
0
0
0
0
0
0
0
0
0
0
0
0
0
0
0
0
0
0
0
0
0
0
0
0
0
0
0
0
0
0
0
0
0
0
0
0
0
0
0
0
0
0
0
0
0
0
0
0
0
0
