24
27
0
0
0
0
0
0
0
0
0
0
0
0
0
0
0
0
0
0
0
0
0
0
0
0
0
0
0
0
0
0
0
0
0
0
0
0
0
0
0
0
0
0
0
0
0
0
0
0
0
0
0
0
0
0
0
1
5
12
19
35
59
74
81
87
81
49
17
3
0
0
0
0
0
0
0
1
5
12
15
20
35
59
81
109
147
171
180
179
154
93
33
6
0
0
0
0
0
0
13
19
35
59
74
85
109
147
175
197
221
236
240
233
197
119
43
7
0
0
0
0
0
0
60
81
109
147
171
182
197
221
237
244
251
255
255
247
207
125
45
8
0
0
0
0
0
0
131
171
196
221
236
240
240
240
242
246
252
255
255
244
199
115
40
7
0
0
0
0
0
0
157
215
236
240
240
236
221
199
196
215
240
253
252
232
173
87
25
3
0
0
0
0
0
0
128
195
214
197
182
172
149
123
132
179
228
248
241
201
130
54
12
1
0
0
0
0
0
0
81
133
140
109
85
75
68
74
120
185
233
244
217
154
81
26
4
0
0
0
0
0
0
0
33
57
56
35
20
17
29
73
150
215
245
237
188
110
44
11
2
0
0
0
0
0
0
0
7
12
11
5
1
3
24
87
175
234
249
224
158
76
24
4
1
0
0
0
0
0
0
0
0
0
0
0
1
8
40
111
194
242
243
199
118
46
11
2
1
0
0
0
0
0
0
0
0
0
0
0
4
23
75
152
219
246
229
165
80
22
3
1
0
0
0
0
0
0
0
0
0
0
0
1
9
44
115
193
239
245
209
131
51
10
1
0
0
0
0
0
0
0
0
0
0
0
1
4
23
74
152
218
245
234
181
100
33
6
1
5
12
15
14
11
0
0
0
0
0
0
2
14
53
122
193
235
238
202
136
67
29
17
20
35
59
72
68
50
0
0
0
0
0
1
4
27
86
169
227
243
221
164
98
62
65
75
85
109
146
167
157
116
0
0
0
0
0
1
8
39
108
193
241
245
214
160
117
116
148
171
182
197
220
232
215
158
0
0
0
0
1
3
17
59
132
207
246
250
233
207
190
198
221
236
241
243
246
241
218
158
0
0
0
0
1
8
36
97
171
227
251
254
250
244
242
243
246
243
241
236
221
195
165
116
0
0
0
0
2
14
58
135
206
244
254
255
251
244
241
236
221
197
182
171
147
108
77
51
0
0
0
0
2
15
60
137
206
235
240
236
221
197
182
171
147
109
85
74
59
35
19
11
0
0
0
0
2
10
41
101
161
182
180
171
147
109
85
74
59
35
20
15
12
5
1
0
0
0
0
0
1
4
20
57
92
94
83
74
59
35
20
15
12
5
1
0
0
0
0
0
0
0
0
0
0
0
0
0
0
0
0
0
0
0
0
0
0
0
0
0
0
0
0
0
0
0
0
0
0
0
0
0
0
0
0
0
0
0
0
0
0
0
0
0
0
0
0
0
0
0
