22
26
0
0
0
0
0
0
0
0
0
0
0
0
0
0
0
0
0
0
0
0
0
0
0
0
0
0
0
0
0
0
0
0
0
0
0
0
0
0
0
0
0
0
0
0
0
0
5
24
55
73
78
78
78
78
78
74
59
35
20
16
16
15
12
5
0
0
0
0
12
55
124
167
178
178
178
178
178
171
147
109
85
78
78
73
55
24
0
0
0
0
15
73
167
225
240
240
240
240
240
236
221
197
182
178
178
167
124
55
0
0
0
0
15
73
167
225
240
240
240
240
241
243
246
243
241
240
240
225
167
73
0
0
0
0
12
55
124
167
178
178
178
178
182
198
226
247
255
255
255
236
171
74
0
0
0
0
5
24
55
73
78
78
78
79
89
124
181
230
252
255
247
214
143
58
0
0
0
0
1
5
12
15
16
16
17
25
50
100
164
221
248
247
219
162
89
30
0
0
0
0
0
0
0
0
0
1
9
37
90
152
201
235
243
219
163
93
37
9
0
0
0
0
0
0
0
0
1
9
37
93
162
215
240
242
218
163
93
37
9
1
0
0
0
0
0
0
0
1
9
37
93
163
219
246
246
219
163
93
37
9
1
0
0
0
0
0
0
0
1
9
37
93
163
218
242
240
215
162
93
37
9
1
0
0
0
0
0
0
0
1
9
37
93
163
218
239
225
191
147
89
37
9
1
0
0
0
0
0
0
0
1
9
37
93
163
218
239
218
167
109
65
30
9
1
0
0
0
0
0
0
0
0
9
37
93
163
219
242
225
167
95
41
15
5
1
0
0
0
0
0
0
0
0
0
37
93
163
219
247
244
202
124
56
20
6
1
0
0
0
0
0
0
0
0
0
0
89
162
219
247
255
245
205
139
89
60
35
20
16
16
16
15
12
5
0
0
0
0
143
214
247
255
255
251
232
201
176
147
109
85
78
78
78
73
55
24
0
0
0
0
171
236
255
255
255
255
251
244
237
221
197
182
178
178
178
167
124
55
0
0
0
0
167
225
240
240
240
240
240
240
240
240
240
240
240
240
240
225
167
73
0
0
0
0
124
167
178
178
178
178
178
178
182
197
221
236
240
240
240
225
167
73
0
0
0
0
55
73
78
78
78
78
78
78
85
109
147
171
178
178
178
167
124
55
0
0
0
0
12
15
16
16
16
16
16
16
20
35
59
74
78
78
78
73
55
24
0
0
0
0
0
0
0
0
0
0
0
0
0
0
0
0
0
0
0
0
0
0
0
0
0
0
0
0
0
0
0
0
0
0
0
0
0
0
0
0
0
0
0
0
0
0
