22
26
0
0
0
0
0
0
0
0
0
0
0
0
0
0
0
0
0
0
0
0
0
0
0
0
0
0
0
0
0
0
0
0
0
0
0
0
0
0
0
0
0
0
0
0
0
0
0
1
15
61
121
137
109
85
78
78
74
59
35
20
16
15
12
5
0
0
0
0
0
5
34
104
182
211
197
182
178
178
171
147
109
85
78
74
59
34
0
0
0
0
0
11
55
136
206
235
240
240
240
240
236
221
197
182
178
171
146
100
0
0
0
0
0
11
51
117
167
196
221
236
240
241
243
246
243
241
240
236
216
167
0
0
0
0
0
5
24
55
80
109
147
171
178
182
198
226
247
255
255
255
240
186
0
0
0
0
0
1
5
12
19
35
59
74
79
89
124
181
230
252
255
251
230
171
0
0
0
0
0
0
0
0
1
5
12
16
25
50
100
164
221
248
247
226
186
128
0
0
0
0
0
0
0
0
0
0
1
9
37
90
152
201
235
243
219
167
108
61
0
0
0
0
0
0
0
0
0
1
9
37
93
162
215
240
242
218
163
94
41
15
0
0
0
0
0
0
0
0
1
9
37
93
163
219
246
246
219
163
93
37
9
1
0
0
0
0
0
0
1
5
15
41
94
163
218
242
240
215
162
93
37
9
1
0
0
0
0
0
0
1
9
30
65
109
167
218
239
225
191
147
89
37
9
1
0
0
0
0
0
0
5
15
41
90
147
190
221
232
214
166
109
65
30
9
1
0
0
0
0
0
0
0
30
65
109
166
215
236
227
194
148
90
41
15
5
1
0
0
0
0
0
0
0
0
85
146
191
226
247
244
206
140
84
42
14
2
0
0
0
0
0
0
0
0
0
0
142
211
241
251
255
245
206
142
96
64
36
20
16
16
15
12
5
1
0
0
0
0
171
236
255
255
255
251
232
201
176
147
109
85
78
78
74
58
30
9
0
0
0
0
167
225
241
244
251
254
251
244
237
221
197
182
178
178
171
142
85
30
0
0
0
0
124
167
182
197
221
236
240
240
240
240
240
240
240
240
236
210
142
58
0
0
0
0
55
73
85
109
147
171
178
178
182
197
221
236
240
240
239
221
160
70
0
0
0
0
12
15
20
35
59
74
78
78
85
109
147
171
178
178
178
167
124
55
0
0
0
0
0
0
1
5
12
15
16
16
20
35
59
74
78
78
78
73
55
24
0
0
0
0
0
0
0
0
0
0
0
0
0
0
0
0
0
0
0
0
0
0
0
0
0
0
0
0
0
0
0
0
0
0
0
0
0
0
0
0
0
0
0
0
0
0
