24
26
0
0
0
0
0
0
0
0
0
0
0
0
0
0
0
0
0
0
0
0
0
0
0
0
0
0
0
0
0
0
0
0
0
0
0
0
0
0
0
0
0
0
0
0
0
0
0
0
0
0
0
1
5
26
76
130
139
109
81
59
35
20
15
12
5
1
0
0
0
0
0
0
0
0
0
2
11
45
111
184
211
197
175
147
109
85
74
59
35
20
15
12
5
1
0
0
0
0
0
4
19
62
131
201
238
243
237
221
197
182
171
147
109
85
74
59
35
17
0
0
0
0
0
4
20
60
118
175
218
236
240
240
240
240
236
221
197
182
171
147
104
64
0
0
0
0
0
2
10
30
62
103
146
171
182
197
221
238
245
247
244
241
236
218
178
122
0
0
0
0
0
1
3
7
17
34
59
74
85
112
155
191
218
241
253
255
255
245
208
137
0
0
0
0
0
0
0
0
1
5
12
17
26
52
98
147
192
231
250
254
251
239
199
122
0
0
0
0
0
0
0
0
0
1
2
8
25
60
113
167
210
239
249
242
225
201
155
88
0
0
0
0
0
0
0
0
0
1
8
29
68
117
172
216
240
248
240
209
165
125
83
42
0
0
0
0
0
0
1
3
6
13
33
78
136
186
223
243
248
241
210
152
91
51
26
11
0
0
0
0
0
1
4
16
34
57
93
147
200
232
242
234
220
202
156
90
36
12
4
1
0
0
0
0
1
3
17
52
98
137
175
212
239
246
228
189
152
128
88
40
10
2
1
0
0
0
0
0
11
23
54
111
172
210
232
245
247
231
185
121
72
51
31
12
2
1
0
0
0
0
0
0
52
80
121
177
224
245
247
239
222
186
124
60
22
10
6
2
1
0
0
0
0
0
0
0
116
164
198
228
247
249
232
200
160
116
63
22
4
1
0
0
0
0
0
0
0
0
0
0
161
217
241
251
254
246
217
163
105
64
35
17
6
1
0
0
0
0
0
0
0
0
0
0
183
235
253
255
255
250
228
181
125
93
77
60
35
20
15
12
5
1
0
0
0
0
0
0
181
225
239
244
251
253
247
226
198
182
171
147
109
85
74
58
30
9
2
1
0
0
0
0
133
168
181
197
221
236
240
240
240
240
236
221
197
182
170
137
77
27
5
1
0
0
0
0
57
74
84
109
147
171
182
197
221
236
240
240
240
239
228
186
109
41
9
1
0
0
0
0
12
15
20
35
59
74
85
109
147
171
182
197
221
235
227
182
101
34
6
1
0
0
0
0
0
0
1
5
12
15
20
35
59
74
85
109
147
173
177
145
77
23
3
1
0
0
0
0
0
0
0
0
0
0
0
0
0
0
0
0
0
0
0
0
0
0
0
0
0
0
0
0
0
0
0
0
0
0
0
0
0
0
0
0
0
0
0
0
0
0
0
0
0
0
