29
36
0
0
0
0
0
0
0
0
0
0
0
0
0
0
0
0
0
0
0
0
0
0
0
0
0
0
0
0
0
0
0
0
0
0
0
0
0
0
0
0
0
0
0
0
0
0
0
0
0
0
0
0
0
0
0
0
0
0
0
0
6
21
43
59
64
65
65
65
65
65
65
65
65
65
65
64
57
44
29
17
9
4
2
1
1
0
0
0
0
14
49
100
136
149
150
151
151
151
151
151
151
151
151
151
149
139
117
90
65
41
20
7
2
1
0
0
0
0
20
71
145
198
217
219
217
216
216
216
216
216
216
216
216
215
209
195
173
145
107
65
29
10
3
0
0
0
0
22
78
162
222
241
237
225
216
213
213
213
213
213
213
213
215
219
225
224
212
182
134
77
32
9
0
0
0
0
23
79
164
226
240
219
181
154
144
143
143
143
143
143
143
148
163
189
215
231
227
196
138
72
25
0
0
0
0
23
79
165
226
234
193
126
78
61
58
58
58
58
58
58
62
79
112
156
202
231
229
189
118
50
0
0
0
0
23
79
165
225
231
181
99
39
18
14
13
13
13
13
13
15
24
45
86
148
207
235
219
158
79
0
0
0
0
23
79
165
225
230
178
93
31
7
3
2
2
2
2
2
3
5
13
40
99
175
227
232
185
104
0
0
0
0
23
79
165
225
231
178
93
30
6
2
1
1
1
1
1
1
2
5
20
68
148
216
235
199
120
0
0
0
0
23
79
165
225
231
178
93
29
6
1
1
1
0
0
1
1
1
3
13
53
131
207
235
205
128
0
0
0
0
23
79
165
225
231
178
93
29
6
1
1
1
0
0
0
1
1
2
11
48
124
203
234
207
130
0
0
0
0
23
79
165
225
231
178
93
29
6
2
1
1
0
0
1
1
1
2
12
51
129
206
234
204
126
0
0
0
0
23
79
165
225
231
178
93
30
6
2
1
1
1
1
1
1
2
4
19
66
146
215
234
195
114
0
0
0
0
23
79
165
225
231
179
93
30
7
3
2
2
2
2
2
3
5
12
39
97
174
226
230
179
97
0
0
0
0
23
79
165
225
231
180
98
37
15
11
11
11
11
11
11
13
21
42
84
147
207
235
216
152
73
0
0
0
0
23
79
165
226
234
191
122
70
52
49
49
49
49
49
49
54
72
106
152
201
231
229
186
113
46
0
0
0
0
23
79
165
227
240
216
173
141
130
128
128
128
128
128
129
135
154
183
213
231
228
196
136
68
23
0
0
0
0
23
79
165
227
247
240
224
212
207
207
207
207
207
207
207
210
217
225
227
215
183
133
76
30
8
0
0
0
0
23
79
165
227
248
245
235
227
224
224
224
224
224
224
224
223
218
203
179
149
108
64
29
9
2
0
0
0
0
23
79
165
227
243
227
197
175
167
166
166
166
166
166
166
163
152
127
95
67
41
20
7
2
1
0
0
0
0
23
79
165
226
236
199
137
91
74
72
71
71
71
71
71
70
63
48
30
18
9
4
2
1
1
0
0
0
0
23
79
165
225
231
182
102
43
21
17
16
16
16
16
16
16
14
10
5
3
2
1
1
1
1
0
0
0
0
23
79
165
225
231
178
94
30
7
3
2
1
1
1
1
1
1
1
1
1
1
1
1
1
0
0
0
0
0
23
79
165
225
231
178
93
30
6
2
1
1
1
1
1
1
1
1
1
1
1
1
1
0
0
0
0
0
0
23
79
165
225
231
178
93
30
6
2
1
1
0
0
0
0
0
0
0
0
0
0
0
0
0
0
0
0
0
23
79
165
225
231
178
93
29
6
1
1
0
0
0
0
0
0
0
0
0
0
0
0
0
0
0
0
0
0
23
79
165
225
231
178
93
29
6
1
1
0
0
0
0
0
0
0
0
0
0
0
0
0
0
0
0
0
0
23
79
164
225
230
178
93
29
6
1
1
0
0
0
0
0
0
0
0
0
0
0
0
0
0
0
0
0
0
23
79
164
225
230
178
93
29
6
1
1
1
0
0
0
0
0
0
0
0
0
0
0
0
0
0
0
0
0
22
78
162
220
225
174
91
29
6
2
1
1
0
0
0
0
0
0
0
0
0
0
0
0
0
0
0
0
0
20
71
145
196
201
156
82
27
5
1
1
1
0
0
0
0
0
0
0
0
0
0
0
0
0
0
0
0
0
14
49
99
135
138
107
57
18
4
1
1
1
0
0
0
0
0
0
0
0
0
0
0
0
0
0
0
0
0
0
0
0
0
0
0
0
0
0
0
0
0
0
0
0
0
0
0
0
0
0
0
0
0
0
0
0
0
0
0
0
0
0
0
0
0
0
0
0
0
0
0
0
0
0
0
0
0
0
0
0
0
0
0
0
0
