34
42
0
0
0
0
0
0
0
0
0
0
0
0
0
0
0
0
0
0
0
0
0
0
0
0
0
0
0
0
0
0
0
0
0
0
0
0
0
0
0
0
0
0
0
0
0
0
0
0
0
0
0
0
0
0
0
0
0
0
0
0
0
0
0
0
0
0
0
0
0
0
10
28
53
71
78
79
80
80
80
80
80
80
80
80
80
80
80
79
76
67
50
34
22
14
7
3
2
1
1
1
0
0
0
0
20
56
105
141
155
158
158
158
158
158
158
158
158
158
158
158
158
158
154
141
118
93
70
48
28
12
5
2
1
1
0
0
0
0
27
78
146
195
215
219
219
219
218
218
218
218
218
218
218
218
218
218
216
207
191
169
144
113
75
41
17
6
2
1
0
0
0
0
30
86
162
218
240
243
239
234
230
228
228
228
228
228
228
228
228
229
230
231
230
223
209
182
142
93
49
19
6
2
0
0
0
0
30
87
164
222
244
241
224
203
190
185
184
184
184
184
184
184
184
185
191
204
221
233
237
228
201
155
98
47
16
5
0
0
0
0
30
87
165
223
243
230
192
147
118
108
107
107
106
106
106
107
107
108
117
138
169
200
226
239
233
204
150
85
35
10
0
0
0
0
30
87
165
223
241
220
164
99
57
42
40
39
39
39
39
39
39
40
47
66
98
139
186
223
240
231
192
126
60
20
0
0
0
0
30
87
165
223
241
216
153
79
30
13
10
9
9
9
9
9
9
10
13
22
41
76
132
191
230
240
218
161
88
33
0
0
0
0
30
87
165
223
241
216
152
76
25
7
4
3
2
2
2
2
2
2
3
6
14
36
86
155
213
240
231
186
112
47
0
0
0
0
30
87
165
223
241
216
152
76
25
6
2
2
1
1
1
1
1
1
2
3
6
18
57
126
195
236
237
200
128
57
0
0
0
0
30
87
165
223
241
216
152
75
24
6
2
1
1
1
1
1
1
1
1
2
3
11
42
106
181
230
239
206
137
64
0
0
0
0
30
87
165
223
241
216
152
75
24
6
2
1
1
0
0
0
0
1
1
1
2
8
34
95
171
226
239
210
142
67
0
0
0
0
30
87
165
223
241
216
152
75
24
6
2
1
1
0
0
0
0
1
1
1
2
7
32
92
169
225
239
210
143
68
0
0
0
0
30
87
165
223
241
216
152
75
24
6
2
1
1
0
0
0
0
1
1
1
2
9
36
97
173
227
239
207
138
64
0
0
0
0
30
87
165
223
241
216
152
75
24
6
2
1
1
1
1
1
1
1
1
2
4
13
46
111
185
232
237
200
128
57
0
0
0
0
30
87
165
223
241
216
152
75
24
6
3
2
1
1
1
1
1
1
2
3
7
23
67
136
202
237
233
188
114
47
0
0
0
0
30
87
165
223
241
216
152
76
26
8
4
4
3
3
3
3
3
3
5
9
21
50
104
170
221
240
223
169
94
35
0
0
0
0
30
87
165
223
241
217
156
83
35
18
15
15
15
15
15
15
15
16
20
33
58
100
156
207
236
237
204
140
69
23
0
0
0
0
30
87
165
223
242
223
172
111
71
57
55
55
54
54
54
54
55
57
66
88
123
165
206
234
240
220
171
103
44
13
0
0
0
0
30
87
166
224
245
234
202
163
138
129
128
128
128
128
128
128
128
131
141
163
192
218
236
238
222
183
124
63
23
6
0
0
0
0
30
88
166
224
247
246
233
216
206
202
201
201
201
201
201
201
201
203
209
220
231
237
232
213
177
126
72
30
9
3
0
0
0
0
30
88
166
224
248
251
246
240
236
234
234
234
234
234
234
234
234
235
235
232
224
209
187
154
110
66
31
11
3
1
0
0
0
0
30
88
166
224
247
247
237
223
214
211
211
211
211
211
211
211
211
210
206
193
170
141
113
81
50
24
9
3
1
1
0
0
0
0
30
87
166
224
245
236
206
170
146
138
136
136
136
136
136
136
136
136
132
118
93
66
45
28
15
6
2
1
1
1
0
0
0
0
30
87
165
223
242
223
172
112
72
57
54
54
54
54
54
54
54
54
52
45
32
19
11
6
3
2
1
1
1
1
0
0
0
0
30
87
165
223
241
217
155
82
34
16
13
12
12
12
12
12
12
12
11
10
7
4
2
2
1
1
1
1
1
0
0
0
0
0
30
87
165
223
241
216
152
76
25
7
3
2
2
2
2
2
2
2
2
2
2
1
1
1
1
1
1
1
0
0
0
0
0
0
30
87
165
223
241
216
152
76
25
6
2
1
1
1
1
1
1
1
1
1
1
1
1
1
1
1
1
0
0
0
0
0
0
0
30
87
165
223
241
216
152
75
24
6
2
1
1
1
1
1
1
1
1
1
1
1
1
0
0
0
0
0
0
0
0
0
0
0
30
87
165
223
241
216
152
75
24
6
2
1
1
0
0
0
0
0
0
0
0
0
0
0
0
0
0
0
0
0
0
0
0
0
30
87
165
223
241
216
152
75
24
6
2
1
1
0
0
0
0
0
0
0
0
0
0
0
0
0
0
0
0
0
0
0
0
0
30
87
165
223
241
216
152
75
24
6
2
1
1
0
0
0
0
0
0
0
0
0
0
0
0
0
0
0
0
0
0
0
0
0
30
87
165
223
241
216
152
75
24
6
2
1
1
0
0
0
0
0
0
0
0
0
0
0
0
0
0
0
0
0
0
0
0
0
30
87
165
223
240
215
151
75
24
5
2
1
1
0
0
0
0
0
0
0
0
0
0
0
0
0
0
0
0
0
0
0
0
0
30
87
164
222
239
214
151
75
24
6
2
1
1
0
0
0
0
0
0
0
0
0
0
0
0
0
0
0
0
0
0
0
0
0
30
86
162
217
233
210
149
74
24
6
2
1
1
0
0
0
0
0
0
0
0
0
0
0
0
0
0
0
0
0
0
0
0
0
27
78
146
195
209
188
134
67
22
5
2
1
1
0
0
0
0
0
0
0
0
0
0
0
0
0
0
0
0
0
0
0
0
0
20
56
105
141
151
136
97
49
16
4
1
1
1
0
0
0
0
0
0
0
0
0
0
0
0
0
0
0
0
0
0
0
0
0
0
0
0
0
0
0
0
0
0
0
0
0
0
0
0
0
0
0
0
0
0
0
0
0
0
0
0
0
0
0
0
0
0
0
0
0
0
0
0
0
0
0
0
0
0
0
0
0
0
0
0
0
0
0
0
0
0
0
0
0
0
0
0
0
0
0
