34
36
0
0
0
0
0
0
0
0
0
0
0
0
0
0
0
0
0
0
0
0
0
0
0
0
0
0
0
0
0
0
0
0
0
0
0
0
0
0
0
0
0
0
0
0
0
0
0
0
0
0
0
0
0
0
0
0
0
0
0
0
0
0
0
0
0
0
0
0
0
0
8
24
45
60
66
67
67
67
67
67
67
67
67
67
67
67
67
67
65
57
44
31
21
13
7
3
1
1
1
1
0
0
0
0
19
53
99
133
147
149
150
150
149
149
149
149
149
149
149
149
150
149
146
134
114
92
71
51
31
15
6
2
1
1
0
0
0
0
27
77
144
193
213
216
215
214
213
212
212
212
212
212
212
212
212
212
211
204
191
173
151
122
87
51
24
9
3
1
0
0
0
0
30
85
161
217
239
240
231
220
212
210
209
209
209
209
209
209
209
210
213
218
222
222
214
195
160
114
67
30
10
3
0
0
0
0
30
87
165
222
243
235
207
173
151
144
142
142
142
142
142
142
142
144
150
167
191
213
228
231
216
180
126
68
27
8
0
0
0
0
30
87
165
223
242
223
173
114
76
63
61
60
60
60
60
60
60
61
69
87
117
154
194
225
236
222
179
115
54
18
0
0
0
0
30
87
165
223
241
217
156
83
36
19
16
15
15
15
15
15
15
16
19
30
50
84
136
191
229
238
214
157
86
32
0
0
0
0
30
87
165
223
241
216
152
76
26
8
4
3
3
2
2
2
2
3
4
7
15
37
84
152
211
239
231
186
113
48
0
0
0
0
30
87
165
223
241
216
152
75
24
6
2
1
1
1
1
1
1
1
2
3
5
17
53
120
191
234
237
201
131
59
0
0
0
0
30
87
165
223
241
216
152
75
24
6
2
1
1
1
0
0
1
1
1
2
3
10
38
101
176
228
239
208
140
65
0
0
0
0
30
87
165
223
241
216
152
75
24
6
2
1
1
0
0
0
0
1
1
1
2
8
34
94
170
225
239
210
142
67
0
0
0
0
30
87
165
223
241
216
152
75
24
6
2
1
1
0
0
0
1
1
1
2
3
9
37
99
175
227
239
206
137
64
0
0
0
0
30
87
165
223
241
216
152
75
24
6
2
1
1
1
1
1
1
1
1
2
5
16
51
117
189
233
236
197
125
55
0
0
0
0
30
87
165
223
241
216
152
76
25
7
3
3
2
2
2
2
2
2
4
6
14
36
83
150
209
238
229
180
106
43
0
0
0
0
30
87
165
223
241
217
155
82
33
16
13
12
12
12
12
12
12
13
17
26
46
82
135
191
229
237
211
151
79
28
0
0
0
0
30
87
165
223
242
222
170
108
68
54
51
51
51
51
51
51
51
53
61
80
111
150
193
225
236
221
176
110
49
15
0
0
0
0
30
87
166
224
245
234
202
164
138
130
128
128
128
128
128
128
128
131
140
159
186
211
228
232
216
179
123
65
24
7
0
0
0
0
30
88
166
224
247
246
233
218
207
204
203
203
203
203
203
203
203
205
209
216
223
225
217
196
160
114
65
28
9
3
0
0
0
0
30
88
166
224
248
249
240
230
223
220
220
220
220
220
220
220
220
220
218
212
198
179
155
124
87
51
24
8
3
1
0
0
0
0
30
87
166
224
246
240
217
190
171
165
164
164
164
164
164
164
164
163
159
146
123
97
74
51
31
15
6
2
1
1
0
0
0
0
30
87
165
223
243
226
180
126
90
76
74
74
74
74
74
74
74
73
71
62
48
32
21
13
7
3
1
1
1
1
0
0
0
0
30
87
165
223
241
218
158
87
40
23
19
19
18
18
18
18
18
18
18
15
11
7
4
2
2
1
1
1
1
0
0
0
0
0
30
87
165
223
241
216
152
76
26
7
4
3
2
2
2
2
2
2
2
2
2
1
1
1
1
1
1
1
0
0
0
0
0
0
30
87
165
223
241
216
152
75
24
6
2
1
1
1
1
1
1
1
1
1
1
1
1
1
1
1
1
0
0
0
0
0
0
0
30
87
165
223
241
216
152
75
24
6
2
1
1
0
0
0
0
0
0
0
0
0
0
0
0
0
0
0
0
0
0
0
0
0
30
87
165
223
241
216
152
75
24
6
2
1
1
0
0
0
0
0
0
0
0
0
0
0
0
0
0
0
0
0
0
0
0
0
30
87
165
223
241
216
152
75
24
6
2
1
1
0
0
0
0
0
0
0
0
0
0
0
0
0
0
0
0
0
0
0
0
0
30
87
165
223
240
215
152
75
24
6
2
1
1
0
0
0
0
0
0
0
0
0
0
0
0
0
0
0
0
0
0
0
0
0
30
87
165
222
239
215
151
75
24
6
2
1
1
0
0
0
0
0
0
0
0
0
0
0
0
0
0
0
0
0
0
0
0
0
30
85
161
217
233
210
148
74
24
6
2
1
1
0
0
0
0
0
0
0
0
0
0
0
0
0
0
0
0
0
0
0
0
0
27
77
144
192
207
186
132
66
22
5
2
1
1
0
0
0
0
0
0
0
0
0
0
0
0
0
0
0
0
0
0
0
0
0
19
53
99
133
143
128
91
46
15
4
1
1
1
0
0
0
0
0
0
0
0
0
0
0
0
0
0
0
0
0
0
0
0
0
0
0
0
0
0
0
0
0
0
0
0
0
0
0
0
0
0
0
0
0
0
0
0
0
0
0
0
0
0
0
0
0
0
0
0
0
0
0
0
0
0
0
0
0
0
0
0
0
0
0
0
0
0
0
0
0
0
0
0
0
0
0
0
0
0
0
