34
48
0
0
0
0
0
0
0
0
0
0
0
0
0
0
0
0
0
0
0
0
0
0
0
0
0
0
0
0
0
0
0
0
0
0
0
0
0
0
0
0
0
0
0
0
0
0
0
0
0
0
0
0
0
0
0
0
0
0
0
0
0
0
0
0
0
0
0
0
0
0
5
15
28
38
42
42
42
42
42
42
42
42
42
42
42
42
42
42
40
34
24
14
8
5
3
1
1
1
1
1
0
0
0
0
14
38
72
96
105
107
107
107
107
107
107
107
107
107
107
107
107
107
103
91
70
48
32
19
10
4
2
1
1
1
0
0
0
0
23
65
121
162
178
181
181
181
181
181
181
181
181
181
181
181
181
181
177
163
139
111
86
59
34
15
6
2
1
1
0
0
0
0
29
82
153
205
226
230
230
230
229
229
229
229
229
229
229
229
229
229
227
219
204
183
158
123
82
44
18
6
2
1
0
0
0
0
30
87
163
220
242
246
243
238
235
234
234
234
234
234
234
234
234
234
236
237
236
230
215
188
146
94
48
18
5
2
0
0
0
0
30
87
164
222
244
243
228
210
199
195
194
194
194
194
194
194
194
195
201
213
228
239
240
229
201
152
93
42
14
4
0
0
0
0
30
87
165
223
243
232
198
158
132
123
122
121
121
121
121
122
122
124
132
154
184
213
234
242
232
199
142
77
30
8
0
0
0
0
30
87
165
223
242
221
168
106
67
53
51
50
50
50
50
50
50
52
60
82
118
161
202
232
242
227
183
115
52
16
0
0
0
0
30
87
165
223
241
216
154
81
34
17
14
13
13
13
13
13
13
14
18
31
57
98
154
206
237
239
210
149
77
27
0
0
0
0
30
87
165
223
241
216
152
76
26
8
4
4
3
3
3
3
3
4
5
9
21
51
106
173
223
242
227
176
101
40
0
0
0
0
30
87
165
223
241
216
152
76
25
7
3
2
2
2
2
2
2
2
2
4
8
26
71
143
207
239
235
193
120
51
0
0
0
0
30
87
165
223
241
216
152
75
24
6
2
1
1
1
1
1
1
1
1
2
4
15
51
119
191
234
238
202
132
60
0
0
0
0
30
87
165
223
241
216
152
75
24
6
2
1
1
0
0
0
1
1
1
2
3
10
40
103
179
229
239
207
138
65
0
0
0
0
30
87
165
223
241
216
152
75
24
6
2
1
1
0
0
0
0
1
1
1
2
8
34
94
170
225
239
210
143
68
0
0
0
0
30
87
165
223
241
216
152
75
24
6
2
1
1
0
0
0
0
1
1
1
2
7
32
91
167
224
239
211
144
69
0
0
0
0
30
87
165
223
241
216
152
75
24
6
2
1
1
0
0
0
0
1
1
1
2
8
34
95
171
226
239
209
140
66
0
0
0
0
30
87
165
223
241
216
152
75
24
6
2
1
1
1
1
1
1
1
1
2
3
11
41
105
180
230
238
203
132
60
0
0
0
0
30
87
165
223
241
216
152
75
24
6
2
2
1
1
1
1
1
1
2
2
5
17
54
123
193
235
236
195
121
52
0
0
0
0
30
87
165
223
241
216
152
75
25
6
3
3
2
2
2
2
2
2
3
4
10
31
79
150
210
239
231
182
106
42
0
0
0
0
30
87
165
223
241
216
152
76
26
8
5
5
5
5
5
5
5
5
6
12
27
61
119
184
228
241
219
162
86
31
0
0
0
0
30
87
165
223
241
217
156
84
36
20
17
17
17
17
17
17
17
18
24
39
68
113
169
216
240
236
200
133
63
20
0
0
0
0
30
87
165
223
242
223
172
112
73
60
58
57
57
57
57
57
58
60
70
94
131
174
213
238
241
220
168
98
40
11
0
0
0
0
30
87
166
224
245
234
202
163
138
129
128
128
128
128
128
128
128
131
142
165
196
222
239
241
226
186
125
62
22
6
0
0
0
0
30
88
166
224
247
245
232
214
203
199
199
198
198
198
198
198
199
200
207
220
234
241
238
221
186
134
76
32
9
3
0
0
0
0
30
88
166
224
248
251
248
242
238
237
237
237
237
237
237
237
237
237
238
239
235
225
205
172
126
77
36
12
3
1
0
0
0
0
30
88
166
224
248
251
245
238
234
232
232
232
232
232
232
232
232
231
228
217
197
170
141
104
65
32
12
4
1
1
0
0
0
0
30
87
166
224
246
242
224
201
186
180
179
179
179
179
179
179
179
179
174
157
128
95
68
44
24
10
4
1
1
1
0
0
0
0
30
87
165
223
243
229
189
141
109
98
96
96
96
96
96
96
96
96
92
80
59
37
22
12
6
3
1
1
1
1
0
0
0
0
30
87
165
223
241
219
162
95
50
35
32
32
31
31
31
31
31
31
30
26
18
10
5
3
2
1
1
1
1
0
0
0
0
0
30
87
165
223
241
216
153
78
28
11
7
7
6
6
6
6
6
6
6
5
4
3
2
1
1
1
1
1
1
0
0
0
0
0
30
87
165
223
241
216
152
76
25
7
3
2
2
2
2
2
2
2
2
1
1
1
1
1
1
1
1
1
0
0
0
0
0
0
30
87
165
223
241
216
152
76
25
6
2
1
1
1
1
1
1
1
1
1
1
1
1
1
1
1
0
0
0
0
0
0
0
0
30
87
165
223
241
216
152
75
24
6
2
1
1
1
1
1
1
1
1
1
1
1
0
0
0
0
0
0
0
0
0
0
0
0
30
87
165
223
241
216
152
75
24
6
2
1
1
0
0
0
0
0
0
0
0
0
0
0
0
0
0
0
0
0
0
0
0
0
30
87
165
223
241
216
152
75
24
6
2
1
1
0
0
0
0
0
0
0
0
0
0
0
0
0
0
0
0
0
0
0
0
0
30
87
165
223
241
216
152
75
24
6
2
1
1
0
0
0
0
0
0
0
0
0
0
0
0
0
0
0
0
0
0
0
0
0
30
87
165
223
241
216
152
75
24
6
2
1
1
0
0
0
0
0
0
0
0
0
0
0
0
0
0
0
0
0
0
0
0
0
30
87
165
223
241
216
152
75
24
6
2
1
1
0
0
0
0
0
0
0
0
0
0
0
0
0
0
0
0
0
0
0
0
0
30
87
165
222
240
215
151
75
24
5
2
1
1
0
0
0
0
0
0
0
0
0
0
0
0
0
0
0
0
0
0
0
0
0
30
86
164
221
239
214
151
75
24
6
2
1
1
0
0
0
0
0
0
0
0
0
0
0
0
0
0
0
0
0
0
0
0
0
30
86
163
219
236
212
150
75
24
6
2
1
1
0
0
0
0
0
0
0
0
0
0
0
0
0
0
0
0
0
0
0
0
0
29
82
153
204
219
197
140
70
23
5
2
1
1
0
0
0
0
0
0
0
0
0
0
0
0
0
0
0
0
0
0
0
0
0
23
65
121
161
173
156
111
56
18
4
2
1
1
0
0
0
0
0
0
0
0
0
0
0
0
0
0
0
0
0
0
0
0
0
13
38
71
96
103
93
66
33
11
3
1
1
1
0
0
0
0
0
0
0
0
0
0
0
0
0
0
0
0
0
0
0
0
0
0
0
0
0
0
0
0
0
0
0
0
0
0
0
0
0
0
0
0
0
0
0
0
0
0
0
0
0
0
0
0
0
0
0
0
0
0
0
0
0
0
0
0
0
0
0
0
0
0
0
0
0
0
0
0
0
0
0
0
0
0
0
0
0
0
0
