30
42
0
0
0
0
0
0
0
0
0
0
0
0
0
0
0
0
0
0
0
0
0
0
0
0
0
0
0
0
0
0
0
0
0
0
0
0
0
0
0
0
0
0
0
0
0
0
0
0
0
0
0
0
0
0
0
0
0
0
0
0
0
0
8
26
52
71
78
80
80
80
80
80
80
80
80
80
80
78
70
53
34
21
11
5
2
1
1
1
0
0
0
0
17
52
104
142
156
158
158
158
158
158
158
158
158
158
158
156
145
121
92
66
40
19
7
2
1
1
0
0
0
0
23
72
144
196
216
219
219
218
218
218
218
218
218
218
218
217
209
193
168
137
97
56
24
8
2
1
0
0
0
0
25
80
160
219
240
240
235
230
229
228
228
228
228
228
228
229
231
229
221
202
166
113
60
23
7
2
0
0
0
0
25
81
163
223
241
230
208
191
185
184
184
184
184
184
185
188
200
218
232
234
216
173
111
52
17
4
0
0
0
0
25
81
163
223
235
206
158
122
109
107
106
106
106
107
107
113
131
164
200
227
235
214
161
90
34
9
0
0
0
0
25
81
163
223
230
185
115
63
43
40
39
39
39
39
39
44
60
94
141
193
228
232
197
128
57
17
0
0
0
0
25
81
163
223
228
178
98
38
14
10
9
9
9
9
9
11
19
40
82
145
205
234
219
160
82
27
0
0
0
0
25
81
163
222
228
177
95
33
8
3
2
2
2
2
2
3
5
14
43
103
177
227
229
182
103
38
0
0
0
0
25
81
163
223
228
177
94
32
7
2
1
1
1
1
1
1
2
6
24
75
154
217
232
195
117
46
0
0
0
0
25
81
163
223
228
177
94
32
7
2
1
1
1
1
1
1
1
4
16
59
136
208
232
201
126
51
0
0
0
0
25
81
163
223
228
177
94
32
7
2
1
0
0
0
1
1
1
3
13
51
126
201
231
204
130
54
0
0
0
0
25
81
163
223
228
177
95
32
7
2
1
1
0
0
0
1
1
2
12
49
123
200
231
204
131
54
0
0
0
0
25
81
163
223
228
177
95
32
7
2
1
1
0
0
1
1
1
3
13
53
128
203
231
201
126
51
0
0
0
0
25
81
163
223
228
177
95
32
7
2
1
1
1
1
1
1
2
4
18
63
141
210
231
195
117
46
0
0
0
0
25
81
163
223
228
177
95
32
7
2
2
1
1
1
1
2
3
8
30
84
162
220
229
184
104
38
0
0
0
0
25
81
163
222
228
177
95
33
9
4
3
3
3
3
3
4
8
21
56
120
189
230
222
167
87
29
0
0
0
0
25
81
163
222
228
179
101
42
19
15
15
15
15
15
15
18
30
57
104
166
217
234
207
141
65
19
0
0
0
0
25
81
163
223
231
191
126
77
58
55
55
54
54
55
56
62
82
119
166
210
234
226
180
107
43
11
0
0
0
0
25
81
163
224
238
214
173
142
130
128
128
128
128
128
129
137
156
187
217
234
230
198
137
69
23
5
0
0
0
0
25
81
164
225
245
238
221
207
202
201
201
201
201
201
202
206
216
229
234
226
197
146
85
35
10
2
0
0
0
0
25
81
164
225
248
248
242
237
235
234
234
234
234
234
234
235
233
224
207
179
135
85
40
14
4
1
0
0
0
0
25
81
163
225
246
241
226
216
211
211
211
211
211
211
210
208
197
173
140
106
69
35
14
4
1
1
0
0
0
0
25
81
163
224
239
217
179
150
139
137
136
136
136
136
136
133
121
96
66
42
23
10
4
1
1
1
0
0
0
0
25
81
163
223
231
192
127
78
58
54
54
54
54
54
54
52
47
34
20
10
5
3
1
1
1
1
0
0
0
0
25
81
163
222
228
179
101
41
17
13
12
12
12
12
12
12
10
7
4
2
2
1
1
1
1
0
0
0
0
0
25
81
163
222
228
177
95
33
8
3
2
2
2
2
2
2
2
2
1
1
1
1
1
1
0
0
0
0
0
0
25
81
163
223
228
177
95
32
7
2
1
1
1
1
1
1
1
1
1
1
1
1
1
0
0
0
0
0
0
0
25
81
163
223
228
177
94
32
7
2
1
1
1
1
1
1
1
1
1
1
0
0
0
0
0
0
0
0
0
0
25
81
163
223
228
177
95
32
7
2
1
0
0
0
0
0
0
0
0
0
0
0
0
0
0
0
0
0
0
0
25
81
163
223
228
177
95
32
7
2
1
0
0
0
0
0
0
0
0
0
0
0
0
0
0
0
0
0
0
0
25
81
163
223
228
177
95
32
7
2
1
0
0
0
0
0
0
0
0
0
0
0
0
0
0
0
0
0
0
0
25
81
163
223
228
177
94
32
7
2
1
0
0
0
0
0
0
0
0
0
0
0
0
0
0
0
0
0
0
0
25
81
163
222
227
176
94
32
7
2
1
0
0
0
0
0
0
0
0
0
0
0
0
0
0
0
0
0
0
0
25
81
162
221
226
175
94
32
7
2
1
1
0
0
0
0
0
0
0
0
0
0
0
0
0
0
0
0
0
0
25
80
160
216
221
172
93
32
7
2
1
1
0
0
0
0
0
0
0
0
0
0
0
0
0
0
0
0
0
0
23
72
144
194
198
155
84
29
7
2
1
1
0
0
0
0
0
0
0
0
0
0
0
0
0
0
0
0
0
0
17
52
104
140
143
112
61
21
5
1
1
1
0
0
0
0
0
0
0
0
0
0
0
0
0
0
0
0
0
0
0
0
0
0
0
0
0
0
0
0
0
0
0
0
0
0
0
0
0
0
0
0
0
0
0
0
0
0
0
0
0
0
0
0
0
0
0
0
0
0
0
0
0
0
0
0
0
0
0
0
0
0
0
0
0
0
0
0
