25
36
0
0
0
0
0
0
0
0
0
0
0
0
0
0
0
0
0
0
0
0
0
0
0
0
0
0
0
0
0
0
0
0
0
0
0
0
0
0
0
0
0
0
0
0
0
0
0
0
0
0
0
0
17
39
57
64
65
65
65
65
65
65
65
65
63
55
40
24
13
6
2
1
1
0
0
0
0
39
89
131
148
151
151
151
151
151
151
151
151
148
135
110
80
50
25
9
3
1
0
0
0
0
56
130
191
215
218
217
216
216
216
216
216
216
214
207
189
160
121
74
33
10
3
0
0
0
0
62
145
213
237
232
220
214
213
213
213
213
213
215
220
224
218
192
142
80
31
8
0
0
0
0
63
147
215
231
203
167
148
143
143
143
143
143
149
166
195
220
226
198
137
67
21
0
0
0
0
62
147
214
218
165
101
67
59
58
58
58
58
64
84
125
175
217
224
183
107
40
0
0
0
0
62
147
213
212
147
68
26
15
14
13
13
13
16
28
59
115
182
224
210
143
63
0
0
0
0
62
147
213
211
143
61
16
4
3
2
2
2
3
7
23
69
145
211
221
167
83
0
0
0
0
62
147
213
211
143
60
15
3
2
1
1
1
2
3
11
45
118
196
223
180
95
0
0
0
0
62
147
213
211
143
60
14
2
1
1
0
1
1
2
7
34
102
186
222
186
102
0
0
0
0
62
147
213
211
143
60
14
2
1
1
0
1
1
2
6
31
97
181
221
187
104
0
0
0
0
62
147
213
211
143
60
15
3
1
1
0
1
1
2
7
33
101
184
221
184
100
0
0
0
0
62
147
213
211
143
60
15
3
2
1
1
1
1
3
10
43
116
194
221
176
91
0
0
0
0
62
147
213
211
143
60
15
4
3
2
2
2
3
7
22
67
143
209
218
161
77
0
0
0
0
62
147
213
212
146
66
23
12
11
11
11
11
14
25
56
113
182
223
207
137
58
0
0
0
0
63
147
214
217
162
95
59
50
49
49
49
49
56
77
119
173
217
224
180
103
37
0
0
0
0
63
147
216
230
198
156
134
129
128
128
128
129
136
158
190
219
226
198
135
64
19
0
0
0
0
63
147
218
242
233
217
209
207
207
207
207
207
210
218
225
220
193
142
79
30
7
0
0
0
0
63
147
218
244
241
231
225
224
224
224
224
224
223
215
196
166
124
74
33
10
2
0
0
0
0
63
147
217
235
215
186
170
166
166
166
166
166
162
148
118
84
52
25
9
2
1
0
0
0
0
63
147
214
221
173
113
81
72
72
71
71
71
69
61
43
25
13
5
2
1
1
0
0
0
0
62
147
213
213
149
71
29
18
17
16
16
16
15
13
9
4
2
1
1
1
1
0
0
0
0
62
147
213
211
143
61
15
4
2
2
1
1
1
1
1
1
1
1
1
1
0
0
0
0
0
62
147
213
211
143
60
15
3
1
1
1
1
1
1
1
1
1
1
1
0
0
0
0
0
0
62
147
213
211
143
60
14
2
1
1
0
0
0
0
0
0
0
0
0
0
0
0
0
0
0
62
147
213
211
143
60
14
2
1
1
0
0
0
0
0
0
0
0
0
0
0
0
0
0
0
62
147
213
211
143
60
14
2
1
1
0
0
0
0
0
0
0
0
0
0
0
0
0
0
0
62
147
213
211
143
60
14
3
1
1
0
0
0
0
0
0
0
0
0
0
0
0
0
0
0
62
147
212
210
143
60
15
3
1
1
0
0
0
0
0
0
0
0
0
0
0
0
0
0
0
62
144
209
207
140
59
15
3
1
1
0
0
0
0
0
0
0
0
0
0
0
0
0
0
0
56
129
186
185
126
54
14
3
1
1
0
0
0
0
0
0
0
0
0
0
0
0
0
0
0
38
89
128
127
87
37
10
2
1
1
0
0
0
0
0
0
0
0
0
0
0
0
0
0
0
0
0
0
0
0
0
0
0
0
0
0
0
0
0
0
0
0
0
0
0
0
0
0
0
0
0
0
0
0
0
0
0
0
0
0
0
0
0
0
0
0
0
0
0
0
0
0
0
