21
25
0
0
0
0
0
0
0
0
0
0
0
0
0
0
0
0
0
0
0
0
0
0
0
0
0
0
0
0
0
0
0
0
0
0
0
0
0
0
0
0
0
0
0
0
24
55
73
73
55
24
5
0
0
0
5
24
55
73
73
55
24
0
0
0
0
55
124
167
167
124
55
12
0
0
0
12
55
124
167
167
124
55
0
0
0
0
73
167
225
225
167
73
15
0
0
0
15
73
167
225
225
167
73
0
0
0
0
78
178
240
240
178
78
16
0
0
0
16
78
178
240
240
178
78
0
0
0
0
78
178
240
240
178
78
16
0
0
0
16
78
178
240
240
178
78
0
0
0
0
78
178
240
240
178
78
16
0
0
0
16
78
178
240
240
178
78
0
0
0
0
78
178
240
240
178
78
16
0
0
0
16
78
178
240
240
178
78
0
0
0
0
78
178
240
240
178
78
16
0
0
0
16
78
178
240
240
178
78
0
0
0
0
78
178
240
240
178
78
16
0
0
0
16
78
178
240
240
178
78
0
0
0
0
78
178
240
240
178
78
16
0
0
0
16
78
178
240
240
178
78
0
0
0
0
78
178
240
240
178
78
16
0
0
0
16
78
178
240
240
178
78
0
0
0
0
78
178
240
240
178
78
16
0
0
0
16
78
178
240
240
178
78
0
0
0
0
78
178
240
240
178
78
16
0
0
1
20
85
182
241
240
178
78
0
0
0
0
78
178
240
241
182
85
20
1
1
9
42
113
198
244
240
178
78
0
0
0
0
74
171
236
243
198
114
46
20
20
42
95
167
226
251
240
178
78
0
0
0
0
59
147
221
246
226
170
114
85
85
113
167
219
247
255
240
178
78
0
0
0
0
34
105
190
240
246
226
198
182
182
198
226
247
255
255
240
178
78
0
0
0
0
15
65
146
212
240
246
243
240
236
233
237
243
251
255
240
178
78
0
0
0
0
5
30
85
146
190
221
236
236
221
197
185
197
221
236
225
167
73
0
0
0
0
1
9
30
65
105
147
171
171
147
109
91
109
147
171
167
124
55
0
0
0
0
0
1
5
15
34
59
74
74
59
35
24
35
59
74
73
55
24
0
0
0
0
0
0
0
0
0
0
0
0
0
0
0
0
0
0
0
0
0
0
0
0
0
0
0
0
0
0
0
0
0
0
0
0
0
0
0
0
0
0
0
0
