21
24
0
0
0
0
0
0
0
0
0
0
0
0
0
0
0
0
0
0
0
0
0
0
0
0
0
0
0
0
0
0
0
0
0
0
0
0
0
0
0
0
0
0
0
0
55
73
73
55
24
5
0
0
0
12
55
124
167
167
124
55
12
0
0
0
0
124
167
167
124
55
12
0
0
0
15
73
167
225
225
167
73
15
0
0
0
0
167
225
225
167
73
15
0
0
0
16
78
178
240
240
178
78
16
0
0
0
0
171
236
240
182
85
20
1
0
0
15
74
171
236
240
182
85
20
0
0
0
0
147
221
240
197
109
35
5
0
0
12
59
147
221
240
197
109
35
0
0
0
0
109
197
240
221
147
59
12
0
0
5
35
109
197
240
221
147
59
0
0
0
0
85
182
240
236
171
74
15
0
0
1
20
85
182
240
236
171
74
0
0
0
0
78
178
240
240
178
78
16
0
0
0
16
78
178
240
240
178
78
0
0
0
0
78
178
240
240
178
78
16
0
0
0
16
78
178
240
240
178
78
0
0
0
0
78
178
240
240
178
78
16
0
0
0
16
78
178
240
240
178
78
0
0
0
0
78
178
240
240
178
78
16
0
0
0
16
78
178
240
240
178
78
0
0
0
0
78
178
240
240
178
78
16
0
0
1
20
85
182
241
240
178
78
0
0
0
0
78
178
240
241
182
85
20
1
1
9
42
113
198
244
240
178
78
0
0
0
0
78
178
240
244
198
114
46
20
20
42
95
167
226
251
240
178
78
0
0
0
0
74
171
236
250
226
170
114
85
85
113
167
219
247
255
241
182
85
0
0
0
0
58
143
214
246
246
226
198
182
182
198
226
247
255
255
244
197
109
0
0
0
0
30
89
162
218
242
243
241
240
240
240
240
241
244
251
250
221
147
0
0
0
0
9
37
93
158
199
212
225
236
236
221
197
185
197
221
235
221
160
0
0
0
0
1
9
37
83
119
133
154
171
171
147
109
91
109
147
171
167
124
0
0
0
0
0
1
9
27
43
50
63
74
74
59
35
24
35
59
74
73
55
0
0
0
0
0
0
0
0
0
0
0
0
0
0
0
0
0
0
0
0
0
0
0
0
0
0
0
0
0
0
0
0
0
0
0
0
0
0
0
0
0
0
0
0
