22
25
0
0
0
0
0
0
0
0
0
0
0
0
0
0
0
0
0
0
0
0
0
0
0
0
0
0
0
0
0
0
0
0
0
0
0
0
0
0
0
0
0
0
0
0
0
0
1
5
11
11
5
1
0
0
0
5
24
61
104
136
117
55
12
0
0
0
0
0
15
34
55
51
24
5
0
0
0
12
55
128
185
206
163
73
15
0
0
0
0
0
61
104
136
117
55
12
0
0
0
15
73
168
229
235
177
78
16
0
0
0
0
0
128
185
206
163
73
15
0
0
0
16
78
178
240
241
182
85
20
1
0
0
0
0
168
229
236
181
85
20
1
0
0
15
74
171
236
243
197
109
35
5
0
0
0
0
171
236
243
197
109
35
5
0
0
12
59
147
221
246
221
147
59
12
0
0
0
0
147
221
246
221
147
59
12
0
0
5
35
109
197
243
236
171
74
15
0
0
0
0
109
197
243
236
171
74
15
0
0
1
20
85
182
241
240
178
78
16
0
0
0
0
85
182
241
240
178
78
16
0
0
0
16
78
178
240
240
178
78
16
0
0
0
0
78
178
240
240
178
78
16
0
0
0
15
74
171
236
240
182
85
20
0
0
0
0
74
171
236
240
182
85
20
1
0
0
12
59
147
221
240
197
109
35
0
0
0
0
59
147
221
240
197
109
35
5
0
0
5
35
109
197
240
221
147
59
0
0
0
0
35
109
197
240
221
147
59
12
0
0
2
24
91
185
241
236
171
74
0
0
0
0
20
85
182
240
236
171
74
15
0
1
9
42
113
198
244
240
178
78
0
0
0
0
16
78
178
240
241
182
85
21
6
15
41
95
167
226
251
240
178
78
0
0
0
0
16
78
178
240
244
198
114
50
39
66
109
167
219
247
255
241
182
85
0
0
0
0
15
73
168
229
246
225
170
120
115
151
191
226
247
255
255
244
197
109
0
0
0
0
12
55
128
186
225
239
225
201
200
221
236
240
241
243
246
239
207
136
0
0
0
0
5
24
61
108
166
214
236
240
240
236
221
197
185
193
202
192
167
117
0
0
0
0
1
5
15
41
90
147
190
217
217
190
151
109
91
102
116
102
80
55
0
0
0
0
0
0
1
9
30
65
105
141
141
105
66
35
24
31
41
31
19
12
0
0
0
0
0
0
0
0
0
0
0
0
0
0
0
0
0
0
0
0
0
0
0
0
0
0
0
0
0
0
0
0
0
0
0
0
0
0
0
0
0
0
0
0
0
0
