24
25
0
0
0
0
0
0
0
0
0
0
0
0
0
0
0
0
0
0
0
0
0
0
0
0
0
0
0
0
0
0
0
0
0
0
0
0
0
0
0
0
0
0
0
0
0
0
0
0
0
0
0
1
5
8
6
3
1
0
2
17
64
129
172
186
165
97
33
5
0
0
0
0
0
0
13
20
32
42
29
11
2
0
4
26
89
174
226
233
195
113
39
7
1
0
0
0
0
0
63
82
102
109
74
29
6
1
4
25
84
168
230
244
211
135
57
14
2
0
0
0
0
0
138
173
189
180
125
55
14
2
2
14
57
135
211
244
230
169
86
26
4
0
0
0
0
0
168
220
238
225
168
86
26
4
1
7
39
114
199
244
241
191
104
35
6
1
0
0
0
0
149
218
249
241
191
103
33
5
0
5
33
103
191
241
244
200
118
47
11
2
0
0
0
0
129
208
247
245
199
114
39
7
1
4
26
86
169
230
244
213
142
68
21
4
0
0
0
0
118
201
244
247
211
135
57
14
2
2
14
57
135
211
244
231
174
93
30
5
0
0
0
0
99
181
235
250
230
169
86
26
4
1
7
39
114
199
244
242
195
111
39
7
0
0
0
0
69
149
218
249
241
191
103
33
5
0
5
33
103
191
241
247
211
135
57
14
0
0
0
0
47
124
203
245
244
199
114
39
7
1
4
26
86
169
230
249
230
169
86
26
0
0
0
0
33
99
181
235
245
211
135
57
14
2
2
15
60
139
213
248
241
191
103
33
0
0
0
0
19
69
149
218
246
230
169
86
26
4
2
15
59
137
212
248
245
199
114
39
0
0
0
0
10
49
128
208
247
242
194
110
39
8
6
31
92
170
228
251
248
211
135
57
0
0
0
0
7
40
114
197
243
247
212
141
71
32
27
61
133
205
244
254
252
230
169
86
0
0
0
0
5
29
90
171
230
249
234
189
136
99
89
112
168
223
250
255
255
241
191
103
0
0
0
0
2
14
55
129
205
244
249
231
206
188
182
190
211
230
240
246
247
233
185
101
0
0
0
0
1
5
30
93
176
229
247
248
244
241
240
237
224
201
192
201
207
186
140
75
0
0
0
0
0
2
16
62
133
187
214
232
242
242
240
230
192
132
105
115
124
101
67
33
0
0
0
0
0
1
8
32
75
112
142
173
193
189
181
168
129
69
37
39
45
32
17
7
0
0
0
0
0
1
2
11
26
41
60
88
106
96
83
73
55
25
8
6
8
5
1
0
0
0
0
0
0
0
0
0
0
0
0
0
0
0
0
0
0
0
0
0
0
0
0
0
0
0
0
0
0
0
0
0
0
0
0
0
0
0
0
0
0
0
0
0
0
0
0
0
0
0
