22
25
0
0
0
0
0
0
0
0
0
0
0
0
0
0
0
0
0
0
0
0
0
0
0
0
0
0
0
0
0
0
0
0
0
0
0
0
0
0
0
0
0
0
0
0
0
0
12
55
124
160
142
85
30
5
0
0
0
5
24
55
73
73
55
24
0
0
0
0
15
73
167
221
210
142
58
12
0
0
0
12
55
124
167
167
124
55
0
0
0
0
16
78
178
239
236
171
74
15
0
0
0
15
73
167
225
225
167
73
0
0
0
0
20
85
182
241
240
178
78
16
0
0
0
16
78
178
240
240
178
78
0
0
0
0
35
109
197
243
236
171
74
15
0
0
1
20
85
182
240
236
171
74
0
0
0
0
59
147
221
246
221
147
59
12
0
0
5
35
109
197
240
221
147
59
0
0
0
0
74
171
236
243
197
109
35
5
0
0
12
59
147
221
240
197
109
35
0
0
0
0
78
178
240
241
182
85
20
1
0
0
15
74
171
236
240
182
85
20
0
0
0
0
78
178
240
240
178
78
16
0
0
0
16
78
178
240
240
178
78
16
0
0
0
0
78
178
240
240
178
78
16
0
0
0
16
78
178
240
240
178
78
16
0
0
0
0
78
178
240
240
178
78
16
0
0
0
16
78
178
240
240
178
78
16
0
0
0
0
78
178
240
240
178
78
16
0
0
0
16
78
178
240
240
178
78
16
0
0
0
0
78
178
240
240
178
78
16
0
0
1
20
85
182
241
240
178
78
16
0
0
0
0
74
171
236
240
182
85
20
1
1
9
42
113
198
244
240
178
78
16
0
0
0
0
59
147
221
240
198
114
46
20
20
42
95
167
226
251
240
178
78
16
0
0
0
0
35
109
197
240
226
170
114
85
85
113
167
219
247
254
236
171
74
15
0
0
0
0
19
80
171
229
242
225
198
182
182
198
226
247
255
251
221
147
59
12
0
0
0
0
12
55
128
190
231
246
243
236
229
230
240
250
255
244
197
109
35
5
0
0
0
0
5
24
65
123
190
229
236
221
197
185
197
221
236
226
170
80
19
1
0
0
0
0
1
5
22
65
128
168
171
147
109
91
109
147
171
167
124
55
12
0
0
0
0
0
0
0
5
24
55
73
74
59
35
24
35
59
74
73
55
24
5
0
0
0
0
0
0
0
0
0
0
0
0
0
0
0
0
0
0
0
0
0
0
0
0
0
0
0
0
0
0
0
0
0
0
0
0
0
0
0
0
0
0
0
0
0
0
0
