22
25
0
0
0
0
0
0
0
0
0
0
0
0
0
0
0
0
0
0
0
0
0
0
0
0
0
0
0
0
0
0
0
0
0
0
0
0
0
0
0
0
0
0
0
0
0
0
1
15
61
128
168
167
124
55
12
0
0
0
1
5
12
15
15
12
0
0
0
0
5
34
104
185
228
221
160
70
15
0
0
1
9
30
58
73
70
48
0
0
0
0
12
59
147
221
246
221
147
59
12
0
0
5
30
85
142
167
148
93
0
0
0
0
15
74
171
236
243
197
109
35
5
0
0
12
58
142
210
225
182
98
0
0
0
0
16
78
178
240
241
182
85
20
1
0
0
15
74
171
236
240
182
85
0
0
0
0
16
78
178
240
240
178
78
16
0
0
0
16
78
178
240
240
178
78
0
0
0
0
20
85
182
240
236
171
74
15
0
0
0
16
78
178
240
240
178
78
0
0
0
0
35
109
197
240
221
147
59
12
0
0
1
20
85
182
240
236
171
74
0
0
0
0
59
147
221
240
197
109
35
5
0
0
5
35
109
197
240
221
147
59
0
0
0
0
74
171
236
240
182
85
20
1
0
0
12
59
147
221
240
197
109
35
0
0
0
0
78
178
240
240
178
78
16
0
0
0
15
74
171
236
240
182
85
20
0
0
0
0
78
178
240
240
178
78
16
0
0
0
16
78
178
240
240
178
78
16
0
0
0
0
78
178
240
240
178
78
16
0
1
5
27
88
183
241
240
178
78
16
0
0
0
0
78
178
240
241
183
88
27
6
10
30
70
128
201
243
236
171
74
15
0
0
0
0
78
178
240
244
201
128
71
39
45
90
148
195
232
246
221
147
59
12
0
0
0
0
74
171
236
250
232
195
152
115
119
166
215
241
251
243
197
109
35
5
0
0
0
0
58
142
211
240
246
240
222
200
201
226
247
255
255
241
182
85
20
1
0
0
0
0
30
85
146
190
221
236
239
236
233
237
243
251
255
240
178
78
16
0
0
0
0
0
9
30
65
105
147
175
193
202
193
185
197
222
240
231
170
74
15
0
0
0
0
0
1
5
15
34
59
81
102
116
102
91
109
151
186
191
139
58
12
0
0
0
0
0
0
0
1
5
12
19
31
41
31
24
35
66
99
112
79
30
5
0
0
0
0
0
0
0
0
0
0
0
0
0
0
0
0
0
0
0
0
0
0
0
0
0
0
0
0
0
0
0
0
0
0
0
0
0
0
0
0
0
0
0
0
0
0
0
