23
26
0
0
0
0
0
0
0
0
0
0
0
0
0
0
0
0
0
0
0
0
0
0
0
0
0
0
0
0
0
0
0
0
0
0
0
0
0
0
0
0
0
0
0
0
0
0
0
0
1
8
36
91
139
141
103
62
30
10
2
0
0
0
0
0
0
0
0
0
0
0
0
3
18
66
141
202
212
175
118
60
20
4
1
3
7
13
15
12
5
1
0
0
0
0
6
33
99
181
234
240
202
131
62
19
4
2
11
33
60
71
59
32
11
0
0
0
0
7
42
118
201
244
244
200
118
47
11
2
4
25
75
137
164
144
91
40
0
0
0
0
10
49
129
208
247
241
191
104
35
6
1
5
33
101
184
225
213
155
79
0
0
0
0
19
69
149
218
246
230
169
86
26
4
1
7
39
114
199
244
240
189
102
0
0
0
0
33
99
181
235
245
211
135
57
14
2
2
14
57
135
211
247
241
191
103
0
0
0
0
47
124
203
245
244
199
114
39
7
1
4
26
86
169
230
249
230
169
86
0
0
0
0
69
149
218
249
241
191
103
33
5
0
5
33
103
191
241
247
211
135
57
0
0
0
0
98
180
234
250
230
169
86
26
4
1
7
39
114
199
244
242
194
109
38
0
0
0
0
114
198
244
247
211
135
57
14
2
2
14
57
135
211
244
230
169
86
26
0
0
0
0
117
202
246
245
199
114
39
7
1
4
26
86
169
230
244
211
135
57
14
0
0
0
0
130
209
247
242
192
104
33
5
1
6
35
104
191
241
244
199
114
39
7
0
0
0
0
151
221
248
234
177
91
27
4
3
14
51
120
201
244
241
191
103
33
5
0
0
0
0
155
224
247
227
166
86
34
16
18
43
92
155
216
244
230
169
86
26
4
0
0
0
0
142
217
247
234
186
127
87
69
70
105
159
206
238
244
211
135
57
14
2
0
0
0
0
120
199
240
245
227
200
179
162
156
181
219
242
252
244
199
114
39
7
1
0
0
0
0
88
158
210
236
245
243
237
228
223
234
248
254
255
241
191
103
33
5
0
0
0
0
0
43
89
139
184
219
235
235
231
234
243
251
255
252
230
169
86
26
4
0
0
0
0
0
12
29
60
101
146
170
172
170
181
204
230
248
247
211
135
57
14
2
0
0
0
0
0
1
5
14
33
59
73
74
75
90
124
173
216
226
187
107
37
7
1
0
0
0
0
0
0
0
1
5
12
15
16
17
25
49
95
145
164
137
75
25
4
0
0
0
0
0
0
0
0
0
0
0
0
0
0
0
0
0
0
0
0
0
0
0
0
0
0
0
0
0
0
0
0
0
0
0
0
0
0
0
0
0
0
0
0
0
0
0
0
0
0
