24
36
0
0
0
0
0
0
0
0
0
0
0
0
0
0
0
0
0
0
0
0
0
0
0
0
0
0
0
0
0
0
0
0
0
0
0
0
0
0
0
0
0
0
0
0
0
0
0
0
0
0
20
60
111
138
129
88
38
10
2
1
1
0
0
0
0
0
0
0
0
0
0
0
0
0
29
87
161
201
188
127
55
14
2
1
1
0
0
0
0
0
0
0
0
0
0
0
0
0
32
97
179
225
211
143
61
15
3
1
1
0
0
0
0
0
0
0
0
0
0
0
0
0
32
98
183
229
215
145
62
15
3
1
1
0
0
0
0
0
0
0
0
0
0
0
0
0
32
98
183
230
216
145
62
15
2
1
1
1
1
1
1
1
1
1
1
1
0
0
0
0
32
98
183
231
216
145
62
15
2
1
1
1
1
1
2
3
3
3
2
2
0
0
0
0
32
98
183
231
216
145
62
15
2
1
1
1
2
3
7
9
10
10
9
5
0
0
0
0
32
98
183
231
216
145
62
15
2
1
1
2
5
14
28
38
41
39
32
19
0
0
0
0
32
98
183
231
216
145
62
15
3
1
2
5
17
46
81
105
110
100
75
41
0
0
0
0
32
98
183
231
216
145
62
15
3
2
4
15
47
101
155
182
177
146
97
48
0
0
0
0
32
98
183
231
216
145
62
15
3
4
13
41
96
162
208
215
183
128
71
30
0
0
0
0
32
98
183
231
216
145
62
16
5
11
35
87
153
206
220
191
133
73
31
10
0
0
0
0
32
98
183
231
216
145
62
17
10
30
77
143
199
217
189
132
71
28
8
2
0
0
0
0
32
98
183
231
216
146
62
20
26
68
133
192
213
187
130
70
27
8
2
1
0
0
0
0
32
98
183
231
216
146
65
33
60
122
183
210
186
129
68
27
8
2
1
1
0
0
0
0
32
98
183
231
216
148
75
64
112
175
208
189
132
69
26
8
2
1
1
1
0
0
0
0
32
98
183
231
217
155
101
113
169
212
206
150
79
29
8
2
1
1
1
0
0
0
0
0
32
98
183
231
221
175
145
169
214
232
203
133
59
17
4
1
1
1
0
0
0
0
0
0
32
98
183
233
233
208
194
210
233
239
215
154
79
27
7
2
1
1
1
0
0
0
0
0
32
98
183
235
244
232
217
208
213
228
228
192
123
56
17
4
1
1
1
0
0
0
0
0
32
98
183
235
246
229
192
156
154
190
224
220
172
100
40
11
3
1
1
1
0
0
0
0
32
98
183
234
238
200
138
87
86
137
198
227
209
150
79
28
7
2
1
1
0
0
0
0
32
98
183
232
225
168
90
39
39
86
156
212
227
194
128
60
19
4
1
1
0
0
0
0
32
98
183
231
218
151
68
21
16
46
107
177
222
222
177
106
45
13
3
1
0
0
0
0
32
98
183
231
216
146
63
17
7
21
63
130
196
228
214
159
89
34
9
2
0
0
0
0
32
98
183
231
216
146
62
16
4
9
31
82
154
212
230
204
142
72
24
5
0
0
0
0
32
98
183
230
216
145
62
15
3
4
13
44
105
178
225
229
190
121
54
16
0
0
0
0
32
98
183
229
215
145
62
15
3
2
5
20
63
133
201
233
222
170
97
38
0
0
0
0
32
97
179
225
211
143
61
15
3
1
2
8
32
87
159
215
231
205
142
70
0
0
0
0
29
87
161
201
188
127
55
14
2
1
1
3
13
47
107
170
204
201
160
92
0
0
0
0
20
60
111
138
129
88
38
10
2
1
1
1
5
19
56
103
136
143
122
76
0
0
0
0
9
26
48
60
56
38
16
4
1
1
1
1
2
6
20
41
58
63
55
36
0
0
0
0
0
0
0
0
0
0
0
0
0
0
0
0
0
0
0
0
0
0
0
0
0
0
0
0
0
0
0
0
0
0
0
0
0
0
0
0
0
0
0
0
0
0
0
0
0
0
