27
42
0
0
0
0
0
0
0
0
0
0
0
0
0
0
0
0
0
0
0
0
0
0
0
0
0
0
0
0
0
0
0
0
0
0
0
0
0
0
0
0
0
0
0
0
0
0
0
0
0
0
0
0
0
0
0
0
28
70
118
146
147
119
72
29
8
2
1
1
1
0
0
0
0
0
0
0
0
0
0
0
0
0
0
39
97
163
202
203
165
100
40
10
3
1
1
1
0
0
0
0
0
0
0
0
0
0
0
0
0
0
43
107
181
226
226
184
111
44
11
3
2
1
1
0
0
0
0
0
0
0
0
0
0
0
0
0
0
43
108
185
230
232
187
113
44
11
3
2
1
1
0
0
0
0
0
0
0
0
0
0
0
0
0
0
43
108
185
232
233
188
113
44
11
3
2
1
1
0
1
1
1
1
1
1
1
1
1
0
0
0
0
43
109
186
232
233
189
113
44
11
3
2
1
1
1
1
1
1
1
1
1
1
1
1
0
0
0
0
43
109
186
232
233
189
113
44
11
3
2
1
1
1
1
1
2
3
3
3
3
2
2
0
0
0
0
43
109
186
232
233
189
113
44
11
3
2
1
1
1
1
2
4
6
7
7
7
6
4
0
0
0
0
43
109
186
232
233
189
113
44
11
3
2
1
1
1
3
7
14
20
23
23
23
20
13
0
0
0
0
43
109
186
232
233
189
113
44
11
3
2
1
1
3
9
23
44
62
70
70
66
54
34
0
0
0
0
43
109
186
232
233
189
113
44
11
3
2
2
3
8
25
58
100
131
142
139
123
93
54
0
0
0
0
43
109
186
232
233
189
113
44
11
3
2
3
7
22
56
109
164
197
202
185
149
101
53
0
0
0
0
43
109
186
232
233
189
113
44
11
3
3
6
18
49
102
164
211
227
213
174
120
69
31
0
0
0
0
43
109
186
232
233
189
113
44
12
4
6
15
43
93
155
206
229
218
178
122
68
31
11
0
0
0
0
43
109
186
232
233
189
113
45
12
6
13
36
83
144
199
226
217
178
122
66
28
9
3
0
0
0
0
43
109
186
232
233
189
113
45
13
11
31
74
134
191
222
216
177
121
66
28
9
3
1
0
0
0
0
43
109
186
232
233
189
113
45
17
26
65
123
182
217
215
177
120
66
28
9
3
1
1
0
0
0
0
43
109
186
232
233
189
114
49
30
57
113
173
212
214
178
121
65
27
9
3
1
1
1
0
0
0
0
43
109
186
232
233
189
116
59
57
103
164
207
214
181
124
67
28
9
3
1
1
1
1
0
0
0
0
43
109
186
232
233
189
122
81
99
155
205
221
194
136
73
30
10
3
1
1
1
1
0
0
0
0
0
43
109
186
232
233
194
141
119
151
201
231
224
177
107
46
15
4
2
1
1
1
0
0
0
0
0
0
43
109
186
232
236
208
174
168
197
230
243
229
183
113
50
16
4
2
1
1
1
0
0
0
0
0
0
43
109
186
233
242
228
212
209
221
235
242
237
205
147
80
31
9
3
1
1
1
1
0
0
0
0
0
43
109
186
234
248
243
232
218
206
207
222
235
226
186
122
60
21
6
2
1
1
1
0
0
0
0
0
43
109
186
234
249
244
223
187
154
150
180
218
234
216
167
100
44
14
4
2
1
1
1
0
0
0
0
43
109
186
234
246
231
190
134
89
87
129
187
226
232
204
146
80
32
9
3
1
1
1
0
0
0
0
43
109
186
233
241
212
152
85
43
42
82
145
202
232
227
188
124
61
22
6
2
1
1
0
0
0
0
43
109
186
233
236
196
126
57
21
19
46
101
166
216
234
218
169
103
46
15
4
1
1
0
0
0
0
43
109
186
232
234
190
115
47
14
9
23
61
123
186
226
233
206
150
85
35
11
3
1
0
0
0
0
43
109
186
232
233
189
114
45
12
5
11
33
80
145
203
233
229
192
132
70
26
7
2
0
0
0
0
43
109
186
232
233
189
114
45
12
4
6
16
45
100
166
217
236
223
179
115
55
19
5
0
0
0
0
43
109
186
232
233
189
113
45
11
3
3
7
23
61
123
188
229
238
215
162
95
40
12
0
0
0
0
43
108
185
232
233
188
113
44
11
3
3
4
10
33
82
149
208
237
235
201
141
74
28
0
0
0
0
43
108
185
230
232
187
113
44
11
3
2
2
5
16
49
108
175
223
239
226
183
117
55
0
0
0
0
43
107
181
226
226
184
111
44
11
3
2
2
3
7
25
68
132
193
228
233
210
156
89
0
0
0
0
39
97
163
202
203
165
100
40
10
3
2
1
2
4
11
36
86
147
192
211
204
167
107
0
0
0
0
28
70
118
146
147
119
72
29
8
2
1
1
1
2
5
16
45
90
130
151
152
131
89
0
0
0
0
14
35
59
74
74
60
36
15
4
1
1
1
1
1
2
6
18
40
63
75
77
69
48
0
0
0
0
0
0
0
0
0
0
0
0
0
0
0
0
0
0
0
0
0
0
0
0
0
0
0
0
0
0
0
0
0
0
0
0
0
0
0
0
0
0
0
0
0
0
0
0
0
0
0
0
0
0
0
0
