27
36
0
0
0
0
0
0
0
0
0
0
0
0
0
0
0
0
0
0
0
0
0
0
0
0
0
0
0
0
0
0
0
0
0
0
0
0
0
0
0
0
0
0
0
0
0
0
0
0
0
0
0
0
0
0
0
0
27
66
112
138
139
112
68
27
7
2
1
1
1
0
0
0
0
0
0
0
0
0
0
0
0
0
0
38
96
161
200
201
163
98
39
10
3
1
1
1
0
0
0
0
0
0
0
0
0
0
0
0
0
0
42
107
181
226
227
184
111
44
11
3
2
1
1
0
0
0
0
0
0
0
0
0
0
0
0
0
0
43
108
185
231
232
188
113
44
11
3
2
1
1
0
0
1
1
1
1
1
1
1
1
0
0
0
0
43
109
186
232
233
188
113
44
11
3
2
1
1
1
1
1
1
1
1
1
1
1
1
0
0
0
0
43
109
186
232
233
189
113
44
11
3
2
1
1
1
1
1
2
3
3
3
3
3
2
0
0
0
0
43
109
186
232
233
189
113
44
11
3
2
1
1
1
2
4
7
10
11
12
11
10
7
0
0
0
0
43
109
186
232
233
189
113
44
11
3
2
1
1
2
5
14
27
38
43
43
41
34
21
0
0
0
0
43
109
186
232
233
189
113
44
11
3
2
2
2
6
19
44
77
101
111
109
97
74
44
0
0
0
0
43
109
186
232
233
189
113
44
11
3
2
3
7
20
51
98
147
177
183
168
136
94
51
0
0
0
0
43
109
186
232
233
189
113
44
11
3
3
7
21
52
102
160
203
218
203
166
116
68
32
0
0
0
0
43
109
186
232
233
189
113
44
12
5
8
21
52
103
161
206
223
207
165
112
63
30
12
0
0
0
0
43
109
186
232
233
189
113
45
13
8
21
52
103
161
205
219
200
155
101
54
23
8
3
0
0
0
0
43
109
186
232
233
189
113
45
16
22
52
103
161
204
214
191
143
90
45
18
6
2
1
0
0
0
0
43
109
186
232
233
189
114
49
29
53
103
161
202
210
183
132
79
38
14
5
2
1
1
0
0
0
0
43
109
186
232
233
189
117
61
60
104
162
203
209
178
125
70
32
12
4
1
1
1
1
0
0
0
0
43
109
186
232
233
191
128
91
111
163
208
220
191
133
71
30
10
3
1
1
1
1
0
0
0
0
0
43
109
186
232
235
201
156
140
169
211
234
226
181
113
51
17
5
2
1
1
1
0
0
0
0
0
0
43
109
186
233
240
221
196
191
209
230
241
233
197
135
70
27
8
3
1
1
1
1
0
0
0
0
0
43
109
186
234
246
239
225
211
204
208
223
233
221
178
115
57
21
6
2
1
1
1
0
0
0
0
0
43
109
186
234
248
241
218
182
150
147
177
214
230
214
166
103
48
16
5
2
1
1
1
0
0
0
0
43
109
186
234
244
226
181
124
82
79
119
176
218
230
207
155
91
40
13
4
1
1
1
0
0
0
0
43
109
186
233
239
205
142
75
35
34
68
126
186
223
228
199
143
80
34
11
3
1
1
0
0
0
0
43
109
186
232
235
193
120
51
17
13
33
77
138
195
227
226
191
133
72
30
9
3
1
0
0
0
0
43
109
186
232
233
189
114
46
13
6
14
39
88
150
204
230
223
184
125
67
26
8
2
0
0
0
0
43
109
186
232
233
189
114
45
12
4
6
17
47
99
163
213
233
221
179
118
60
22
6
0
0
0
0
43
109
186
232
233
189
113
45
11
3
3
7
21
55
113
177
222
235
218
171
108
51
17
0
0
0
0
43
108
185
231
232
188
113
44
11
3
2
3
8
26
67
130
192
229
235
211
159
94
42
0
0
0
0
42
107
181
226
227
184
111
44
11
3
2
2
4
11
34
82
146
201
229
228
197
141
76
0
0
0
0
38
96
161
200
201
163
98
39
10
3
2
1
2
4
14
42
93
151
193
208
197
158
99
0
0
0
0
27
66
112
138
139
112
68
27
7
2
1
1
1
2
5
17
46
88
124
143
142
122
82
0
0
0
0
12
30
50
62
63
51
31
12
3
1
1
1
1
1
2
5
16
35
53
64
65
58
40
0
0
0
0
0
0
0
0
0
0
0
0
0
0
0
0
0
0
0
0
0
0
0
0
0
0
0
0
0
0
0
0
0
0
0
0
0
0
0
0
0
0
0
0
0
0
0
0
0
0
0
0
0
0
0
0
