27
47
0
0
0
0
0
0
0
0
0
0
0
0
0
0
0
0
0
0
0
0
0
0
0
0
0
0
0
0
0
0
0
0
0
0
0
0
0
0
0
0
0
0
0
0
0
0
0
0
0
0
0
0
0
0
0
0
19
48
80
99
100
81
49
19
5
2
1
1
1
0
0
0
0
0
0
0
0
0
0
0
0
0
0
32
80
135
167
168
136
83
33
8
2
1
1
1
0
0
0
0
0
0
0
0
0
0
0
0
0
0
41
102
171
212
213
173
104
41
11
3
2
1
1
0
0
0
0
0
0
0
0
0
0
0
0
0
0
43
108
183
228
228
185
112
44
11
3
2
1
1
0
0
0
0
0
0
0
0
0
0
0
0
0
0
43
108
184
230
231
187
113
44
11
3
2
1
1
0
0
0
0
0
0
0
0
0
0
0
0
0
0
43
108
185
231
232
188
113
44
11
3
2
1
1
0
0
0
0
0
0
0
0
0
0
0
0
0
0
43
109
186
232
233
189
113
44
11
3
2
1
1
1
1
1
1
1
1
1
1
1
1
0
0
0
0
43
109
186
232
233
189
113
44
11
3
2
1
1
1
1
1
1
2
2
2
2
2
1
0
0
0
0
43
109
186
232
233
189
113
44
11
3
2
1
1
1
1
2
3
4
4
4
4
3
2
0
0
0
0
43
109
186
232
233
189
113
44
11
3
2
1
1
1
1
3
5
7
8
9
8
8
5
0
0
0
0
43
109
186
232
233
189
113
44
11
3
2
1
1
1
3
8
16
23
27
27
27
24
16
0
0
0
0
43
109
186
232
233
189
113
44
11
3
2
1
2
3
9
24
46
66
75
76
72
60
38
0
0
0
0
43
109
186
232
233
189
113
44
11
3
2
2
3
8
23
56
100
133
146
144
129
98
58
0
0
0
0
43
109
186
232
233
189
113
44
11
3
2
3
6
18
50
103
160
196
204
190
156
108
57
0
0
0
0
43
109
186
232
233
189
113
44
11
3
3
5
14
40
91
154
206
229
221
186
133
78
36
0
0
0
0
43
109
186
232
233
189
113
44
11
4
4
10
31
76
139
197
229
228
196
142
84
39
15
0
0
0
0
43
109
186
232
233
189
113
45
12
5
8
24
62
121
183
223
229
201
148
88
40
14
4
0
0
0
0
43
109
186
232
233
189
113
45
12
7
18
50
105
168
215
229
205
154
94
44
15
4
1
0
0
0
0
43
109
186
232
233
189
113
45
14
14
39
89
152
205
226
209
160
100
48
17
5
1
1
0
0
0
0
43
109
186
232
233
189
113
45
18
30
73
135
193
222
211
166
106
53
20
6
2
1
1
0
0
0
0
43
109
186
232
233
189
114
49
30
60
118
180
217
214
174
113
57
22
7
2
1
1
1
0
0
0
0
43
109
186
232
233
189
116
57
55
102
165
210
216
183
123
64
26
8
3
1
1
1
1
0
0
0
0
43
109
186
232
233
189
120
76
93
150
203
222
197
139
76
31
10
3
1
1
1
1
0
0
0
0
0
43
109
186
232
233
191
133
107
139
193
228
223
176
107
46
15
4
2
1
1
1
0
0
0
0
0
0
43
109
186
232
235
201
160
151
185
224
241
225
175
103
42
12
4
2
1
1
1
0
0
0
0
0
0
43
109
186
233
239
219
196
196
218
239
246
234
194
128
62
21
6
2
1
1
1
0
0
0
0
0
0
43
109
186
233
245
238
227
222
225
231
239
239
217
165
97
40
12
3
2
1
1
1
0
0
0
0
0
43
109
186
234
249
247
236
217
197
194
213
233
232
199
137
71
26
7
2
1
1
1
0
0
0
0
0
43
109
186
234
249
244
220
180
141
136
171
214
235
223
177
109
49
16
4
2
1
1
1
0
0
0
0
43
109
186
234
246
230
187
128
82
80
124
184
226
234
208
151
83
32
9
3
1
1
1
0
0
0
0
43
109
186
233
241
211
151
83
41
40
82
147
205
234
228
188
123
59
20
5
2
1
1
0
0
0
0
43
109
186
233
236
197
126
57
21
19
49
106
173
221
236
216
164
96
41
12
3
1
1
0
0
0
0
43
109
186
232
234
190
116
47
14
10
26
69
134
196
231
233
199
138
73
27
8
2
1
0
0
0
0
43
109
186
232
233
189
114
45
12
6
13
40
94
161
214
236
224
179
114
54
18
5
1
0
0
0
0
43
109
186
232
233
189
114
45
12
4
7
21
59
121
186
228
236
212
159
92
38
11
3
0
0
0
0
43
109
186
232
233
189
113
45
11
4
4
10
33
82
149
207
236
233
197
136
69
25
6
0
0
0
0
43
109
186
232
233
189
113
45
11
3
3
5
17
50
109
178
225
240
224
176
108
48
15
0
0
0
0
43
108
185
231
232
188
113
44
11
3
2
3
8
28
74
142
204
236
238
208
150
81
31
0
0
0
0
43
108
184
230
231
187
113
44
11
3
2
2
4
14
45
104
173
222
240
229
187
120
57
0
0
0
0
43
108
183
228
228
185
112
44
11
3
2
2
3
7
25
68
134
196
231
236
212
158
89
0
0
0
0
41
102
171
212
213
173
104
41
11
3
2
1
2
4
12
39
92
156
203
222
213
175
111
0
0
0
0
32
80
135
167
168
136
83
33
8
2
1
1
1
2
5
19
53
105
150
173
173
150
102
0
0
0
0
19
48
80
99
100
81
49
19
5
2
1
1
1
1
2
8
25
55
85
102
104
92
65
0
0
0
0
0
0
0
0
0
0
0
0
0
0
0
0
0
0
0
0
0
0
0
0
0
0
0
0
0
0
0
0
0
0
0
0
0
0
0
0
0
0
0
0
0
0
0
0
0
0
0
0
0
0
0
0
