24
42
0
0
0
0
0
0
0
0
0
0
0
0
0
0
0
0
0
0
0
0
0
0
0
0
0
0
0
0
0
0
0
0
0
0
0
0
0
0
0
0
0
0
0
0
0
0
0
0
0
0
23
64
115
143
134
92
41
11
2
1
1
0
0
0
0
0
0
0
0
0
0
0
0
0
31
88
159
198
186
127
56
15
3
1
1
0
0
0
0
0
0
0
0
0
0
0
0
0
34
98
177
221
207
141
62
17
3
1
1
0
0
0
0
0
0
0
0
0
0
0
0
0
34
99
180
226
211
144
63
17
3
1
1
0
0
0
0
0
0
0
0
0
0
0
0
0
34
99
181
227
212
145
64
17
3
1
1
0
1
1
1
1
1
1
1
1
0
0
0
0
34
99
181
227
213
145
64
17
3
1
1
1
1
1
1
1
1
1
1
1
0
0
0
0
34
99
181
227
213
145
64
17
3
1
1
1
1
1
2
3
3
3
2
1
0
0
0
0
34
99
181
227
213
145
64
17
3
1
1
1
1
3
5
6
7
7
6
4
0
0
0
0
34
99
181
227
213
145
64
17
3
1
1
1
3
8
15
21
23
23
19
12
0
0
0
0
34
99
181
227
213
145
64
17
3
1
1
3
9
25
48
64
70
66
53
31
0
0
0
0
34
99
181
227
213
145
64
17
3
1
2
7
25
61
106
134
139
125
92
50
0
0
0
0
34
99
181
227
213
145
64
17
3
2
5
19
54
113
169
197
190
155
102
50
0
0
0
0
34
99
181
227
213
145
64
17
4
4
13
42
97
164
212
219
188
131
73
30
0
0
0
0
34
99
181
227
213
145
64
18
5
9
30
78
146
203
223
200
144
81
35
11
0
0
0
0
34
99
181
227
213
145
64
18
8
22
61
125
188
220
205
153
89
38
12
3
0
0
0
0
34
99
181
227
213
145
65
20
17
46
104
171
213
209
162
98
44
14
4
1
0
0
0
0
34
99
181
227
213
145
65
25
35
85
152
203
210
171
108
50
17
4
1
1
0
0
0
0
34
99
181
227
213
146
68
38
68
132
191
210
179
118
58
20
5
1
1
1
0
0
0
0
34
99
181
227
213
147
77
65
112
176
208
189
131
68
25
7
2
1
1
1
0
0
0
0
34
99
181
227
213
152
97
105
161
207
205
154
84
33
10
3
1
1
1
0
0
0
0
0
34
99
181
227
216
165
130
153
202
225
198
130
58
18
5
2
1
1
0
0
0
0
0
0
34
99
181
228
224
190
173
197
229
236
204
135
62
19
5
2
1
1
0
0
0
0
0
0
34
99
181
231
236
220
211
221
235
239
219
164
91
35
9
2
1
1
1
0
0
0
0
0
34
99
181
233
245
237
222
209
211
226
229
196
131
62
20
5
1
1
1
0
0
0
0
0
34
99
181
233
246
231
196
161
159
192
224
219
171
99
40
11
3
1
1
1
0
0
0
0
34
99
181
232
238
206
148
99
99
148
204
227
203
141
70
24
6
2
1
1
0
0
0
0
34
99
181
230
227
176
103
52
53
104
173
220
223
180
109
46
13
3
1
1
0
0
0
0
34
99
181
228
217
155
76
29
26
66
133
198
227
210
151
80
29
7
2
1
0
0
0
0
34
99
181
227
214
147
66
21
14
38
93
164
216
226
189
122
56
18
4
1
0
0
0
0
34
99
181
227
213
145
64
19
8
20
58
124
191
227
217
166
95
38
10
2
0
0
0
0
34
99
181
227
213
145
64
18
5
10
32
84
156
213
230
202
140
70
24
6
0
0
0
0
34
99
181
227
213
145
64
17
4
5
16
51
115
186
227
226
181
110
47
13
0
0
0
0
34
99
181
227
212
145
64
17
4
3
8
28
78
151
212
234
212
152
80
28
0
0
0
0
34
99
180
226
211
144
63
17
3
2
4
14
48
113
184
227
229
189
119
53
0
0
0
0
34
98
177
221
207
141
62
17
3
1
2
7
26
75
146
206
229
211
155
82
0
0
0
0
31
88
159
198
186
127
56
15
3
1
1
3
12
43
101
165
202
202
164
97
0
0
0
0
23
64
115
143
134
92
41
11
2
1
1
1
5
20
57
107
142
149
128
81
0
0
0
0
11
32
58
72
68
46
21
6
1
1
1
1
2
8
24
50
70
76
67
44
0
0
0
0
0
0
0
0
0
0
0
0
0
0
0
0
0
0
0
0
0
0
0
0
0
0
0
0
0
0
0
0
0
0
0
0
0
0
0
0
0
0
0
0
0
0
0
0
0
0
