21
35
0
0
0
0
0
0
0
0
0
0
0
0
0
0
0
0
0
0
0
0
0
0
0
0
0
0
0
0
0
0
0
0
0
0
0
0
0
0
0
0
0
0
0
0
13
46
97
130
119
73
27
6
2
1
1
0
0
0
0
0
0
0
0
0
0
19
67
141
189
173
106
39
9
2
1
1
0
0
0
0
0
0
0
0
0
0
20
74
158
212
194
118
44
10
2
1
1
0
0
0
0
0
0
0
0
0
0
21
75
160
215
198
120
44
10
2
1
1
0
0
0
0
0
0
0
0
0
0
20
75
160
216
198
120
44
10
2
1
1
1
1
1
1
1
1
0
0
0
0
20
75
160
216
198
120
44
10
2
1
1
1
2
2
3
3
2
0
0
0
0
20
75
160
216
198
120
44
10
2
1
1
2
5
8
10
10
8
0
0
0
0
20
75
160
216
198
120
44
10
2
1
3
9
21
34
40
38
29
0
0
0
0
20
75
160
216
198
120
44
10
3
3
8
28
64
96
107
96
67
0
0
0
0
20
75
160
216
198
120
44
10
3
6
24
68
128
171
174
141
86
0
0
0
0
20
75
160
216
198
120
45
11
6
17
55
119
183
209
184
126
64
0
0
0
0
20
75
160
216
198
120
45
12
13
41
100
170
210
196
140
75
29
0
0
0
0
20
75
160
216
198
120
45
16
31
81
151
201
199
148
82
32
9
0
0
0
0
20
75
160
216
198
121
48
29
64
131
189
199
156
90
37
10
2
0
0
0
0
20
75
160
216
199
122
56
56
111
175
198
163
98
42
13
3
1
0
0
0
0
20
75
160
216
199
127
77
99
160
197
173
110
49
15
4
1
1
0
0
0
0
20
75
160
216
201
140
112
149
198
196
136
64
20
5
2
1
1
0
0
0
0
20
75
160
216
209
167
159
196
222
195
120
48
12
3
1
1
1
0
0
0
0
20
75
160
219
225
204
202
222
234
208
140
64
19
4
1
1
1
0
0
0
0
20
75
160
223
239
226
212
211
223
221
176
102
39
10
3
1
1
0
0
0
0
20
75
161
224
239
215
175
158
184
217
206
146
72
23
5
2
1
0
0
0
0
20
75
161
222
226
179
116
92
131
192
219
186
114
47
13
3
1
0
0
0
0
20
75
161
219
210
143
70
44
81
154
210
212
159
84
29
6
2
0
0
0
0
20
75
160
216
201
125
50
22
45
109
182
219
196
129
58
17
3
0
0
0
0
20
75
160
216
198
121
46
14
23
68
142
204
217
174
100
39
10
0
0
0
0
20
75
160
216
198
121
45
11
11
37
98
173
218
208
149
74
24
0
0
0
0
20
75
160
216
198
120
45
11
5
18
59
131
200
224
191
118
49
0
0
0
0
21
75
160
215
198
120
44
10
4
8
32
90
167
219
217
163
86
0
0
0
0
20
74
158
212
194
118
44
10
3
4
15
55
125
194
222
195
126
0
0
0
0
19
67
141
189
173
106
39
9
2
2
7
28
80
148
194
192
142
0
0
0
0
13
46
97
130
119
73
27
6
2
1
3
12
40
88
128
137
109
0
0
0
0
0
0
0
0
0
0
0
0
0
0
0
0
0
0
0
0
0
0
0
0
0
0
0
0
0
0
0
0
0
0
0
0
0
0
0
0
0
0
0
0
