11
35
0
0
0
0
0
0
0
0
0
0
0
0
0
0
0
0
0
0
0
0
0
0
0
0
27
73
120
138
120
73
27
0
0
0
0
40
106
174
201
174
106
40
0
0
0
0
43
115
190
219
190
115
43
0
0
0
0
38
101
165
191
165
101
38
0
0
0
0
24
63
104
120
104
63
24
0
0
0
0
10
26
42
49
42
26
10
0
0
0
0
4
11
17
20
17
11
4
0
0
0
0
8
21
35
40
35
21
8
0
0
0
0
21
55
91
105
91
55
21
0
0
0
0
36
95
156
180
156
95
36
0
0
0
0
43
115
191
220
191
115
43
0
0
0
0
45
120
199
230
199
120
45
0
0
0
0
45
120
199
230
199
120
45
0
0
0
0
45
120
199
230
199
120
45
0
0
0
0
45
120
199
230
199
120
45
0
0
0
0
45
120
199
230
199
120
45
0
0
0
0
45
120
199
230
199
120
45
0
0
0
0
45
120
199
230
199
120
45
0
0
0
0
45
120
199
230
199
120
45
0
0
0
0
45
120
199
230
199
120
45
0
0
0
0
45
120
199
230
199
120
45
0
0
0
0
45
120
199
230
199
120
45
0
0
0
0
45
120
199
230
199
120
45
0
0
0
0
45
120
199
230
199
120
45
0
0
0
0
45
120
199
230
199
120
45
0
0
0
0
45
120
199
230
199
120
45
0
0
0
0
45
120
199
230
199
120
45
0
0
0
0
45
120
199
230
199
120
45
0
0
0
0
44
118
196
226
196
118
44
0
0
0
0
40
106
175
201
175
106
40
0
0
0
0
27
73
120
138
120
73
27
0
0
0
0
0
0
0
0
0
0
0
0
0
0
0
0
0
0
0
0
0
0
0
0
