12
41
0
0
0
0
0
0
0
0
0
0
0
0
0
0
0
0
0
0
0
0
0
0
0
0
0
0
31
75
120
146
146
120
75
31
0
0
0
0
43
103
167
203
203
167
103
43
0
0
0
0
48
114
185
225
225
185
114
48
0
0
0
0
46
110
178
216
216
178
110
46
0
0
0
0
37
88
142
173
173
142
88
37
0
0
0
0
22
52
85
103
103
85
52
22
0
0
0
0
9
21
34
42
42
34
21
9
0
0
0
0
4
8
14
17
17
14
8
4
0
0
0
0
5
12
20
25
25
20
12
5
0
0
0
0
14
34
55
67
67
55
34
14
0
0
0
0
29
69
112
136
136
112
69
29
0
0
0
0
42
100
162
197
197
162
100
42
0
0
0
0
47
114
185
226
226
185
114
47
0
0
0
0
49
117
190
232
232
190
117
49
0
0
0
0
48
117
190
233
233
190
117
48
0
0
0
0
48
117
190
233
233
190
117
48
0
0
0
0
48
117
190
233
233
190
117
48
0
0
0
0
48
117
190
233
233
190
117
48
0
0
0
0
48
117
190
233
233
190
117
48
0
0
0
0
48
117
190
233
233
190
117
48
0
0
0
0
48
117
190
233
233
190
117
48
0
0
0
0
48
117
190
233
233
190
117
48
0
0
0
0
48
117
190
233
233
190
117
48
0
0
0
0
48
117
190
233
233
190
117
48
0
0
0
0
48
117
190
233
233
190
117
48
0
0
0
0
48
117
190
233
233
190
117
48
0
0
0
0
48
117
190
233
233
190
117
48
0
0
0
0
48
117
190
233
233
190
117
48
0
0
0
0
48
117
190
233
233
190
117
48
0
0
0
0
48
117
190
233
233
190
117
48
0
0
0
0
48
117
190
233
233
190
117
48
0
0
0
0
48
117
191
233
233
191
117
48
0
0
0
0
48
117
190
233
233
190
117
48
0
0
0
0
48
117
190
232
232
190
117
48
0
0
0
0
48
115
186
227
227
186
115
48
0
0
0
0
43
103
167
203
203
167
103
43
0
0
0
0
31
75
120
146
146
120
75
31
0
0
0
0
0
0
0
0
0
0
0
0
0
0
0
0
0
0
0
0
0
0
0
0
0
0
