12
35
0
0
0
0
0
0
0
0
0
0
0
0
0
0
0
0
0
0
0
0
0
0
0
0
0
0
30
70
114
138
138
114
70
30
0
0
0
0
43
102
164
200
200
164
102
43
0
0
0
0
46
111
179
218
218
179
111
46
0
0
0
0
41
97
156
190
190
156
97
41
0
0
0
0
26
62
99
121
121
99
62
26
0
0
0
0
11
26
42
51
51
42
26
11
0
0
0
0
5
12
19
23
23
19
12
5
0
0
0
0
9
22
35
43
43
35
22
9
0
0
0
0
23
54
88
107
107
88
54
23
0
0
0
0
38
91
147
180
180
147
91
38
0
0
0
0
46
112
181
221
221
181
112
46
0
0
0
0
48
117
190
232
232
190
117
48
0
0
0
0
48
117
190
233
233
190
117
48
0
0
0
0
48
117
191
233
233
191
117
48
0
0
0
0
48
117
190
233
233
190
117
48
0
0
0
0
48
117
190
233
233
190
117
48
0
0
0
0
48
117
190
233
233
190
117
48
0
0
0
0
48
117
190
233
233
190
117
48
0
0
0
0
48
117
190
233
233
190
117
48
0
0
0
0
48
117
190
233
233
190
117
48
0
0
0
0
48
117
190
233
233
190
117
48
0
0
0
0
48
117
190
233
233
190
117
48
0
0
0
0
48
117
190
233
233
190
117
48
0
0
0
0
48
117
190
233
233
190
117
48
0
0
0
0
48
117
190
233
233
190
117
48
0
0
0
0
48
117
190
233
233
190
117
48
0
0
0
0
48
117
190
233
233
190
117
48
0
0
0
0
48
117
190
232
232
190
117
48
0
0
0
0
47
114
185
226
226
185
114
47
0
0
0
0
43
102
165
201
201
165
102
43
0
0
0
0
30
71
114
138
138
114
71
30
0
0
0
0
0
0
0
0
0
0
0
0
0
0
0
0
0
0
0
0
0
0
0
0
0
0
