12
47
0
0
0
0
0
0
0
0
0
0
0
0
0
0
0
0
0
0
0
0
0
0
0
0
0
0
21
51
82
100
100
82
51
21
0
0
0
0
36
86
138
168
168
138
86
36
0
0
0
0
45
108
175
213
213
175
108
45
0
0
0
0
48
116
187
228
228
187
116
48
0
0
0
0
47
113
182
222
222
182
113
47
0
0
0
0
40
96
155
188
188
155
96
40
0
0
0
0
26
63
103
125
125
103
63
26
0
0
0
0
12
30
49
59
59
49
30
12
0
0
0
0
5
11
17
21
21
17
11
5
0
0
0
0
3
6
10
13
13
10
6
3
0
0
0
0
6
14
22
27
27
22
14
6
0
0
0
0
15
37
59
72
72
59
37
15
0
0
0
0
29
70
114
139
139
114
70
29
0
0
0
0
42
100
162
197
197
162
100
42
0
0
0
0
47
114
185
226
226
185
114
47
0
0
0
0
49
117
190
232
232
190
117
49
0
0
0
0
48
117
190
232
232
190
117
48
0
0
0
0
48
117
191
233
233
191
117
48
0
0
0
0
48
117
191
233
233
191
117
48
0
0
0
0
48
117
191
233
233
191
117
48
0
0
0
0
48
117
190
233
233
190
117
48
0
0
0
0
48
117
190
233
233
190
117
48
0
0
0
0
48
117
190
233
233
190
117
48
0
0
0
0
48
117
190
233
233
190
117
48
0
0
0
0
48
117
190
233
233
190
117
48
0
0
0
0
48
117
190
233
233
190
117
48
0
0
0
0
48
117
190
233
233
190
117
48
0
0
0
0
48
117
190
233
233
190
117
48
0
0
0
0
48
117
190
233
233
190
117
48
0
0
0
0
48
117
190
233
233
190
117
48
0
0
0
0
48
117
190
233
233
190
117
48
0
0
0
0
48
117
190
233
233
190
117
48
0
0
0
0
48
117
190
233
233
190
117
48
0
0
0
0
48
117
190
233
233
190
117
48
0
0
0
0
48
117
190
233
233
190
117
48
0
0
0
0
48
117
191
233
233
191
117
48
0
0
0
0
48
117
191
233
233
191
117
48
0
0
0
0
48
117
190
232
232
190
117
48
0
0
0
0
48
116
189
231
231
189
116
48
0
0
0
0
48
116
188
229
229
188
116
48
0
0
0
0
45
108
175
213
213
175
108
45
0
0
0
0
36
86
138
168
168
138
86
36
0
0
0
0
21
51
82
99
99
82
51
21
0
0
0
0
0
0
0
0
0
0
0
0
0
0
0
0
0
0
0
0
0
0
0
0
0
0
