11
41
0
0
0
0
0
0
0
0
0
0
0
0
0
0
0
0
0
0
0
0
0
0
0
0
30
77
124
143
124
77
30
0
0
0
0
42
106
172
198
172
106
42
0
0
0
0
46
118
191
220
191
118
46
0
0
0
0
44
113
184
211
184
113
44
0
0
0
0
36
91
147
169
147
91
36
0
0
0
0
21
54
87
100
87
54
21
0
0
0
0
9
22
35
41
35
22
9
0
0
0
0
3
9
14
16
14
9
3
0
0
0
0
5
13
21
24
21
13
5
0
0
0
0
14
35
57
66
57
35
14
0
0
0
0
28
71
115
133
115
71
28
0
0
0
0
40
103
167
193
167
103
40
0
0
0
0
46
118
192
221
192
118
46
0
0
0
0
47
120
196
226
196
120
47
0
0
0
0
47
120
197
227
197
120
47
0
0
0
0
47
120
197
227
197
120
47
0
0
0
0
47
120
197
227
197
120
47
0
0
0
0
47
120
197
227
197
120
47
0
0
0
0
47
120
197
227
197
120
47
0
0
0
0
47
120
197
227
197
120
47
0
0
0
0
47
120
197
227
197
120
47
0
0
0
0
47
120
197
227
197
120
47
0
0
0
0
47
120
197
227
197
120
47
0
0
0
0
47
120
197
227
197
120
47
0
0
0
0
47
120
197
227
197
120
47
0
0
0
0
47
120
197
227
197
120
47
0
0
0
0
47
120
197
227
197
120
47
0
0
0
0
47
120
197
227
197
120
47
0
0
0
0
47
120
197
227
197
120
47
0
0
0
0
47
120
197
227
197
120
47
0
0
0
0
47
120
197
227
197
120
47
0
0
0
0
47
120
197
227
197
120
47
0
0
0
0
47
120
196
227
196
120
47
0
0
0
0
47
120
196
226
196
120
47
0
0
0
0
46
118
192
221
192
118
46
0
0
0
0
42
106
172
198
172
106
42
0
0
0
0
30
77
124
143
124
77
30
0
0
0
0
0
0
0
0
0
0
0
0
0
0
0
0
0
0
0
0
0
0
0
0
