11
33
0
0
0
0
0
0
0
0
0
0
0
0
0
0
0
0
0
0
0
0
0
0
0
0
27
84
157
189
157
84
27
0
0
0
0
30
91
171
206
171
91
30
0
0
0
0
26
79
148
179
148
79
26
0
0
0
0
16
50
93
113
93
50
16
0
0
0
0
7
20
38
46
38
20
7
0
0
0
0
3
8
16
19
16
8
3
0
0
0
0
6
17
31
38
31
17
6
0
0
0
0
14
44
82
99
82
44
14
0
0
0
0
24
75
140
170
140
75
24
0
0
0
0
29
91
172
208
172
91
29
0
0
0
0
31
95
179
217
179
95
31
0
0
0
0
31
95
180
217
180
95
31
0
0
0
0
31
95
180
217
180
95
31
0
0
0
0
31
95
180
217
180
95
31
0
0
0
0
31
95
180
217
180
95
31
0
0
0
0
31
95
180
217
180
95
31
0
0
0
0
31
95
180
217
180
95
31
0
0
0
0
31
95
180
217
180
95
31
0
0
0
0
31
95
180
217
180
95
31
0
0
0
0
31
95
180
217
180
95
31
0
0
0
0
31
95
180
217
180
95
31
0
0
0
0
31
95
180
217
180
95
31
0
0
0
0
31
95
180
217
180
95
31
0
0
0
0
31
95
180
217
180
95
31
0
0
0
0
31
95
180
217
180
95
31
0
0
0
0
30
95
179
217
179
95
30
0
0
0
0
30
95
179
216
179
95
30
0
0
0
0
30
93
176
212
176
93
30
0
0
0
0
27
84
157
189
157
84
27
0
0
0
0
0
0
0
0
0
0
0
0
0
0
0
0
0
0
0
0
0
0
0
0
