25
37
0
0
0
0
0
0
0
0
0
0
0
0
0
0
0
0
0
0
0
0
0
0
0
0
0
0
0
0
0
0
0
0
0
0
0
0
0
0
0
0
0
0
0
0
0
0
0
0
0
0
0
0
1
3
11
28
53
82
112
136
147
149
148
141
122
94
64
36
15
5
1
1
1
0
0
0
0
4
14
40
81
125
163
191
208
214
215
215
211
199
175
141
96
51
19
5
1
1
0
0
0
0
12
42
95
153
197
220
226
222
217
215
216
221
227
225
207
168
110
53
17
4
1
0
0
0
0
33
87
156
208
231
225
201
172
153
147
150
165
193
220
232
218
172
103
42
11
2
0
0
0
0
63
136
201
232
223
184
133
90
67
61
64
82
121
172
217
234
213
152
77
24
5
0
0
0
0
93
171
222
227
189
124
66
32
18
14
16
27
56
112
180
228
232
189
111
42
9
0
0
0
0
104
175
210
197
143
73
27
8
4
2
3
7
23
69
146
214
238
210
136
57
14
0
0
0
0
82
133
153
137
90
39
11
3
1
1
2
3
13
51
128
205
238
218
148
65
17
0
0
0
0
40
64
73
64
40
16
4
1
1
1
1
3
12
50
128
205
238
218
147
65
16
0
0
0
0
12
18
21
18
11
5
2
1
1
1
2
4
18
63
142
213
237
209
134
55
13
0
0
0
0
2
4
4
3
2
1
1
1
2
3
5
13
38
94
169
224
231
187
109
41
9
0
0
0
0
1
1
1
1
1
1
3
7
13
19
26
46
86
145
202
228
208
148
74
23
5
0
0
0
0
1
1
1
1
1
2
9
28
54
73
89
118
159
199
219
205
159
94
38
10
2
0
0
0
0
0
0
1
1
1
4
20
63
119
158
177
197
219
227
209
164
105
49
16
4
1
0
0
0
0
0
0
1
1
1
5
27
83
157
206
224
234
240
234
203
153
96
46
17
5
1
0
0
0
0
0
0
1
1
1
5
24
75
141
185
201
209
221
228
218
190
147
95
47
16
4
0
0
0
0
0
0
1
1
1
3
15
45
85
111
122
133
158
189
214
223
206
162
101
44
13
0
0
0
0
0
0
1
1
1
1
5
16
31
41
45
54
78
118
168
213
231
212
158
86
31
0
0
0
0
1
1
1
1
1
1
2
4
7
9
10
14
25
53
104
171
222
234
200
130
56
0
0
0
0
1
1
1
1
1
1
1
1
2
2
2
3
6
18
56
125
198
235
223
162
80
0
0
0
0
2
2
2
2
1
1
1
1
1
1
1
1
2
7
31
93
175
230
232
181
97
0
0
0
0
9
13
14
10
5
2
1
1
1
0
1
1
1
4
22
76
161
224
235
191
108
0
0
0
0
35
53
56
41
20
6
1
1
1
0
0
1
1
4
20
72
157
222
235
193
111
0
0
0
0
80
122
130
100
51
16
4
1
1
1
1
1
2
5
25
82
166
226
234
188
105
0
0
0
0
116
180
196
159
91
34
9
3
1
1
1
2
3
11
41
106
186
232
228
173
90
0
0
0
0
124
198
226
200
135
66
24
9
4
3
3
4
10
29
74
145
210
237
215
148
69
0
0
0
0
106
184
228
226
182
120
67
35
20
15
15
21
39
74
129
190
230
231
189
114
45
0
0
0
0
73
147
208
233
222
184
138
98
72
61
62
74
104
146
192
225
232
204
144
73
24
0
0
0
0
39
96
163
211
231
227
206
178
157
147
148
159
183
210
229
230
204
152
88
36
10
0
0
0
0
15
47
99
155
197
220
227
225
218
215
215
219
226
227
218
191
144
88
40
12
3
0
0
0
0
4
15
42
82
125
161
188
207
214
215
215
213
204
184
156
117
73
35
12
3
1
0
0
0
0
1
4
11
28
52
80
109
134
146
149
149
144
130
104
75
47
24
9
3
1
1
0
0
0
0
1
1
2
6
13
24
39
55
62
64
64
61
52
36
22
11
5
2
1
1
1
0
0
0
0
0
0
0
0
0
0
0
0
0
0
0
0
0
0
0
0
0
0
0
0
0
0
0
0
0
0
0
0
0
0
0
0
0
0
0
0
0
0
0
0
0
0
0
0
0
0
0
0
