30
44
0
0
0
0
0
0
0
0
0
0
0
0
0
0
0
0
0
0
0
0
0
0
0
0
0
0
0
0
0
0
0
0
0
0
0
0
0
0
0
0
0
0
0
0
0
0
0
0
0
0
0
0
0
0
0
0
0
0
0
0
0
0
1
1
1
2
4
9
18
31
48
66
76
79
80
79
76
66
49
32
19
10
4
2
1
1
1
1
0
0
0
0
1
1
2
7
17
35
59
86
114
139
154
158
158
158
154
140
116
88
61
36
17
6
2
1
1
1
0
0
0
0
1
2
8
24
52
90
128
161
187
206
216
218
218
218
216
206
188
163
130
90
50
21
7
2
1
1
0
0
0
0
2
7
25
61
110
158
195
218
229
232
231
229
229
229
232
233
230
219
196
157
105
55
22
6
2
1
0
0
0
0
5
20
56
112
170
212
232
236
227
210
194
186
184
187
196
212
229
237
233
210
165
105
50
17
4
1
0
0
0
0
13
43
98
163
213
236
236
217
184
149
122
110
107
110
124
152
188
220
238
236
209
155
89
36
10
2
0
0
0
0
25
72
140
201
234
236
213
170
120
78
52
42
39
42
54
82
126
177
219
240
233
194
129
62
20
5
0
0
0
0
39
99
171
221
237
221
176
114
62
30
15
10
9
10
16
33
69
127
189
231
241
219
162
89
33
8
0
0
0
0
48
112
179
217
221
192
134
70
28
10
4
3
2
3
5
12
36
88
160
218
242
232
184
110
45
12
0
0
0
0
44
98
150
176
174
144
92
40
13
4
2
1
1
2
3
6
23
69
142
209
241
237
195
123
52
14
0
0
0
0
27
60
91
106
102
82
50
20
6
2
1
1
1
1
2
5
20
64
137
206
240
238
197
126
54
15
0
0
0
0
11
24
36
42
40
32
19
8
3
1
1
1
1
1
2
6
23
70
144
210
241
236
192
119
50
13
0
0
0
0
3
6
9
11
10
8
5
2
1
1
1
1
1
2
3
9
33
87
160
219
242
229
179
105
41
10
0
0
0
0
1
2
2
3
3
2
2
1
1
1
2
2
3
4
9
22
57
117
185
230
240
214
154
82
29
7
0
0
0
0
1
1
1
1
1
1
1
1
1
3
7
10
12
17
31
59
104
161
212
235
226
183
117
54
17
4
0
0
0
0
1
1
1
1
1
1
1
1
4
14
28
42
51
63
86
123
167
205
226
222
190
135
74
29
8
2
0
0
0
0
0
0
0
0
1
1
1
3
10
34
72
107
128
141
163
192
217
227
216
184
136
81
37
12
3
1
0
0
0
0
0
0
0
0
1
1
1
4
16
53
113
169
199
211
222
235
240
228
196
149
96
49
19
6
2
1
0
0
0
0
0
0
0
0
1
1
1
4
18
60
128
190
223
234
239
243
243
229
198
155
108
64
31
12
4
1
0
0
0
0
0
0
0
0
1
1
1
3
16
52
111
164
193
202
207
217
228
231
220
198
164
119
72
34
12
3
0
0
0
0
0
0
0
0
1
1
1
2
10
33
70
104
122
129
137
156
183
208
225
229
215
182
131
75
32
9
0
0
0
0
0
0
0
0
1
1
1
1
5
14
30
45
53
56
63
81
112
152
194
225
236
223
185
126
64
23
0
0
0
0
1
1
1
1
1
1
1
1
2
4
9
13
14
16
19
29
50
87
138
193
229
239
220
172
103
44
0
0
0
0
1
1
1
1
1
1
1
1
1
1
2
3
4
4
5
8
17
39
85
149
207
238
237
203
139
68
0
0
0
0
1
1
1
1
1
1
1
1
1
1
1
1
1
2
2
3
6
16
49
110
181
229
243
221
163
87
0
0
0
0
1
1
2
2
2
1
1
1
1
1
1
1
1
1
1
1
3
8
30
84
160
219
243
229
178
102
0
0
0
0
3
6
8
9
8
5
2
1
1
1
1
0
0
1
1
1
2
5
22
69
145
211
241
233
187
112
0
0
0
0
11
24
35
39
34
22
10
3
1
1
1
1
0
0
1
1
2
4
19
64
139
208
241
235
191
117
0
0
0
0
29
62
91
101
88
58
27
8
2
1
1
1
1
1
1
1
2
5
21
68
144
210
241
234
189
114
0
0
0
0
49
105
154
172
154
107
52
17
5
2
1
1
1
1
1
1
3
8
30
83
159
219
242
230
179
104
0
0
0
0
60
130
192
218
202
151
84
33
10
4
2
1
1
1
2
2
5
16
48
110
181
229
243
220
163
87
0
0
0
0
59
130
199
232
227
186
122
61
25
10
5
3
2
2
3
6
14
36
82
147
206
238
239
204
139
67
0
0
0
0
48
113
185
229
238
216
168
109
62
33
18
11
9
9
13
23
43
79
132
189
229
242
226
178
108
46
0
0
0
0
32
84
153
210
237
236
211
170
125
86
58
44
39
40
48
68
101
143
188
224
239
232
198
139
73
27
0
0
0
0
17
51
109
173
218
238
236
219
190
158
129
113
107
108
117
140
171
203
228
239
232
202
152
91
40
12
0
0
0
0
7
24
63
120
175
213
233
237
230
216
199
188
185
186
192
205
222
234
237
227
198
151
95
47
17
5
0
0
0
0
2
9
28
64
112
159
195
217
229
233
232
230
229
229
231
233
232
225
210
182
139
90
46
18
6
2
0
0
0
0
1
3
9
25
53
90
127
158
184
204
215
218
218
218
217
211
196
174
147
112
73
39
16
6
2
1
0
0
0
0
1
1
2
7
18
35
58
83
110
136
152
158
158
158
156
146
125
99
73
48
27
12
5
2
1
1
0
0
0
0
1
1
1
2
4
9
17
29
46
64
75
79
79
79
78
70
56
38
24
14
7
3
2
1
1
1
0
0
0
0
0
0
0
0
0
0
0
0
0
0
0
0
0
0
0
0
0
0
0
0
0
0
0
0
0
0
0
0
0
0
0
0
0
0
0
0
0
0
0
0
0
0
0
0
0
0
0
0
0
0
0
0
0
0
0
0
0
0
