29
38
0
0
0
0
0
0
0
0
0
0
0
0
0
0
0
0
0
0
0
0
0
0
0
0
0
0
0
0
0
0
0
0
0
0
0
0
0
0
0
0
0
0
0
0
0
0
0
0
0
0
0
0
0
0
0
0
0
0
0
0
1
1
2
4
9
17
27
41
55
63
66
66
66
63
55
42
28
18
9
4
2
1
1
1
1
0
0
0
0
1
3
8
20
38
60
84
109
131
144
148
148
148
144
132
110
86
62
38
19
7
2
1
1
1
0
0
0
0
3
12
31
62
99
134
164
186
202
210
211
211
211
210
203
187
165
136
99
59
28
10
3
1
1
0
0
0
0
12
36
78
128
172
203
220
224
221
215
211
210
212
216
222
225
220
204
171
123
72
32
10
3
1
0
0
0
0
32
78
137
190
221
232
224
203
178
157
147
145
148
159
180
206
226
233
220
185
130
70
27
7
2
0
0
0
0
63
127
188
225
235
218
183
139
101
76
65
62
65
78
105
145
188
223
237
224
181
116
54
17
4
0
0
0
0
94
164
215
233
220
179
122
71
39
23
17
16
18
25
43
79
133
192
231
239
214
156
85
31
8
0
0
0
0
106
170
207
211
184
130
70
29
11
5
3
3
4
6
14
38
89
160
218
242
231
183
110
45
12
0
0
0
0
84
130
153
151
125
80
36
11
4
2
1
1
2
3
6
22
69
142
208
241
236
195
123
52
14
0
0
0
0
43
65
76
73
59
36
15
4
2
1
1
1
1
2
6
22
68
141
208
241
236
194
122
52
14
0
0
0
0
13
20
23
22
18
11
4
2
1
1
1
1
2
3
9
31
83
156
216
242
230
181
108
43
11
0
0
0
0
3
4
5
5
4
3
1
1
1
2
3
4
6
11
25
58
117
183
228
238
213
155
84
31
7
0
0
0
0
1
1
1
1
1
1
1
2
6
12
18
21
28
42
70
113
166
211
231
219
175
112
52
17
4
0
0
0
0
1
1
1
1
1
1
2
6
20
43
64
77
89
111
144
180
209
221
209
173
119
64
25
7
2
0
0
0
0
0
0
0
1
1
1
3
13
43
92
136
162
174
190
211
226
227
207
169
119
68
30
10
3
1
0
0
0
0
0
0
0
1
1
1
4
17
57
120
178
210
221
228
237
240
229
200
158
109
64
30
12
4
1
0
0
0
0
0
0
0
1
1
1
4
16
52
109
161
189
198
204
214
225
227
216
192
158
115
71
35
13
4
0
0
0
0
0
0
0
1
1
1
2
10
32
66
99
116
122
129
147
172
198
216
223
212
183
136
82
37
12
0
0
0
0
0
0
0
1
1
1
1
4
12
26
38
45
47
53
68
95
132
175
213
231
225
194
139
77
30
0
0
0
0
1
1
1
1
1
1
1
1
3
6
9
11
11
14
21
36
65
113
171
217
237
227
186
120
56
0
0
0
0
1
1
1
1
1
1
1
1
1
1
2
2
2
3
5
10
25
62
123
189
232
240
214
154
81
0
0
0
0
2
3
3
3
2
1
1
1
1
1
1
1
1
1
2
4
10
34
88
163
221
242
227
175
99
0
0
0
0
10
15
16
14
9
4
1
1
1
1
1
0
1
1
1
2
5
22
70
146
212
241
233
186
111
0
0
0
0
37
55
60
53
35
16
5
2
1
1
1
0
0
1
1
2
5
20
66
142
209
241
234
189
115
0
0
0
0
83
122
136
121
83
40
13
4
2
1
1
1
1
1
1
2
7
26
76
152
215
242
231
183
108
0
0
0
0
120
177
201
185
137
75
29
9
4
2
1
1
1
1
2
5
15
44
103
174
226
242
222
167
92
0
0
0
0
127
195
228
222
182
120
62
27
12
6
4
3
3
4
8
17
38
81
144
203
236
237
204
140
69
0
0
0
0
108
179
224
236
216
172
117
72
43
26
18
16
16
21
32
54
89
138
191
228
238
221
172
104
44
0
0
0
0
74
139
196
229
234
217
183
144
108
82
67
62
63
71
92
123
160
198
226
235
221
182
124
63
23
0
0
0
0
39
87
145
194
223
232
225
208
185
163
149
145
146
154
171
195
216
230
230
212
175
123
70
29
9
0
0
0
0
15
40
82
131
173
203
219
225
223
218
213
210
211
214
220
225
224
214
192
156
109
63
28
10
3
0
0
0
0
4
13
33
63
99
133
162
184
201
209
212
211
211
211
206
194
175
151
120
83
48
22
8
3
1
0
0
0
0
1
3
9
20
38
59
82
106
128
143
147
148
148
146
137
119
96
72
50
29
14
6
2
1
1
0
0
0
0
1
1
2
5
9
16
26
39
53
63
66
66
66
65
59
47
33
22
13
7
3
2
1
1
1
0
0
0
0
0
0
0
0
0
0
0
0
0
0
0
0
0
0
0
0
0
0
0
0
0
0
0
0
0
0
0
0
0
0
0
0
0
0
0
0
0
0
0
0
0
0
0
0
0
0
0
0
0
0
0
0
0
0
0
0
