30
48
0
0
0
0
0
0
0
0
0
0
0
0
0
0
0
0
0
0
0
0
0
0
0
0
0
0
0
0
0
0
0
0
0
0
0
0
0
0
0
0
0
0
0
0
0
0
0
0
0
0
0
0
0
0
0
0
0
0
0
0
0
0
1
1
1
3
6
14
26
45
68
90
104
108
108
108
104
91
69
46
28
14
6
2
1
1
1
1
0
0
0
0
1
1
3
8
22
44
73
105
136
163
178
182
182
182
178
163
138
107
76
45
21
7
2
1
1
1
0
0
0
0
1
2
9
26
58
99
141
175
201
219
228
230
230
230
228
219
202
177
143
99
55
23
7
2
1
1
0
0
0
0
2
7
24
61
113
164
202
225
235
238
236
235
234
235
237
239
236
226
202
162
108
56
21
6
2
1
0
0
0
0
5
18
53
109
169
213
235
240
233
217
203
195
193
195
204
219
234
241
235
211
163
102
47
15
4
1
0
0
0
0
11
38
91
157
210
237
240
226
197
162
136
123
120
123
138
166
200
228
241
236
206
149
82
31
8
2
0
0
0
0
21
64
130
194
232
240
224
187
138
94
64
51
48
52
66
98
144
192
228
242
230
186
119
54
16
4
0
0
0
0
34
90
163
217
239
230
192
135
79
41
22
14
12
14
23
45
86
145
202
236
240
212
151
79
28
7
0
0
0
0
46
111
182
226
235
210
155
88
39
15
7
4
3
4
7
18
46
103
173
225
243
227
175
102
39
10
0
0
0
0
50
113
177
211
211
178
118
56
19
6
3
2
2
2
3
8
27
76
150
213
242
235
190
118
49
13
0
0
0
0
41
91
139
162
158
129
80
33
10
3
2
1
1
1
2
5
20
65
138
206
240
238
197
126
54
15
0
0
0
0
24
52
79
91
88
70
42
17
5
2
1
1
1
1
2
5
19
63
136
205
240
238
198
126
54
15
0
0
0
0
9
20
30
35
33
27
16
6
2
1
1
1
1
1
2
6
22
69
143
210
241
236
192
119
50
13
0
0
0
0
3
5
8
9
9
7
4
2
1
1
1
1
1
2
3
9
31
84
158
218
243
231
181
106
42
11
0
0
0
0
1
2
2
3
3
2
2
1
1
1
1
2
2
3
6
17
49
109
180
228
241
219
161
87
32
8
0
0
0
0
1
1
2
2
2
2
1
1
1
2
3
4
5
9
19
42
86
148
206
236
233
195
130
62
20
5
0
0
0
0
1
1
1
1
1
1
1
1
2
7
14
21
26
35
57
93
142
191
226
233
210
157
91
37
10
3
0
0
0
0
1
1
1
1
1
1
1
2
7
22
46
69
83
97
123
161
198
223
227
208
166
108
52
18
4
1
0
0
0
0
0
0
0
0
1
1
1
3
13
43
92
137
163
176
194
217
232
230
207
166
112
60
24
7
2
1
0
0
0
0
0
0
0
0
1
1
1
4
18
59
124
185
217
229
237
244
244
227
190
139
86
42
16
5
2
1
0
0
0
0
0
0
0
0
1
1
1
4
19
62
130
194
228
238
241
245
244
229
199
158
111
67
32
12
4
2
0
0
0
0
0
0
0
0
1
1
1
3
16
53
111
165
194
203
208
219
231
234
224
203
169
123
74
34
11
3
0
0
0
0
0
0
0
0
1
1
1
2
11
35
73
108
127
133
142
162
190
216
231
233
217
182
129
71
29
8
0
0
0
0
0
0
0
0
1
1
1
1
5
16
34
50
59
62
70
91
124
165
205
231
238
221
179
117
57
19
0
0
0
0
0
0
0
0
0
1
1
1
2
5
11
16
18
19
24
36
61
102
155
206
235
239
215
161
93
37
0
0
0
0
1
1
1
1
1
1
1
1
1
2
3
4
5
5
6
11
23
51
102
166
218
241
234
195
127
59
0
0
0
0
1
1
1
1
1
1
1
1
1
1
1
2
2
2
3
4
8
23
62
127
194
234
242
215
154
79
0
0
0
0
1
1
2
2
2
1
1
1
1
1
1
1
1
1
1
2
4
11
38
96
171
225
243
225
170
94
0
0
0
0
1
2
2
3
2
2
1
1
1
1
1
1
1
1
1
1
2
7
26
77
154
216
242
231
181
105
0
0
0
0
3
6
9
9
8
5
3
1
1
1
1
0
0
1
1
1
2
5
20
67
143
210
241
234
188
113
0
0
0
0
11
23
34
37
32
20
9
3
1
1
1
1
0
0
1
1
2
4
18
63
138
207
240
235
192
117
0
0
0
0
28
59
86
95
83
54
24
7
2
1
1
1
0
0
1
1
2
5
20
66
142
209
241
234
190
115
0
0
0
0
47
101
147
164
146
99
47
15
4
2
1
1
1
1
1
1
2
7
27
79
155
217
242
231
182
107
0
0
0
0
60
129
189
212
194
141
74
27
8
3
2
1
1
1
1
2
4
12
41
100
174
226
243
224
169
93
0
0
0
0
62
135
202
232
221
174
105
46
16
6
3
2
2
2
2
4
8
24
64
130
196
236
241
213
150
76
0
0
0
0
55
125
196
233
235
203
144
80
37
16
7
4
3
3
5
10
22
51
103
168
219
242
235
194
125
56
0
0
0
0
42
104
176
225
240
227
187
132
81
46
25
16
12
13
18
32
59
101
154
205
236
241
219
166
95
37
0
0
0
0
27
75
143
204
236
240
223
188
144
103
72
54
48
49
59
83
119
163
204
232
241
228
189
127
63
21
0
0
0
0
14
45
101
167
216
239
241
228
203
172
143
126
120
121
131
154
185
215
235
242
231
198
143
82
34
10
0
0
0
0
6
22
60
117
174
215
236
241
236
223
207
197
193
194
200
213
229
239
241
229
198
149
91
43
15
4
0
0
0
0
2
8
27
65
116
165
201
224
235
239
238
235
234
235
236
238
238
232
217
188
144
92
46
17
5
2
0
0
0
0
1
3
10
27
59
100
140
173
198
216
227
230
230
230
229
223
210
189
161
124
81
43
18
6
2
1
0
0
0
0
1
1
3
9
22
44
72
102
132
159
176
182
183
182
180
170
148
119
90
60
33
15
5
2
1
1
0
0
0
0
1
1
1
3
6
14
25
42
64
87
103
108
108
108
106
97
77
54
35
20
10
4
2
1
1
1
0
0
0
0
0
0
0
0
0
0
0
0
0
0
0
0
0
0
0
0
0
0
0
0
0
0
0
0
0
0
0
0
0
0
0
0
0
0
0
0
0
0
0
0
0
0
0
0
0
0
0
0
0
0
0
0
0
0
0
0
0
0
