25
44
0
0
0
0
0
0
0
0
0
0
0
0
0
0
0
0
0
0
0
0
0
0
0
0
0
0
0
0
0
0
0
0
0
0
0
0
0
0
0
0
0
0
0
0
0
0
0
0
0
0
0
0
1
1
3
8
17
32
51
69
77
79
79
73
59
39
22
10
4
1
1
1
1
0
0
0
0
1
3
11
28
54
86
118
144
155
158
157
149
129
99
66
37
15
5
1
1
1
0
0
0
0
3
12
35
74
118
158
189
209
217
218
218
213
198
172
135
89
45
16
4
1
1
0
0
0
0
9
33
79
136
184
215
229
231
230
229
230
232
232
222
198
153
94
42
13
3
1
0
0
0
0
23
67
132
191
225
234
223
204
190
185
188
200
219
233
231
204
149
82
31
8
2
0
0
0
0
46
109
178
223
234
215
178
140
116
108
112
132
167
207
232
230
193
125
57
17
3
0
0
0
0
73
147
209
233
216
170
114
70
47
40
44
62
102
157
209
234
219
163
87
30
7
0
0
0
0
97
174
223
226
185
118
59
26
13
10
11
21
50
106
176
225
232
191
115
45
11
0
0
0
0
108
180
215
202
147
77
28
8
4
3
3
7
24
70
146
212
235
207
135
59
16
0
0
0
0
94
150
173
155
104
47
14
3
2
1
2
4
15
54
129
203
235
215
147
67
19
0
0
0
0
58
91
103
90
58
24
7
2
1
1
1
3
13
50
124
200
235
216
149
69
19
0
0
0
0
23
36
41
35
22
9
3
1
1
1
1
3
15
55
130
204
235
213
144
64
17
0
0
0
0
6
9
10
9
6
3
1
1
1
1
2
5
21
68
146
212
234
204
130
55
14
0
0
0
0
2
2
3
2
2
1
1
1
2
2
5
13
39
96
170
223
229
185
108
41
10
0
0
0
0
1
1
1
1
1
1
2
5
8
12
19
39
79
139
199
228
211
153
78
26
6
0
0
0
0
1
1
1
1
1
2
7
19
36
50
65
96
141
189
219
216
175
108
47
13
3
0
0
0
0
0
0
1
1
1
4
17
49
92
122
143
170
201
221
215
179
123
63
22
5
1
0
0
0
0
0
0
1
1
2
6
27
78
144
190
211
225
236
231
200
146
86
37
11
3
1
0
0
0
0
0
0
1
1
2
7
30
88
163
213
233
240
243
233
202
153
98
50
19
6
2
0
0
0
0
0
0
1
1
1
6
26
76
141
184
201
210
222
229
220
194
152
99
49
17
4
0
0
0
0
0
0
1
1
1
4
17
48
89
117
129
142
168
198
220
225
205
158
96
41
12
0
0
0
0
0
0
1
1
1
2
7
21
38
50
56
68
95
137
185
221
230
204
146
76
26
0
0
0
0
1
1
1
1
1
1
2
6
11
14
16
22
39
74
130
190
228
228
186
114
47
0
0
0
0
1
1
1
1
1
1
1
2
3
3
4
6
12
33
80
150
211
235
212
146
69
0
0
0
0
1
1
1
1
1
1
1
1
1
1
2
2
4
14
47
114
190
232
224
168
87
0
0
0
0
1
2
2
2
1
1
1
1
1
1
1
1
2
7
31
90
171
226
229
181
100
0
0
0
0
5
8
9
6
3
1
1
1
1
0
1
1
1
5
23
77
159
221
232
189
109
0
0
0
0
23
35
36
27
13
4
1
1
1
0
0
1
1
4
21
72
155
219
233
192
113
0
0
0
0
59
90
94
71
36
11
3
1
1
1
1
1
1
5
23
76
158
221
232
190
111
0
0
0
0
100
152
162
127
67
23
6
2
1
1
1
1
2
7
31
90
171
226
230
182
102
0
0
0
0
124
190
208
172
101
40
11
3
2
1
1
2
4
14
47
114
189
231
224
167
87
0
0
0
0
125
198
226
202
138
68
25
9
4
2
3
4
10
30
77
147
210
235
212
146
69
0
0
0
0
110
186
228
223
178
114
60
28
14
10
10
16
32
67
124
186
228
232
192
118
49
0
0
0
0
83
159
216
234
215
170
119
76
51
41
41
53
82
127
179
220
235
214
158
85
30
0
0
0
0
53
119
186
227
235
217
184
147
120
109
110
124
153
190
222
235
222
178
113
51
15
0
0
0
0
27
74
138
194
226
235
227
209
193
186
187
195
212
229
235
222
185
126
65
24
6
0
0
0
0
11
36
82
138
184
214
228
232
231
229
229
231
232
227
211
177
127
71
29
9
2
0
0
0
0
3
13
36
74
117
156
186
207
216
218
218
215
204
182
151
110
66
30
10
3
1
0
0
0
0
1
4
11
28
53
83
114
141
155
158
158
153
137
109
78
48
24
9
3
1
1
0
0
0
0
1
1
3
8
16
30
49
67
77
79
79
75
64
45
27
14
6
3
1
1
1
0
0
0
0
0
0
0
0
0
0
0
0
0
0
0
0
0
0
0
0
0
0
0
0
0
0
0
0
0
0
0
0
0
0
0
0
0
0
0
0
0
0
0
0
0
0
0
0
0
0
0
0
