23
36
0
0
0
0
0
0
0
0
0
0
0
0
0
0
0
0
0
0
0
0
0
0
0
0
0
0
0
0
0
0
0
0
0
0
0
0
0
0
0
0
0
0
0
0
0
0
0
0
1
3
11
30
59
93
124
143
148
147
137
113
80
47
20
6
2
1
1
0
0
0
0
3
12
39
84
132
172
199
212
215
214
208
190
158
112
61
23
6
1
1
0
0
0
0
9
36
89
152
199
221
224
219
215
216
222
225
215
180
121
59
19
4
1
0
0
0
0
24
74
145
204
227
215
186
160
149
152
171
201
225
221
178
107
43
10
2
0
0
0
0
46
115
189
225
212
165
112
77
63
67
91
138
193
226
213
152
74
22
4
0
0
0
0
68
148
210
219
173
105
51
24
16
18
35
77
145
208
227
185
104
36
7
0
0
0
0
77
153
199
188
128
60
19
6
4
4
12
41
107
187
228
203
126
48
10
0
0
0
0
61
117
146
130
80
31
8
2
2
2
6
29
90
175
226
210
136
55
12
0
0
0
0
30
57
70
61
36
13
3
1
1
2
6
28
89
175
225
210
136
54
12
0
0
0
0
9
16
20
17
10
4
1
1
1
3
9
36
102
185
227
202
124
47
10
0
0
0
0
2
3
4
3
2
1
1
2
3
6
20
59
131
202
224
183
102
35
7
0
0
0
0
1
1
1
1
1
2
5
11
18
29
56
107
172
216
207
148
71
21
4
0
0
0
0
1
1
1
1
1
5
20
45
69
91
126
172
207
208
166
98
39
9
2
0
0
0
0
0
0
1
1
2
12
44
100
149
177
201
220
217
179
117
55
17
4
1
0
0
0
0
0
0
1
1
3
15
58
131
194
222
234
236
217
170
108
52
17
4
1
0
0
0
0
0
0
1
1
3
14
52
119
174
199
211
222
222
199
155
98
46
14
3
0
0
0
0
0
0
1
1
2
8
32
71
105
122
139
168
201
218
207
161
95
38
10
0
0
0
0
0
0
1
1
1
3
12
26
39
46
60
92
143
195
224
207
147
73
23
0
0
0
0
1
1
1
1
1
1
3
6
9
11
17
36
80
147
207
226
187
110
41
0
0
0
0
1
1
1
1
1
1
1
1
2
2
4
12
39
102
180
225
209
138
58
0
0
0
0
1
2
2
2
1
1
1
1
1
1
2
5
21
73
156
218
218
155
71
0
0
0
0
6
12
13
10
4
1
1
1
1
1
1
3
15
60
142
213
222
165
79
0
0
0
0
26
47
53
39
18
5
1
1
1
1
1
3
14
57
139
211
223
168
82
0
0
0
0
60
108
124
95
46
13
3
1
1
1
1
3
17
65
147
215
221
162
77
0
0
0
0
88
159
187
151
81
27
6
2
1
1
2
7
28
85
167
222
215
148
66
0
0
0
0
92
174
216
191
121
54
18
6
3
3
6
18
53
120
193
228
201
126
50
0
0
0
0
78
160
217
218
168
102
52
26
17
17
26
53
102
167
218
224
176
96
33
0
0
0
0
53
126
196
227
212
167
118
82
65
64
81
119
168
212
227
200
135
62
18
0
0
0
0
28
81
152
207
228
218
191
164
150
150
164
192
218
227
206
152
84
31
7
0
0
0
0
11
40
93
154
199
221
225
220
216
216
220
225
222
199
152
91
39
11
2
0
0
0
0
3
13
41
84
131
170
197
211
215
215
211
197
170
131
83
39
13
3
1
0
0
0
0
1
3
12
30
58
90
121
141
148
148
141
120
90
58
30
11
3
1
1
0
0
0
0
0
0
0
0
0
0
0
0
0
0
0
0
0
0
0
0
0
0
0
0
0
0
0
0
0
0
0
0
0
0
0
0
0
0
0
0
0
0
0
0
0
0
0
0
