35
38
0
0
0
0
0
0
0
0
0
0
0
0
0
0
0
0
0
0
0
0
0
0
0
0
0
0
0
0
0
0
0
0
0
0
0
0
0
0
0
0
0
0
0
0
0
0
0
0
0
0
0
0
0
0
0
0
0
0
0
0
0
0
0
0
0
0
0
0
0
0
0
0
0
0
1
1
1
1
1
3
6
13
22
36
51
60
62
63
62
60
51
36
22
13
6
3
1
1
1
1
1
0
0
0
0
0
0
0
1
1
1
1
2
6
15
31
53
77
103
128
143
147
148
147
143
128
103
76
53
31
15
6
2
1
1
1
1
0
0
0
0
0
1
1
1
1
3
9
26
55
92
128
159
184
203
213
215
215
215
212
203
184
159
128
91
55
26
9
3
1
1
1
1
0
0
0
0
1
1
1
3
12
35
76
125
170
202
219
226
224
219
215
215
215
218
222
225
219
202
170
125
76
35
12
3
1
1
1
0
0
0
0
1
1
3
13
40
87
145
194
223
230
221
203
178
157
148
147
148
155
174
199
219
229
222
194
145
87
40
13
3
1
1
0
0
0
0
1
3
12
39
91
153
204
229
227
203
167
130
96
72
62
60
61
69
91
125
162
199
225
228
204
153
91
39
12
3
1
0
0
0
0
2
8
31
83
151
206
231
223
187
137
90
55
32
19
14
14
14
18
30
51
84
131
183
221
231
206
151
83
31
8
2
0
0
0
0
4
19
63
133
199
231
224
183
123
68
32
15
7
3
2
2
2
3
6
13
29
64
120
181
224
231
199
133
63
19
4
0
0
0
0
9
38
101
177
226
231
193
128
64
25
8
3
2
1
1
1
1
1
2
3
8
23
62
126
191
230
226
177
101
38
9
0
0
0
0
19
65
141
208
235
213
151
78
28
8
3
1
1
1
1
1
1
1
1
1
3
7
27
75
147
210
234
208
141
65
19
0
0
0
0
33
95
175
227
231
185
109
43
11
3
1
1
1
0
0
0
0
0
1
1
1
3
10
40
103
180
228
227
175
95
33
0
0
0
0
50
124
200
235
218
154
75
23
5
2
1
1
0
0
0
0
0
0
0
1
1
1
4
21
70
148
215
234
200
124
50
0
0
0
0
69
150
216
235
200
124
50
12
2
1
1
1
0
0
0
0
0
0
0
1
1
1
2
11
47
120
198
234
216
150
69
0
0
0
0
85
168
226
231
181
99
34
7
2
1
1
0
0
0
0
0
0
0
0
0
1
1
2
7
33
98
181
230
226
169
85
0
0
0
0
95
179
230
226
167
83
25
5
1
1
1
0
0
0
0
0
0
0
0
0
1
1
1
5
25
83
167
226
231
180
96
0
0
0
0
101
184
232
222
159
74
21
4
1
1
0
0
0
0
0
0
0
0
0
0
0
1
1
4
21
74
159
222
233
187
104
0
0
0
0
104
187
232
220
154
69
19
3
1
1
0
0
0
0
0
0
0
0
0
0
0
1
1
3
19
69
153
220
234
191
110
0
0
0
0
104
187
232
220
154
70
19
3
1
1
0
0
0
0
0
0
0
0
0
0
0
1
1
3
18
68
151
219
234
193
112
0
0
0
0
99
183
231
223
161
76
22
4
1
1
0
0
0
0
0
0
0
0
0
0
0
1
1
3
19
70
154
220
233
191
109
0
0
0
0
92
176
230
228
172
88
28
5
1
1
1
0
0
0
0
0
1
1
1
1
1
1
1
4
22
78
162
224
232
184
101
0
0
0
0
82
166
225
232
186
104
36
7
2
1
1
0
0
0
0
1
1
1
1
1
1
1
2
6
29
91
175
229
228
173
89
0
0
0
0
67
149
216
235
200
124
49
12
2
1
1
0
0
0
1
1
1
1
2
4
3
2
3
9
41
111
191
233
221
158
75
0
0
0
0
51
126
202
235
216
150
71
21
4
1
1
1
0
1
1
1
1
5
13
21
18
10
6
17
59
137
208
236
210
138
59
0
0
0
0
35
99
179
229
229
181
103
39
10
3
1
1
1
1
1
1
5
19
47
69
62
36
19
32
87
166
223
233
191
113
43
0
0
0
0
21
69
146
212
235
210
144
71
24
7
2
1
1
1
1
3
15
51
106
144
134
91
58
69
127
196
233
223
164
84
27
0
0
0
0
11
42
107
183
228
229
187
119
57
21
7
3
2
1
2
6
30
85
156
202
200
163
129
134
178
223
234
200
129
56
15
0
0
0
0
5
22
68
141
204
233
221
175
113
59
26
12
6
3
3
9
34
91
161
213
230
219
201
202
222
237
220
164
89
32
7
0
0
0
0
2
9
35
91
159
212
232
218
177
124
77
46
27
17
13
16
32
70
127
188
229
242
240
240
244
236
195
123
54
16
4
0
0
0
0
1
3
14
45
100
162
210
230
222
192
153
117
85
63
55
54
59
77
117
176
225
246
251
251
249
232
182
108
46
15
4
0
0
0
0
1
1
4
16
46
97
155
201
226
228
216
194
168
146
137
135
136
143
165
202
234
246
246
245
246
235
199
141
82
40
16
0
0
0
0
1
1
1
4
15
41
85
136
180
210
224
227
222
214
211
210
210
212
218
227
232
226
214
212
223
233
226
197
151
96
47
0
0
0
0
1
1
1
1
4
12
31
64
103
141
172
196
212
220
222
221
221
221
216
204
186
164
142
138
164
200
224
227
203
150
83
0
0
0
0
0
1
1
1
1
3
8
19
38
62
89
117
143
159
163
163
163
161
152
130
103
79
61
59
86
131
176
201
196
152
85
0
0
0
0
0
0
1
1
1
1
2
4
8
16
28
44
62
72
75
75
75
74
67
52
35
23
15
16
30
60
99
127
129
98
51
0
0
0
0
0
0
0
0
0
0
0
0
0
0
0
0
0
0
0
0
0
0
0
0
0
0
0
0
0
0
0
0
0
0
0
0
0
0
0
0
0
0
0
0
0
0
0
0
0
0
0
0
0
0
0
0
0
0
0
0
0
0
0
0
0
0
0
0
0
0
0
0
