42
45
0
0
0
0
0
0
0
0
0
0
0
0
0
0
0
0
0
0
0
0
0
0
0
0
0
0
0
0
0
0
0
0
0
0
0
0
0
0
0
0
0
0
0
0
0
0
0
0
0
0
0
0
0
0
0
0
0
0
0
0
0
0
0
0
0
0
0
0
0
0
0
0
0
0
0
0
0
0
0
0
0
0
0
0
0
0
0
0
0
1
1
1
1
2
3
5
10
18
28
42
59
73
78
79
79
79
78
73
59
42
28
18
10
5
3
2
1
1
1
1
0
0
0
0
0
0
0
0
0
0
1
1
1
1
2
5
11
22
39
60
81
106
131
149
157
158
158
158
157
149
131
106
81
60
39
22
11
5
2
1
1
1
1
0
0
0
0
0
0
0
0
1
1
1
1
2
7
18
38
66
99
130
157
181
201
213
218
218
218
218
218
213
200
181
157
130
99
66
38
18
7
2
1
1
1
1
0
0
0
0
0
0
1
1
1
1
3
8
23
52
92
135
172
199
217
227
232
232
229
228
228
228
229
231
231
227
217
199
172
135
92
52
23
8
3
1
1
1
1
0
0
0
0
0
1
1
1
3
10
28
62
109
159
199
223
234
235
227
213
198
187
183
183
183
186
195
210
225
233
233
223
199
159
109
62
28
10
3
1
1
1
1
0
0
0
0
1
1
3
10
29
67
119
172
212
233
237
227
207
182
153
127
110
105
104
105
109
123
148
178
203
224
236
233
212
172
119
67
29
10
3
1
1
1
0
0
0
0
1
2
8
27
66
122
178
218
236
235
215
182
145
111
80
56
42
38
37
38
41
52
75
105
139
177
212
233
236
218
178
122
66
27
8
2
1
1
0
0
0
0
2
6
20
57
115
176
219
237
232
207
164
116
75
47
28
16
10
8
8
8
10
15
26
43
70
110
159
204
231
237
219
176
115
57
20
6
2
1
0
0
0
0
3
13
41
97
163
214
237
234
205
156
101
56
28
14
7
4
2
2
2
2
2
3
7
13
25
52
97
153
204
233
237
214
163
97
41
13
3
1
0
0
0
0
7
25
70
137
200
234
238
212
161
100
50
21
8
4
2
2
1
1
1
1
1
1
2
4
8
19
48
98
160
211
237
234
200
137
70
25
7
2
0
0
0
0
13
44
103
173
223
240
225
179
113
55
21
7
3
2
1
1
1
1
1
1
1
1
1
2
3
7
20
54
111
176
223
240
223
173
103
44
13
3
0
0
0
0
23
68
137
201
236
236
203
141
73
28
8
3
2
1
1
1
1
1
0
0
1
1
1
1
1
3
8
26
69
135
199
235
236
202
137
68
23
6
0
0
0
0
36
93
166
221
241
226
176
105
44
13
4
2
1
1
1
0
0
0
0
0
0
0
1
1
1
2
3
12
41
98
170
223
240
221
167
93
36
9
0
0
0
0
52
119
190
233
239
210
147
75
26
7
2
1
1
1
0
0
0
0
0
0
0
0
0
1
1
1
2
6
24
70
141
206
238
233
190
119
52
15
0
0
0
0
69
142
207
239
233
191
120
53
16
4
2
1
1
0
0
0
0
0
0
0
0
0
0
0
1
1
1
4
14
50
116
188
232
239
207
142
69
22
0
0
0
0
85
161
219
241
225
172
97
37
10
3
1
1
1
0
0
0
0
0
0
0
0
0
0
0
1
1
1
3
9
36
95
171
224
241
219
161
85
30
0
0
0
0
96
172
226
241
217
156
80
27
7
2
1
1
1
0
0
0
0
0
0
0
0
0
0
0
1
1
1
2
7
27
80
156
217
241
226
173
96
36
0
0
0
0
102
178
229
240
211
146
71
22
5
2
1
1
0
0
0
0
0
0
0
0
0
0
0
0
0
1
1
2
5
22
71
146
211
240
230
180
104
41
0
0
0
0
106
182
230
239
207
139
65
20
5
2
1
1
0
0
0
0
0
0
0
0
0
0
0
0
0
1
1
2
5
20
65
139
207
239
232
185
110
45
0
0
0
0
108
184
231
238
204
135
61
18
4
2
1
1
0
0
0
0
0
0
0
0
0
0
0
0
0
1
1
2
4
18
61
135
204
239
233
189
115
48
0
0
0
0
108
183
231
238
205
136
61
18
4
2
1
1
0
0
0
0
0
0
0
0
0
0
0
0
0
1
1
2
4
17
59
133
203
238
234
190
117
49
0
0
0
0
104
180
230
239
209
142
67
21
5
2
1
1
0
0
0
0
0
0
0
0
0
0
0
0
0
1
1
2
4
18
61
135
204
239
233
189
115
48
0
0
0
0
98
175
227
241
215
153
77
26
6
2
1
1
0
0
0
0
0
0
0
0
0
1
1
1
1
1
1
2
5
20
67
142
208
240
231
184
109
44
0
0
0
0
90
167
224
242
222
165
89
32
8
2
1
1
1
0
0
0
0
0
0
1
1
1
1
1
1
1
1
2
6
26
77
152
215
241
227
175
98
37
0
0
0
0
79
155
216
241
229
179
104
41
11
3
1
1
1
0
0
0
0
0
1
1
1
1
1
1
1
1
1
2
8
33
91
166
222
241
221
163
86
31
0
0
0
0
65
137
205
239
235
194
124
55
16
4
2
1
1
0
0
0
0
1
1
1
1
2
3
4
4
3
2
3
13
46
110
183
230
240
212
148
73
24
0
0
0
0
50
116
188
233
240
211
149
76
27
7
2
1
1
1
0
0
1
1
1
1
2
7
14
19
16
9
5
6
20
63
134
201
237
236
199
130
59
18
0
0
0
0
35
92
166
221
241
226
177
105
45
14
4
2
1
1
1
0
1
1
1
2
8
24
47
61
52
30
14
13
34
88
161
218
241
229
180
107
44
12
0
0
0
0
22
67
137
201
236
237
204
142
74
28
8
3
2
1
1
1
1
1
2
7
23
59
103
128
114
75
42
34
61
120
188
231
241
215
155
82
30
7
0
0
0
0
13
43
103
173
223
240
226
180
114
56
21
7
3
2
1
1
1
1
4
15
49
104
162
192
180
139
97
81
107
162
214
240
233
192
125
58
18
5
0
0
0
0
7
25
70
137
199
234
238
212
162
101
51
21
9
4
3
2
2
2
6
24
69
134
194
226
224
198
165
150
167
204
234
240
216
161
91
36
10
3
0
0
0
0
4
13
41
96
162
214
237
233
205
157
102
56
28
14
8
5
3
3
7
24
66
126
183
221
237
233
220
212
219
235
242
229
186
121
58
20
5
2
0
0
0
0
2
6
20
57
114
175
219
237
232
206
164
115
73
47
29
18
12
11
12
22
48
90
144
195
231
244
245
243
245
247
240
210
151
83
33
10
3
1
0
0
0
0
1
2
8
26
65
121
177
217
236
234
214
180
143
110
81
58
45
41
41
45
55
80
125
181
225
246
251
251
251
250
236
196
132
67
26
8
3
1
0
0
0
0
1
1
3
10
29
66
118
171
211
232
236
225
206
183
155
130
114
109
108
109
113
126
156
198
232
247
250
250
250
249
238
204
150
92
48
22
9
3
0
0
0
0
1
1
1
3
10
27
61
108
157
197
222
233
235
228
215
199
189
185
185
185
186
193
207
226
241
244
239
234
236
241
241
226
194
150
102
60
29
11
0
0
0
0
1
1
1
1
3
8
23
51
90
132
169
198
217
228
232
232
230
229
229
229
229
230
232
231
226
216
199
187
192
211
230
237
229
206
167
116
65
27
0
0
0
0
1
1
1
1
1
2
7
17
37
64
97
130
158
181
201
214
219
220
220
220
219
217
209
193
173
152
129
112
120
152
190
219
233
231
207
158
95
40
0
0
0
0
0
1
1
1
1
1
2
4
10
21
38
59
81
106
132
151
159
161
161
161
160
156
143
121
96
75
57
46
53
82
125
167
198
210
196
152
90
38
0
0
0
0
0
0
0
1
1
1
1
2
3
5
10
18
28
42
60
73
79
80
80
80
80
77
68
52
35
24
17
12
16
32
60
97
130
146
136
102
57
22
0
0
0
0
0
0
0
0
0
1
1
1
1
2
3
4
7
11
17
23
25
25
25
25
25
24
20
14
9
6
4
3
4
9
20
40
60
70
65
45
23
8
0
0
0
0
0
0
0
0
0
0
0
0
0
0
0
0
0
0
0
0
0
0
0
0
0
0
0
0
0
0
0
0
0
0
0
0
0
0
0
0
0
0
0
0
0
0
0
0
0
0
0
0
0
0
0
0
0
0
0
0
0
0
0
0
0
0
0
0
0
0
0
0
0
0
0
0
0
0
0
0
0
0
0
0
0
0
