42
39
0
0
0
0
0
0
0
0
0
0
0
0
0
0
0
0
0
0
0
0
0
0
0
0
0
0
0
0
0
0
0
0
0
0
0
0
0
0
0
0
0
0
0
0
0
0
0
0
0
0
0
0
0
0
0
0
0
0
0
0
0
0
0
0
0
0
0
0
0
0
0
0
0
0
0
0
0
0
0
0
0
0
0
0
0
0
0
0
0
1
1
1
1
1
3
5
10
16
24
35
49
59
64
65
65
65
64
59
49
35
24
16
10
5
3
1
1
1
1
1
0
0
0
0
0
0
0
0
0
1
1
1
1
1
2
6
12
24
40
59
78
100
122
139
145
147
146
147
145
139
122
100
78
59
40
24
13
6
2
1
1
1
1
1
0
0
0
0
0
0
1
1
1
1
2
4
10
24
46
75
106
135
159
179
197
207
211
211
211
211
210
207
196
179
159
135
106
75
47
24
10
4
2
1
1
1
1
0
0
0
0
0
1
1
1
2
6
15
36
70
111
151
183
205
217
223
222
217
213
211
211
211
212
216
220
222
217
205
183
151
111
70
36
15
6
2
1
1
1
1
0
0
0
0
1
1
2
7
20
48
90
138
182
212
226
228
219
204
184
164
151
146
145
146
149
160
180
201
217
226
226
212
182
138
90
48
20
7
2
1
1
1
0
0
0
0
1
2
7
22
55
104
157
200
225
231
220
195
165
136
106
82
68
63
62
62
66
78
101
130
160
191
217
230
225
200
157
104
55
22
7
2
1
1
0
0
0
0
2
6
20
54
108
166
210
231
230
207
170
127
89
61
40
26
18
16
15
15
17
24
37
57
83
121
165
205
229
231
210
166
108
54
20
6
2
1
0
0
0
0
4
14
44
99
162
212
234
229
200
152
101
59
32
18
10
6
3
2
2
2
3
5
9
16
29
55
97
150
199
229
234
212
163
99
44
14
4
2
0
0
0
0
8
30
79
145
204
234
233
203
149
91
45
20
9
4
2
1
1
1
1
1
1
1
2
4
8
18
44
89
148
201
232
234
204
145
79
30
8
2
0
0
0
0
17
55
118
185
228
238
215
162
97
45
17
6
3
2
1
1
1
1
1
1
1
1
1
1
2
5
16
43
94
158
212
237
228
185
118
55
17
4
0
0
0
0
31
84
155
213
239
229
186
118
56
20
6
3
1
1
1
1
0
0
0
0
0
1
1
1
1
2
5
18
52
113
180
227
238
213
155
84
31
8
0
0
0
0
49
114
185
230
239
212
152
81
30
9
3
1
1
1
1
0
0
0
0
0
0
0
1
1
1
1
3
8
28
76
146
209
238
230
185
114
49
14
0
0
0
0
69
142
207
238
233
190
120
54
16
4
2
1
1
1
0
0
0
0
0
0
0
0
0
1
1
1
2
4
15
51
116
188
232
238
207
142
69
23
0
0
0
0
87
162
220
241
223
169
94
36
9
3
1
1
1
0
0
0
0
0
0
0
0
0
0
0
1
1
1
2
9
35
93
168
223
241
220
162
87
31
0
0
0
0
98
174
227
241
215
153
77
26
6
2
1
1
1
0
0
0
0
0
0
0
0
0
0
0
1
1
1
2
6
26
77
152
215
241
227
175
99
38
0
0
0
0
104
180
230
240
209
142
67
21
5
2
1
1
0
0
0
0
0
0
0
0
0
0
0
0
0
1
1
2
5
21
67
142
209
240
231
183
108
43
0
0
0
0
107
183
231
239
205
136
62
18
4
2
1
1
0
0
0
0
0
0
0
0
0
0
0
0
0
1
1
2
4
18
62
136
205
239
233
188
114
47
0
0
0
0
107
183
231
239
205
137
62
18
4
2
1
1
0
0
0
0
0
0
0
0
0
0
0
0
0
1
1
2
4
17
60
134
204
239
234
190
116
48
0
0
0
0
102
179
229
240
210
144
69
22
5
2
1
1
0
0
0
0
0
0
0
0
0
0
0
0
0
1
1
2
4
18
63
137
206
239
233
188
113
47
0
0
0
0
94
171
225
241
218
158
82
28
7
2
1
1
1
0
0
0
0
0
0
0
1
1
1
1
1
1
1
2
5
23
71
146
211
240
230
180
104
41
0
0
0
0
83
159
219
241
226
173
98
38
10
3
1
1
1
0
0
0
0
0
1
1
1
1
1
1
1
1
1
2
8
31
85
161
220
241
223
168
91
33
0
0
0
0
67
141
206
239
234
191
120
53
16
4
2
1
1
0
0
0
0
1
1
1
1
2
4
5
4
3
2
3
12
44
107
180
229
240
213
151
76
25
0
0
0
0
50
116
187
232
239
210
149
77
28
8
2
1
1
1
1
0
1
1
1
1
3
9
18
24
20
12
6
7
22
64
134
201
236
236
198
129
59
18
0
0
0
0
33
88
160
216
239
227
181
112
51
17
5
2
1
1
1
1
1
1
1
3
12
32
59
75
66
41
22
19
41
95
165
220
240
225
175
102
41
11
0
0
0
0
19
59
124
190
231
238
211
155
90
39
14
5
2
1
1
1
1
1
2
10
33
76
124
150
138
100
64
53
79
136
197
234
237
206
144
73
26
6
0
0
0
0
10
33
84
152
209
236
232
197
141
82
39
17
7
4
2
1
1
2
5
20
59
118
177
208
202
170
135
120
141
185
224
239
222
174
106
46
14
4
0
0
0
0
4
16
49
106
170
217
235
226
193
143
91
50
26
14
8
5
3
3
7
24
65
124
182
220
231
222
203
194
203
225
239
230
192
131
67
25
7
2
0
0
0
0
2
7
23
60
116
174
215
233
227
200
159
113
76
51
34
22
16
14
16
27
53
97
149
199
231
242
240
237
240
245
240
212
156
89
38
12
4
2
0
0
0
0
1
3
8
26
62
113
166
207
228
230
213
184
151
122
95
73
60
56
56
60
71
95
137
188
228
246
250
250
250
249
237
200
140
77
33
13
5
2
0
0
0
0
1
1
3
8
24
55
99
148
190
217
228
225
213
196
174
153
140
135
135
136
139
150
175
209
235
245
245
243
244
246
239
213
167
114
69
37
17
6
0
0
0
0
1
1
1
2
7
18
42
79
122
161
192
212
222
225
221
214
209
206
206
206
207
211
218
226
230
226
216
207
210
223
234
230
211
178
136
90
48
19
0
0
0
0
1
1
1
1
2
5
12
29
54
85
117
147
172
191
206
214
217
218
217
218
218
216
211
200
185
168
147
133
140
166
198
220
228
219
191
142
83
35
0
0
0
0
0
1
1
1
1
1
3
7
16
29
48
69
90
113
136
153
160
162
162
161
161
158
146
126
104
85
68
57
63
91
130
168
195
204
188
145
85
35
0
0
0
0
0
0
0
1
1
1
1
2
3
7
12
20
30
43
59
71
76
77
77
77
77
74
66
52
37
27
19
15
19
33
59
92
121
135
126
94
53
21
0
0
0
0
0
0
0
0
0
1
1
1
1
2
2
4
6
10
16
20
22
22
22
22
22
21
18
13
8
5
4
3
4
8
18
33
49
58
53
38
19
7
0
0
0
0
0
0
0
0
0
0
0
0
0
0
0
0
0
0
0
0
0
0
0
0
0
0
0
0
0
0
0
0
0
0
0
0
0
0
0
0
0
0
0
0
0
0
0
0
0
0
0
0
0
0
0
0
0
0
0
0
0
0
0
0
0
0
0
0
0
0
0
0
0
0
0
0
0
0
0
0
0
0
0
0
0
0
