43
49
0
0
0
0
0
0
0
0
0
0
0
0
0
0
0
0
0
0
0
0
0
0
0
0
0
0
0
0
0
0
0
0
0
0
0
0
0
0
0
0
0
0
0
0
0
0
0
0
0
0
0
0
0
0
0
0
0
0
0
0
0
0
0
0
0
0
0
0
0
0
0
0
0
0
0
0
0
0
0
0
0
0
0
0
0
0
0
0
0
0
0
0
1
1
1
1
2
3
7
15
26
41
60
83
101
108
110
109
110
108
101
83
60
41
26
15
7
3
2
1
1
1
1
0
0
0
0
0
0
0
0
0
0
0
1
1
1
1
2
6
13
28
49
75
101
128
155
174
182
184
184
184
182
174
155
128
101
75
49
28
13
6
2
1
1
1
1
0
0
0
0
0
0
0
0
0
1
1
1
1
3
7
19
42
74
110
145
173
196
215
226
230
231
231
231
230
226
215
196
173
145
110
74
42
20
7
3
1
1
1
1
0
0
0
0
0
0
0
1
1
1
1
3
8
23
53
96
141
179
207
224
234
238
237
235
234
233
233
234
236
237
234
224
207
179
141
96
53
23
8
3
1
1
1
1
0
0
0
0
0
1
1
1
1
2
8
24
58
106
159
200
226
238
239
233
220
205
194
191
190
190
193
202
217
231
238
237
226
200
158
106
58
24
8
2
1
1
1
1
0
0
0
0
1
1
1
2
7
23
58
110
165
209
234
241
235
218
195
166
139
122
116
115
115
120
135
161
191
215
232
240
234
209
166
110
58
23
7
2
1
1
1
0
0
0
0
1
1
2
6
20
53
107
166
212
236
240
227
200
165
130
95
67
51
45
45
45
49
63
90
124
159
195
224
239
235
211
166
107
53
20
6
2
1
1
0
0
0
0
1
2
4
14
43
96
159
209
236
239
223
188
142
97
64
39
22
14
11
11
11
13
20
35
59
91
135
182
220
238
235
209
159
96
43
14
4
2
1
0
0
0
0
1
3
8
29
77
142
201
234
240
223
184
131
80
43
22
12
6
3
3
3
3
3
5
10
20
38
74
126
180
221
239
233
201
142
77
29
8
3
1
0
0
0
0
2
5
16
52
114
182
227
241
228
189
132
75
35
15
7
4
2
2
1
1
1
2
2
3
6
13
32
72
130
188
228
241
226
181
114
52
16
5
2
0
0
0
0
2
8
29
80
150
210
239
236
204
146
82
36
13
5
3
2
1
1
1
1
1
1
1
2
3
5
12
35
81
145
203
235
238
210
150
80
29
8
2
0
0
0
0
4
14
48
110
180
228
241
222
172
103
46
16
5
2
1
1
1
1
1
0
1
1
1
1
1
2
5
15
45
100
168
220
240
228
181
110
48
14
4
0
0
0
0
6
23
70
141
205
238
237
202
137
69
24
7
3
1
1
1
1
0
0
0
0
0
1
1
1
1
3
7
23
65
131
197
235
238
205
141
70
23
6
0
0
0
0
9
35
93
167
222
242
227
177
105
44
13
4
2
1
1
1
0
0
0
0
0
0
0
1
1
1
2
3
12
40
98
170
223
241
222
167
93
35
9
0
0
0
0
14
49
116
188
233
241
213
151
77
27
7
2
1
1
1
0
0
0
0
0
0
0
0
0
1
1
1
2
6
24
72
144
208
239
232
188
116
49
14
0
0
0
0
20
65
138
204
238
236
196
126
57
17
4
2
1
1
0
0
0
0
0
0
0
0
0
0
0
1
1
2
4
16
53
121
192
234
238
204
138
65
20
0
0
0
0
27
80
156
217
241
228
178
104
41
11
3
1
1
1
0
0
0
0
0
0
0
0
0
0
0
1
1
1
3
10
40
101
176
228
241
216
156
80
27
0
0
0
0
34
92
169
224
241
220
162
86
31
8
2
1
1
1
0
0
0
0
0
0
0
0
0
0
0
1
1
1
2
7
30
85
162
220
241
224
169
92
34
0
0
0
0
38
100
176
228
241
214
151
75
25
6
2
1
1
0
0
0
0
0
0
0
0
0
0
0
0
0
1
1
2
6
24
75
151
214
241
228
177
100
39
0
0
0
0
40
103
180
230
240
210
144
68
21
5
2
1
1
0
0
0
0
0
0
0
0
0
0
0
0
0
1
1
2
5
21
68
143
210
240
231
182
106
42
0
0
0
0
42
106
182
231
239
206
138
63
19
4
2
1
1
0
0
0
0
0
0
0
0
0
0
0
0
0
1
1
2
4
19
63
138
206
239
232
186
112
46
0
0
0
0
44
109
184
231
238
204
134
60
17
4
2
1
1
0
0
0
0
0
0
0
0
0
0
0
0
0
1
1
2
4
17
60
134
204
239
234
190
116
48
0
0
0
0
43
108
184
231
238
204
135
61
17
4
1
1
1
0
0
0
0
0
0
0
0
0
0
0
0
0
1
1
2
4
17
59
133
203
238
234
191
117
49
0
0
0
0
41
105
181
230
239
208
140
65
20
4
2
1
1
0
0
0
0
0
0
0
0
0
0
0
0
0
1
1
1
4
17
60
134
204
239
234
190
116
48
0
0
0
0
38
100
176
228
241
213
150
74
24
6
2
1
1
0
0
0
0
0
0
0
0
0
0
0
0
0
1
1
2
4
19
64
139
207
239
232
186
111
45
0
0
0
0
34
93
170
225
242
220
161
85
30
7
2
1
1
0
0
0
0
0
0
0
0
1
1
1
1
1
1
1
2
5
23
72
148
212
240
229
178
102
40
0
0
0
0
30
85
162
220
242
226
173
97
37
9
2
1
1
1
0
0
0
0
0
0
1
1
1
1
1
1
1
1
2
7
29
84
160
219
241
224
169
92
33
0
0
0
0
24
73
148
212
241
232
186
112
46
12
3
1
1
1
0
0
0
0
0
1
1
1
1
1
2
1
1
1
3
10
38
99
174
226
241
218
157
81
27
0
0
0
0
18
59
131
200
237
237
200
131
60
18
4
2
1
1
0
0
0
0
1
1
1
1
2
4
6
5
3
3
4
15
51
118
190
233
239
208
143
69
22
0
0
0
0
12
46
111
184
231
241
215
155
81
29
7
2
1
1
1
0
0
1
1
1
1
3
8
17
23
19
11
5
7
22
68
140
206
239
235
195
125
55
16
0
0
0
0
8
33
89
163
220
242
228
180
109
46
14
4
2
1
1
1
0
1
1
1
2
8
25
50
65
55
32
15
13
35
90
164
220
242
228
178
104
42
11
0
0
0
0
5
22
66
136
202
237
238
205
142
73
27
8
3
2
1
1
1
1
1
2
6
22
58
104
130
115
74
40
31
59
120
189
232
241
215
155
82
29
7
0
0
0
0
3
13
45
106
176
226
241
225
177
109
50
18
6
3
2
1
1
1
1
3
14
46
101
160
191
177
133
88
73
100
157
212
240
235
196
128
60
19
5
0
0
0
0
2
7
27
75
145
206
238
238
208
152
89
40
15
6
3
2
1
1
2
5
24
69
136
196
226
221
190
153
136
155
197
232
242
221
169
98
40
11
3
0
0
0
0
2
4
15
48
109
177
224
241
230
195
139
82
39
17
8
4
3
2
3
7
27
73
138
196
230
238
228
210
199
208
229
242
235
198
134
67
23
6
2
0
0
0
0
1
2
7
27
71
136
196
231
240
226
190
138
86
47
26
14
8
5
5
8
21
54
105
161
207
235
243
240
237
240
245
243
218
165
97
41
13
4
2
0
0
0
0
1
1
3
12
39
90
152
205
234
240
226
193
147
103
70
46
28
19
17
18
23
40
73
124
182
226
245
250
250
250
250
237
199
135
68
24
7
3
1
0
0
0
0
1
1
2
5
17
48
100
159
206
233
240
229
203
170
138
106
78
63
58
57
59
65
84
125
180
225
246
251
252
252
250
235
194
129
66
26
9
3
1
0
0
0
0
1
1
1
2
6
20
52
102
157
203
230
240
235
222
203
177
151
135
129
129
129
132
143
169
206
235
248
250
250
250
249
239
208
158
102
55
25
10
3
0
0
0
0
1
1
1
1
2
7
21
51
97
149
192
221
236
240
237
225
212
203
199
199
199
200
205
217
233
243
245
239
234
235
242
243
230
202
160
110
65
31
12
0
0
0
0
0
1
1
1
1
2
7
20
46
86
130
170
200
221
232
237
238
236
235
235
235
236
237
237
236
230
219
201
188
193
213
233
240
233
211
172
120
67
27
0
0
0
0
0
0
1
1
1
1
2
6
16
36
65
101
136
165
189
209
222
227
228
228
228
227
225
217
201
181
160
135
117
125
158
197
226
238
235
211
163
98
42
0
0
0
0
0
0
1
1
1
1
1
2
5
11
23
43
67
91
118
147
167
176
177
177
177
177
173
159
135
108
85
65
52
60
92
138
182
212
222
208
163
98
41
0
0
0
0
0
0
0
0
1
1
1
1
2
3
6
13
22
35
53
75
92
99
101
101
101
100
97
85
65
45
31
21
16
20
40
75
117
154
170
160
121
68
27
0
0
0
0
0
0
0
0
0
1
1
1
1
1
2
3
5
9
16
26
34
37
37
37
37
37
36
30
21
13
8
5
4
5
13
30
57
83
98
90
64
33
12
0
0
0
0
0
0
0
0
0
0
0
0
0
0
0
0
0
0
0
0
0
0
0
0
0
0
0
0
0
0
0
0
0
0
0
0
0
0
0
0
0
0
0
0
0
0
0
0
0
0
0
0
0
0
0
0
0
0
0
0
0
0
0
0
0
0
0
0
0
0
0
0
0
0
0
0
0
0
0
0
0
0
0
0
0
0
0
0
