36
45
0
0
0
0
0
0
0
0
0
0
0
0
0
0
0
0
0
0
0
0
0
0
0
0
0
0
0
0
0
0
0
0
0
0
0
0
0
0
0
0
0
0
0
0
0
0
0
0
0
0
0
0
0
0
0
0
0
0
0
0
0
0
0
0
0
0
0
0
0
0
0
0
0
0
0
0
1
1
1
1
2
4
8
16
28
46
64
75
79
79
79
75
64
46
28
16
8
4
2
1
1
1
1
0
0
0
0
0
0
0
0
1
1
1
1
2
6
15
32
55
81
110
137
153
158
158
158
153
137
110
81
55
32
15
6
2
1
1
1
1
0
0
0
0
0
0
1
1
1
1
3
8
22
49
85
123
156
184
205
215
218
218
218
215
205
184
156
123
85
49
22
8
3
1
1
1
1
0
0
0
0
0
1
1
1
3
8
25
60
108
155
192
215
227
231
230
229
228
228
230
231
227
215
191
155
108
60
26
8
3
1
1
1
0
0
0
0
0
1
1
2
8
25
63
117
172
211
230
233
224
207
192
184
183
184
190
205
222
231
230
211
172
117
63
25
8
2
1
1
1
0
0
0
0
1
2
6
22
59
117
176
218
234
228
207
177
143
118
107
104
106
116
139
172
203
226
233
217
176
117
59
22
6
2
1
1
0
0
0
0
1
4
16
50
108
172
217
234
223
190
147
106
71
48
39
37
39
46
67
100
141
184
219
233
217
172
108
50
16
4
1
1
0
0
0
0
2
10
35
90
158
212
233
221
182
128
79
45
24
13
9
8
9
12
22
41
74
122
177
219
233
212
158
90
35
10
2
1
0
0
0
0
5
20
62
132
198
231
225
186
126
69
32
14
6
3
2
2
2
3
6
12
29
65
122
184
225
231
198
132
62
20
5
1
0
0
0
0
9
35
94
169
222
232
200
139
73
30
10
4
2
1
1
1
1
1
2
4
9
28
71
137
200
231
222
169
94
35
9
2
0
0
0
0
16
56
127
198
232
220
166
94
38
12
4
2
1
1
1
1
1
1
1
2
3
11
37
92
163
218
231
198
127
56
16
4
0
0
0
0
27
80
158
217
232
199
130
59
19
5
2
1
1
1
1
0
1
1
1
1
2
5
17
56
125
196
231
217
158
80
27
6
0
0
0
0
40
105
182
229
225
174
97
36
9
3
1
1
1
0
0
0
0
0
1
1
1
2
8
33
92
169
223
228
183
105
40
9
0
0
0
0
55
128
201
233
213
148
71
22
5
2
1
1
0
0
0
0
0
0
0
1
1
1
4
20
67
143
210
232
201
128
55
14
0
0
0
0
70
149
214
232
198
124
52
13
3
1
1
1
0
0
0
0
0
0
0
1
1
1
3
13
49
120
196
232
214
149
70
21
0
0
0
0
84
165
222
229
182
103
38
9
2
1
1
0
0
0
0
0
0
0
0
0
1
1
2
8
37
102
181
228
222
165
84
27
0
0
0
0
94
176
227
224
170
88
29
6
2
1
1
0
0
0
0
0
0
0
0
0
1
1
2
6
29
88
169
224
227
176
94
32
0
0
0
0
100
181
229
221
161
79
24
5
1
1
0
0
0
0
0
0
0
0
0
0
0
1
1
5
25
79
161
221
229
182
102
36
0
0
0
0
103
184
229
219
155
74
22
4
1
1
0
0
0
0
0
0
0
0
0
0
0
1
1
4
22
74
155
218
230
187
107
39
0
0
0
0
105
185
229
217
152
70
20
4
1
1
0
0
0
0
0
0
0
0
0
0
0
1
1
4
20
70
151
216
231
190
111
42
0
0
0
0
105
185
229
217
152
71
20
4
1
1
0
0
0
0
0
0
0
0
0
0
0
1
1
4
19
69
150
216
231
191
113
43
0
0
0
0
101
182
229
219
157
76
23
4
1
1
0
0
0
0
0
0
0
0
0
0
0
1
1
4
20
70
152
217
231
190
111
42
0
0
0
0
96
177
227
223
166
85
27
6
1
1
0
0
0
0
0
0
0
1
1
1
1
1
1
4
22
75
157
219
229
185
105
38
0
0
0
0
89
171
225
227
177
96
33
7
2
1
1
0
0
0
0
0
1
1
1
1
1
1
1
6
27
85
166
223
227
177
96
33
0
0
0
0
79
160
220
231
188
110
41
9
2
1
1
0
0
0
0
1
1
1
1
1
1
1
2
8
34
98
178
227
223
167
86
28
0
0
0
0
66
145
212
233
201
127
53
14
3
1
1
0
0
0
1
1
1
1
3
4
4
3
3
12
46
115
192
231
217
154
74
22
0
0
0
0
52
126
200
233
214
149
72
22
5
1
1
1
0
1
1
1
1
5
11
17
15
9
6
18
61
137
206
233
208
138
61
17
0
0
0
0
39
104
182
228
226
175
98
36
9
2
1
1
1
1
1
1
4
15
38
55
49
28
15
30
83
160
219
232
193
117
47
12
0
0
0
0
26
80
157
217
232
200
131
60
19
5
2
1
1
1
1
3
12
39
85
118
108
69
41
54
113
186
229
225
173
94
33
8
0
0
0
0
16
56
126
197
232
220
167
94
38
12
4
2
1
1
1
6
25
73
138
181
173
129
93
101
153
210
234
211
146
70
22
5
0
0
0
0
9
35
93
169
221
232
201
139
74
30
11
4
3
2
2
9
37
97
169
215
218
190
161
163
197
229
230
188
115
48
13
3
0
0
0
0
5
19
62
131
197
231
225
186
126
68
31
14
7
4
4
10
36
92
159
211
233
229
217
217
231
237
214
155
81
29
7
2
0
0
0
0
2
9
35
89
158
211
233
221
181
127
77
45
25
15
11
14
30
67
123
184
227
243
244
244
246
234
191
120
52
16
4
1
0
0
0
0
1
4
16
49
107
171
217
233
221
188
145
106
73
51
43
42
48
67
109
170
221
245
251
251
248
229
177
103
42
12
4
1
0
0
0
0
1
2
6
22
59
116
175
217
233
227
206
178
146
122
111
108
110
119
146
190
229
247
250
250
248
232
188
123
64
27
9
3
0
0
0
0
1
1
2
8
25
62
116
170
210
229
233
225
209
194
187
185
185
190
202
222
239
242
237
236
240
238
216
172
118
67
30
10
0
0
0
0
1
1
1
2
8
25
59
105
152
190
215
228
232
231
229
229
229
230
231
231
225
211
195
192
208
228
234
217
178
122
64
23
0
0
0
0
1
1
1
1
2
8
21
47
83
121
156
184
205
216
219
220
219
218
211
195
172
147
123
120
148
190
221
231
212
162
92
35
0
0
0
0
0
1
1
1
1
2
6
15
31
54
81
110
138
155
160
161
160
158
147
124
96
71
53
53
80
127
174
202
197
155
88
33
0
0
0
0
0
0
1
1
1
1
2
4
8
16
28
45
64
76
80
80
80
78
70
54
36
23
15
16
31
64
105
135
136
104
56
19
0
0
0
0
0
0
0
0
1
1
1
1
2
4
7
12
19
23
25
25
25
24
21
15
9
5
3
4
9
23
45
63
65
47
23
7
0
0
0
0
0
0
0
0
0
0
0
0
0
0
0
0
0
0
0
0
0
0
0
0
0
0
0
0
0
0
0
0
0
0
0
0
0
0
0
0
0
0
0
0
0
0
0
0
0
0
0
0
0
0
0
0
0
0
0
0
0
0
0
0
0
0
0
0
0
0
0
0
0
0
