31
37
0
0
0
0
0
0
0
0
0
0
0
0
0
0
0
0
0
0
0
0
0
0
0
0
0
0
0
0
0
0
0
0
0
0
0
0
0
0
0
0
0
0
0
0
0
0
0
0
0
0
0
0
0
0
0
0
0
0
0
0
0
0
0
0
0
1
1
1
2
5
14
31
55
84
114
137
146
147
146
137
114
84
55
31
14
5
2
1
1
1
0
0
0
0
0
1
1
1
2
6
20
48
88
130
166
193
208
214
215
214
208
192
165
130
88
48
20
6
2
1
1
1
0
0
0
0
1
1
2
6
22
59
112
164
201
220
224
220
216
215
216
219
223
219
201
164
111
59
22
6
2
1
1
0
0
0
0
1
1
5
21
59
119
178
216
226
215
191
166
151
147
150
163
188
212
225
216
178
119
59
21
5
1
1
0
0
0
0
1
4
16
52
114
179
219
224
198
157
115
82
65
61
64
79
110
152
194
221
219
179
114
52
16
4
1
0
0
0
0
2
9
38
98
169
217
222
188
133
82
46
25
16
14
16
23
43
77
128
184
221
217
169
98
38
9
2
0
0
0
0
4
20
69
144
207
224
192
130
69
30
12
5
3
2
2
5
11
27
65
126
190
224
207
144
69
20
4
0
0
0
0
8
38
104
182
224
207
145
75
27
8
3
1
1
1
1
1
3
7
26
73
144
206
223
182
104
38
8
0
0
0
0
16
61
139
208
223
177
100
38
10
3
1
1
1
1
1
1
1
3
9
37
97
174
221
207
139
61
16
0
0
0
0
27
86
169
221
210
143
65
19
4
1
1
1
0
0
0
1
1
1
4
18
62
138
207
220
169
86
27
0
0
0
0
40
111
192
225
191
112
42
10
2
1
1
0
0
0
0
0
1
1
2
9
39
107
187
224
191
111
40
0
0
0
0
54
134
207
221
170
87
27
6
2
1
1
0
0
0
0
0
1
1
2
5
26
84
167
220
206
134
54
0
0
0
0
66
150
215
215
150
67
18
4
1
1
1
0
0
0
0
0
1
1
1
3
18
67
149
214
215
150
66
0
0
0
0
74
160
219
208
136
56
14
3
1
1
0
0
0
0
0
0
0
1
1
3
14
56
136
208
219
161
75
0
0
0
0
79
165
220
204
128
50
12
2
1
1
0
0
0
0
0
0
0
1
1
2
12
50
128
204
221
167
82
0
0
0
0
81
167
220
201
123
47
10
2
1
1
0
0
0
0
0
0
0
1
1
2
11
47
123
201
222
172
86
0
0
0
0
81
167
220
201
124
47
10
2
1
1
0
0
0
0
0
0
0
1
1
2
10
45
122
200
222
174
88
0
0
0
0
77
163
219
205
130
51
12
2
1
1
0
0
0
0
0
0
0
1
1
2
11
47
124
202
222
171
86
0
0
0
0
72
157
218
211
141
59
15
3
1
1
0
0
0
0
1
1
1
1
1
2
12
52
131
206
220
165
79
0
0
0
0
64
148
214
217
154
70
19
4
1
1
1
0
0
1
1
1
1
1
1
3
16
61
143
212
216
154
70
0
0
0
0
53
132
206
222
170
86
26
5
1
1
1
1
1
1
1
2
3
4
3
5
22
76
160
218
210
141
59
0
0
0
0
41
113
193
225
189
109
39
9
2
1
1
1
1
1
3
9
17
18
12
10
33
97
179
224
200
123
47
0
0
0
0
28
90
173
222
207
138
61
17
4
1
1
1
1
2
10
31
58
62
40
26
52
124
199
225
184
102
35
0
0
0
0
17
65
144
210
221
172
94
34
9
2
1
1
1
6
26
73
124
133
97
67
90
158
216
218
160
77
23
0
0
0
0
9
41
110
187
225
204
138
68
24
7
3
2
2
11
45
112
178
197
167
136
150
197
226
201
129
53
13
0
0
0
0
4
23
74
151
211
223
185
120
60
24
10
5
4
13
49
117
187
222
218
204
209
227
222
171
93
32
7
0
0
0
0
2
10
42
105
176
220
219
179
121
70
39
22
15
19
42
93
160
214
238
240
241
238
206
137
61
17
3
0
0
0
0
1
4
18
58
123
186
222
219
187
143
103
73
58
56
65
95
150
209
241
250
250
238
197
123
53
15
4
0
0
0
0
1
2
6
24
66
128
186
220
224
208
182
155
140
136
139
154
186
223
243
246
245
239
210
151
86
38
13
0
0
0
0
1
1
2
7
26
66
121
173
208
223
224
217
212
210
211
215
223
230
225
215
216
227
227
200
149
88
38
0
0
0
0
1
1
1
2
7
24
56
99
142
178
202
216
221
221
221
219
209
191
166
144
148
179
213
222
196
136
66
0
0
0
0
0
1
1
1
2
6
17
37
65
97
128
152
162
163
162
157
139
111
83
63
70
107
158
192
187
137
67
0
0
0
0
0
0
1
1
1
2
4
9
18
33
52
68
74
75
75
71
59
41
25
17
21
45
85
119
122
88
41
0
0
0
0
0
0
0
0
0
0
0
0
0
0
0
0
0
0
0
0
0
0
0
0
0
0
0
0
0
0
0
0
0
0
0
0
0
0
0
0
0
0
0
0
0
0
0
0
0
0
0
0
0
0
0
0
0
0
0
0
0
0
0
0
