26
36
0
0
0
0
0
0
0
0
0
0
0
0
0
0
0
0
0
0
0
0
0
0
0
0
0
0
0
0
0
0
0
0
0
0
0
0
0
0
0
0
0
0
0
0
0
0
0
0
0
0
0
0
0
0
19
59
109
138
130
89
39
10
2
1
1
0
0
0
0
0
0
0
0
0
0
0
0
0
0
0
28
86
159
201
189
130
56
14
2
1
1
0
0
0
0
0
0
0
0
0
0
0
0
0
0
0
31
95
178
225
213
145
63
16
3
1
1
0
0
0
0
0
0
0
0
0
0
0
0
0
0
0
31
96
181
229
217
148
64
16
3
1
1
0
0
0
0
0
0
0
0
0
0
0
0
0
0
0
31
96
181
230
217
148
64
16
3
1
1
1
1
1
1
1
1
1
0
0
0
0
0
0
0
0
31
96
181
230
218
148
64
16
3
2
2
3
3
3
2
2
1
1
1
1
1
0
0
0
0
0
31
96
181
230
218
149
64
17
4
5
7
9
10
10
9
6
3
2
1
1
1
1
0
0
0
0
31
96
181
230
218
149
65
19
11
18
30
38
41
41
37
26
15
7
3
1
1
1
0
0
0
0
31
96
181
230
218
149
68
31
37
63
89
107
113
113
103
82
55
30
12
4
1
1
0
0
0
0
31
96
181
230
218
153
85
69
98
139
171
190
196
195
186
163
127
84
42
15
4
1
0
0
0
0
31
96
181
231
221
169
124
133
171
203
220
227
229
231
231
222
199
155
95
42
12
3
0
0
0
0
31
96
181
232
231
200
180
191
208
208
196
188
188
197
215
232
235
210
154
83
29
6
0
0
0
0
31
96
181
233
243
230
216
204
182
147
115
98
96
112
150
199
233
235
197
124
51
13
0
0
0
0
31
96
181
234
247
234
203
159
110
69
41
29
28
41
81
146
208
237
219
154
72
20
0
0
0
0
31
96
181
234
241
210
152
90
45
20
8
4
4
11
38
101
180
230
228
173
88
27
0
0
0
0
31
96
181
232
229
177
100
41
13
4
1
1
1
4
22
75
160
223
232
184
100
34
0
0
0
0
31
96
181
231
221
156
72
21
4
2
1
1
1
3
17
66
151
219
233
190
107
37
0
0
0
0
31
96
181
230
218
149
64
16
3
1
1
1
1
3
16
64
149
218
234
191
109
38
0
0
0
0
31
96
181
230
218
149
64
16
3
1
1
1
1
3
16
64
148
218
234
191
109
39
0
0
0
0
31
96
181
230
218
148
64
16
3
1
1
1
1
3
16
64
148
218
234
192
109
39
0
0
0
0
31
96
181
230
218
148
64
16
3
1
1
1
1
3
16
64
148
218
234
192
109
39
0
0
0
0
31
96
181
230
218
148
64
16
3
1
1
1
1
3
16
64
148
218
234
192
109
38
0
0
0
0
31
96
181
230
218
148
64
16
3
1
1
1
1
3
16
64
148
218
234
192
109
38
0
0
0
0
31
96
181
230
218
148
64
16
3
1
1
1
1
3
16
64
148
218
234
192
109
38
0
0
0
0
31
96
181
230
218
148
64
16
3
1
1
1
1
3
16
64
148
218
234
192
109
38
0
0
0
0
31
96
181
230
218
148
64
16
3
1
1
1
1
3
16
64
148
218
234
192
109
39
0
0
0
0
31
96
181
230
217
148
64
16
3
1
1
1
1
3
16
64
148
217
233
191
109
39
0
0
0
0
31
96
181
229
217
148
64
16
3
1
1
1
1
3
16
64
148
217
233
191
109
38
0
0
0
0
31
95
178
225
213
145
63
16
3
1
1
1
1
3
16
63
145
213
228
187
107
38
0
0
0
0
28
86
159
201
189
130
56
14
2
1
1
1
1
2
14
56
130
190
204
168
97
34
0
0
0
0
19
59
109
138
130
89
39
10
2
1
1
1
1
2
10
39
89
130
140
115
66
24
0
0
0
0
8
26
48
60
57
39
17
4
1
1
1
1
1
1
4
17
39
57
61
50
29
10
0
0
0
0
0
0
0
0
0
0
0
0
0
0
0
0
0
0
0
0
0
0
0
0
0
0
0
0
0
0
0
0
0
0
0
0
0
0
0
0
0
0
0
0
0
0
0
0
0
0
0
0
0
0
