30
42
0
0
0
0
0
0
0
0
0
0
0
0
0
0
0
0
0
0
0
0
0
0
0
0
0
0
0
0
0
0
0
0
0
0
0
0
0
0
0
0
0
0
0
0
0
0
0
0
0
0
0
0
0
0
0
0
0
0
0
0
0
0
23
62
111
143
149
129
86
39
12
3
1
1
1
0
0
0
0
0
0
0
0
0
0
0
0
0
0
0
0
0
32
86
153
198
207
179
120
54
16
4
2
1
1
0
0
0
0
0
0
0
0
0
0
0
0
0
0
0
0
0
35
95
170
221
231
200
133
60
17
4
2
1
1
0
0
0
0
0
0
0
0
0
0
0
0
0
0
0
0
0
36
96
173
225
236
204
136
61
17
4
2
1
1
0
0
0
0
0
0
0
0
0
0
0
0
0
0
0
0
0
36
96
173
226
237
205
136
61
17
4
2
1
1
1
1
1
1
1
1
1
1
0
0
0
0
0
0
0
0
0
36
96
173
227
238
205
136
61
17
4
2
1
1
1
1
1
1
1
1
1
1
1
0
0
0
0
0
0
0
0
36
96
173
227
238
205
136
61
17
4
2
2
2
3
3
3
3
3
2
1
1
1
1
1
0
0
0
0
0
0
36
96
173
227
238
205
136
61
18
5
3
4
5
6
7
7
7
6
4
3
2
1
1
1
1
0
0
0
0
0
36
96
174
227
238
206
136
62
19
7
7
11
17
21
23
23
23
20
14
8
5
3
1
1
1
1
0
0
0
0
36
96
174
227
238
206
137
63
22
14
22
37
54
66
71
72
70
62
46
29
16
8
3
1
1
1
0
0
0
0
36
96
174
227
238
206
138
67
34
40
65
94
122
139
146
147
144
133
109
80
51
27
11
3
1
1
0
0
0
0
36
96
174
227
238
206
142
82
67
93
132
167
193
208
213
214
212
202
181
151
113
70
33
11
3
1
0
0
0
0
36
96
173
227
238
210
157
117
123
160
196
219
230
235
237
238
239
237
229
212
179
129
74
31
9
2
0
0
0
0
36
96
173
227
240
221
187
168
182
208
221
219
210
205
204
207
216
230
240
240
224
184
125
63
22
6
0
0
0
0
36
96
173
227
244
237
221
212
214
212
194
166
140
126
123
129
150
184
219
240
242
220
169
100
41
11
0
0
0
0
36
96
174
228
248
247
238
223
200
168
128
91
64
50
47
54
76
121
176
221
242
237
199
131
60
18
0
0
0
0
36
96
173
228
248
247
229
195
148
100
61
34
18
12
10
14
29
67
129
193
234
242
215
152
77
25
0
0
0
0
36
96
173
228
246
236
200
143
86
44
20
8
4
2
2
3
11
36
92
166
222
242
224
167
90
33
0
0
0
0
36
96
173
227
243
221
167
96
42
15
5
2
1
1
1
2
5
23
72
148
213
241
229
177
101
39
0
0
0
0
36
96
174
227
240
210
145
70
23
6
2
1
1
1
1
2
4
19
64
139
208
240
231
183
107
43
0
0
0
0
36
96
174
227
238
206
137
62
18
4
2
1
1
1
1
2
4
18
61
137
206
239
232
185
110
44
0
0
0
0
36
96
174
227
238
205
136
61
17
4
2
1
1
1
1
2
4
18
61
137
206
239
232
185
110
45
0
0
0
0
36
96
174
227
238
205
136
61
17
4
2
1
1
1
1
2
4
17
61
136
206
239
232
185
110
45
0
0
0
0
36
96
174
227
238
205
136
61
17
4
2
1
1
1
1
2
4
17
61
136
206
239
232
185
110
45
0
0
0
0
36
96
174
227
238
205
136
61
17
4
2
1
1
1
1
2
4
17
61
136
206
239
232
185
110
45
0
0
0
0
36
96
174
227
238
205
136
61
17
4
2
1
1
1
1
2
4
17
61
136
206
239
232
185
110
45
0
0
0
0
36
96
174
227
238
205
136
61
17
4
2
1
1
1
1
2
4
17
61
136
206
239
232
185
110
45
0
0
0
0
36
96
174
227
238
205
136
61
17
4
2
1
1
1
1
2
4
17
61
136
206
239
232
185
110
45
0
0
0
0
36
96
174
227
238
205
136
61
17
4
2
1
1
1
1
2
4
17
61
136
206
239
232
185
110
45
0
0
0
0
36
96
173
227
238
205
136
61
17
4
2
1
1
1
1
2
4
17
61
136
206
239
232
185
110
45
0
0
0
0
36
96
173
227
238
205
136
61
17
4
2
1
1
1
1
2
4
17
61
136
206
239
232
185
110
45
0
0
0
0
36
96
173
227
238
205
136
61
17
4
2
1
1
1
1
2
4
17
61
136
206
239
232
185
110
45
0
0
0
0
36
96
173
226
237
205
136
61
17
4
2
1
1
1
1
2
4
17
61
136
205
239
232
185
110
44
0
0
0
0
36
96
173
225
236
204
136
61
17
4
2
1
1
1
1
2
4
17
61
136
204
237
230
184
110
44
0
0
0
0
35
95
170
221
231
200
133
60
17
4
2
1
1
1
1
2
4
17
60
133
200
232
226
181
108
44
0
0
0
0
32
86
153
198
207
179
120
54
16
4
2
1
1
1
1
2
4
16
54
120
179
208
202
163
98
40
0
0
0
0
23
62
111
143
149
129
86
39
12
3
1
1
1
1
1
1
3
12
39
87
130
150
146
118
71
29
0
0
0
0
12
31
56
72
75
65
44
20
6
2
1
1
1
1
1
1
2
6
20
44
65
76
74
59
36
15
0
0
0
0
0
0
0
0
0
0
0
0
0
0
0
0
0
0
0
0
0
0
0
0
0
0
0
0
0
0
0
0
0
0
0
0
0
0
0
0
0
0
0
0
0
0
0
0
0
0
0
0
0
0
0
0
0
0
0
0
0
0
