30
36
0
0
0
0
0
0
0
0
0
0
0
0
0
0
0
0
0
0
0
0
0
0
0
0
0
0
0
0
0
0
0
0
0
0
0
0
0
0
0
0
0
0
0
0
0
0
0
0
0
0
0
0
0
0
0
0
0
0
0
0
0
0
22
58
104
135
141
122
82
37
11
3
1
1
1
0
0
0
0
0
0
0
0
0
0
0
0
0
0
0
0
0
32
85
151
196
205
177
118
53
15
4
2
1
1
0
0
0
0
0
0
0
0
0
0
0
0
0
0
0
0
0
35
95
170
221
231
200
133
60
17
4
2
1
1
0
0
0
0
0
0
0
0
0
0
0
0
0
0
0
0
0
36
96
173
226
237
205
136
61
17
4
2
1
1
1
1
1
1
1
1
1
0
0
0
0
0
0
0
0
0
0
36
96
173
227
238
205
136
61
17
4
2
1
1
1
1
1
1
1
1
1
1
1
0
0
0
0
0
0
0
0
36
96
173
227
238
205
136
61
18
4
2
2
3
3
3
3
3
3
2
1
1
1
1
1
1
0
0
0
0
0
36
96
173
227
238
205
136
61
18
5
4
6
9
11
12
12
11
10
7
4
3
2
1
1
1
1
0
0
0
0
36
96
174
227
238
206
137
62
20
10
14
23
33
41
43
44
43
38
28
18
10
5
2
1
1
1
0
0
0
0
36
96
174
227
238
206
137
66
30
31
49
72
94
108
114
115
113
103
83
60
39
21
9
3
1
1
0
0
0
0
36
96
174
227
238
207
142
81
63
83
117
148
173
188
193
194
192
182
162
134
100
62
31
11
3
1
0
0
0
0
36
96
173
227
239
211
160
119
123
155
187
207
217
223
225
226
228
228
220
204
173
127
75
33
11
3
0
0
0
0
36
96
174
227
241
224
193
175
184
203
209
202
192
185
184
188
199
216
232
236
223
188
132
70
27
7
0
0
0
0
36
96
174
228
246
240
226
213
205
191
166
136
111
98
95
101
122
159
201
232
241
225
179
111
48
14
0
0
0
0
36
96
174
228
248
246
231
204
168
128
90
60
40
31
29
34
51
91
149
204
237
239
207
143
70
23
0
0
0
0
36
96
174
228
246
238
205
154
101
59
32
17
8
5
5
7
16
45
102
173
225
242
221
163
87
31
0
0
0
0
36
96
174
227
243
222
169
101
48
19
8
3
2
1
1
2
6
25
75
150
214
241
228
176
100
38
0
0
0
0
36
96
174
227
239
210
145
71
24
6
2
1
1
1
1
2
4
19
64
140
208
240
231
183
107
43
0
0
0
0
36
96
174
227
238
206
137
62
18
4
2
1
1
1
1
2
4
18
61
137
206
239
232
185
110
44
0
0
0
0
36
96
174
227
238
205
136
61
17
4
2
1
1
1
1
2
4
17
61
136
206
239
232
185
110
45
0
0
0
0
36
96
174
227
238
205
136
61
17
4
2
1
1
1
1
2
4
17
61
136
206
239
232
185
110
45
0
0
0
0
36
96
174
227
238
205
136
61
17
4
2
1
1
1
1
2
4
17
61
136
206
239
232
185
110
45
0
0
0
0
36
96
174
227
238
205
136
61
17
4
2
1
1
1
1
2
4
17
61
136
206
239
232
185
110
45
0
0
0
0
36
96
174
227
238
205
136
61
17
4
2
1
1
1
1
2
4
17
61
136
206
239
232
185
110
45
0
0
0
0
36
96
174
227
238
205
136
61
17
4
2
1
1
1
1
2
4
17
61
136
206
239
232
185
110
45
0
0
0
0
36
96
173
227
238
205
136
61
17
4
2
1
1
1
1
2
4
17
61
136
206
239
232
185
110
45
0
0
0
0
36
96
173
227
238
205
136
61
17
4
2
1
1
1
1
2
4
17
61
136
206
239
232
185
110
45
0
0
0
0
36
96
173
227
238
205
136
61
17
4
2
1
1
1
1
2
4
17
61
136
205
239
232
185
110
45
0
0
0
0
36
96
173
226
237
205
136
61
17
4
2
1
1
1
1
2
4
17
61
136
205
238
231
185
110
45
0
0
0
0
35
95
170
221
231
200
133
60
17
4
2
1
1
1
1
2
4
17
60
133
200
232
226
181
108
44
0
0
0
0
32
85
151
196
205
177
118
53
15
4
2
1
1
1
1
2
4
15
53
118
177
206
200
161
97
39
0
0
0
0
22
58
104
135
141
122
82
37
11
3
1
1
1
1
1
1
3
11
37
82
122
142
138
111
67
27
0
0
0
0
10
26
47
61
64
55
37
17
5
1
1
1
1
1
1
1
1
5
17
37
55
64
62
50
30
12
0
0
0
0
0
0
0
0
0
0
0
0
0
0
0
0
0
0
0
0
0
0
0
0
0
0
0
0
0
0
0
0
0
0
0
0
0
0
0
0
0
0
0
0
0
0
0
0
0
0
0
0
0
0
0
0
0
0
0
0
0
0
