30
47
0
0
0
0
0
0
0
0
0
0
0
0
0
0
0
0
0
0
0
0
0
0
0
0
0
0
0
0
0
0
0
0
0
0
0
0
0
0
0
0
0
0
0
0
0
0
0
0
0
0
0
0
0
0
0
0
0
0
0
0
0
0
16
42
75
97
102
88
59
27
8
2
1
1
1
0
0
0
0
0
0
0
0
0
0
0
0
0
0
0
0
0
27
71
127
164
171
148
99
45
13
3
1
1
1
0
0
0
0
0
0
0
0
0
0
0
0
0
0
0
0
0
34
90
160
208
217
188
126
57
16
4
2
1
1
0
0
0
0
0
0
0
0
0
0
0
0
0
0
0
0
0
36
96
171
223
233
202
134
60
17
4
2
1
1
0
0
0
0
0
0
0
0
0
0
0
0
0
0
0
0
0
36
96
173
225
236
204
136
61
17
4
2
1
1
0
0
0
0
0
0
0
0
0
0
0
0
0
0
0
0
0
36
96
173
226
237
205
136
61
17
4
2
1
1
0
0
0
0
0
0
0
0
0
0
0
0
0
0
0
0
0
36
96
173
227
238
205
136
61
17
4
2
1
1
1
1
1
1
1
1
1
1
0
0
0
0
0
0
0
0
0
36
96
173
227
238
205
136
61
17
4
2
1
2
2
2
2
2
2
1
1
1
1
1
1
0
0
0
0
0
0
36
96
173
227
238
205
136
61
18
4
3
3
3
4
4
4
4
3
3
2
1
1
1
1
0
0
0
0
0
0
36
96
174
227
238
205
136
61
18
5
4
5
7
8
9
9
8
7
5
4
2
2
1
1
1
1
0
0
0
0
36
96
174
227
238
206
136
62
19
7
8
13
20
25
27
27
27
23
16
9
5
3
2
1
1
1
0
0
0
0
36
96
174
227
238
206
137
62
21
14
23
39
58
71
76
77
75
66
48
30
16
8
3
1
1
1
0
0
0
0
36
96
174
227
238
206
138
66
32
37
62
94
123
142
149
150
147
134
109
78
49
25
10
3
1
1
0
0
0
0
36
96
174
227
238
206
140
77
60
85
125
163
191
207
213
214
212
201
178
145
105
62
28
9
3
1
0
0
0
0
36
96
173
227
238
208
151
105
109
148
189
216
231
239
241
242
242
238
226
205
169
116
62
24
7
2
0
0
0
0
36
96
173
227
239
216
175
150
166
201
224
230
228
226
225
227
233
240
244
238
216
170
108
51
17
4
0
0
0
0
36
96
173
227
242
230
208
198
210
222
218
198
177
166
163
168
185
211
234
245
239
210
153
84
32
8
0
0
0
0
36
96
174
228
246
244
235
227
220
202
170
132
101
84
81
88
113
156
203
235
245
231
186
116
50
14
0
0
0
0
36
96
174
228
249
250
241
222
190
147
102
65
39
28
25
31
53
98
159
213
241
240
207
140
66
21
0
0
0
0
36
96
173
228
248
246
226
186
133
83
45
22
10
6
5
8
20
55
117
186
231
243
218
157
80
27
0
0
0
0
36
96
173
228
246
235
196
136
77
36
15
5
2
1
2
3
9
32
87
163
221
242
225
169
92
33
0
0
0
0
36
96
173
227
242
221
165
93
39
13
4
2
1
1
1
2
5
22
70
147
212
241
229
178
101
39
0
0
0
0
36
96
174
227
240
210
145
70
22
6
2
1
1
1
1
2
4
18
63
139
208
240
231
183
107
43
0
0
0
0
36
96
174
227
238
206
137
62
18
4
2
1
1
1
1
2
4
18
61
137
206
239
232
185
110
44
0
0
0
0
36
96
174
227
238
206
136
61
17
4
2
1
1
1
1
2
4
17
61
136
206
239
232
185
110
45
0
0
0
0
36
96
174
227
238
206
136
61
17
4
2
1
1
1
1
2
4
17
61
136
206
239
232
185
110
45
0
0
0
0
36
96
174
227
238
205
136
61
17
4
2
1
1
1
1
2
4
17
61
136
206
239
232
185
110
45
0
0
0
0
36
96
174
227
238
205
136
61
17
4
2
1
1
1
1
2
4
17
61
136
206
239
232
185
110
45
0
0
0
0
36
96
174
227
238
205
136
61
17
4
2
1
1
1
1
2
4
17
61
136
206
239
232
185
110
45
0
0
0
0
36
96
174
227
238
205
136
61
17
4
2
1
1
1
1
2
4
17
61
136
206
239
232
185
110
45
0
0
0
0
36
96
174
227
238
205
136
61
17
4
2
1
1
1
1
2
4
17
61
136
206
239
232
185
110
45
0
0
0
0
36
96
174
227
238
205
136
61
17
4
2
1
1
1
1
2
4
17
61
136
206
239
232
185
110
45
0
0
0
0
36
96
174
227
238
205
136
61
17
4
2
1
1
1
1
2
4
17
61
136
206
239
232
185
110
45
0
0
0
0
36
96
174
227
238
205
136
61
17
4
2
1
1
1
1
2
4
17
61
136
206
239
232
185
110
45
0
0
0
0
36
96
173
227
238
205
136
61
17
4
2
1
1
1
1
2
4
17
61
136
206
239
232
185
110
45
0
0
0
0
36
96
173
227
238
205
136
61
17
4
2
1
1
1
1
2
4
17
61
136
206
239
232
185
110
45
0
0
0
0
36
96
173
227
238
205
136
61
17
4
2
1
1
1
1
2
4
17
61
136
206
239
232
185
110
45
0
0
0
0
36
96
173
226
237
205
136
61
17
4
2
1
1
1
1
2
4
17
61
136
205
239
232
185
110
44
0
0
0
0
36
96
173
225
236
204
136
61
17
4
2
1
1
1
1
2
4
17
61
136
204
238
231
184
109
44
0
0
0
0
36
96
171
223
233
202
134
60
17
4
2
1
1
1
1
2
4
17
60
135
202
235
228
183
109
44
0
0
0
0
34
90
160
208
217
188
126
57
16
4
2
1
1
1
1
2
4
16
57
126
188
218
212
171
103
42
0
0
0
0
27
71
127
164
171
148
99
45
13
3
1
1
1
1
1
1
3
13
45
99
149
172
168
135
81
33
0
0
0
0
16
42
75
97
102
88
59
27
8
2
1
1
1
1
1
1
2
8
27
59
88
103
100
80
48
20
0
0
0
0
0
0
0
0
0
0
0
0
0
0
0
0
0
0
0
0
0
0
0
0
0
0
0
0
0
0
0
0
0
0
0
0
0
0
0
0
0
0
0
0
0
0
0
0
0
0
0
0
0
0
0
0
0
0
0
0
0
0
