26
42
0
0
0
0
0
0
0
0
0
0
0
0
0
0
0
0
0
0
0
0
0
0
0
0
0
0
0
0
0
0
0
0
0
0
0
0
0
0
0
0
0
0
0
0
0
0
0
0
0
0
0
0
0
0
22
63
114
143
135
93
42
12
2
1
1
0
0
0
0
0
0
0
0
0
0
0
0
0
0
0
30
87
158
198
187
129
58
16
3
1
1
0
0
0
0
0
0
0
0
0
0
0
0
0
0
0
33
96
175
221
208
144
65
18
3
1
1
0
0
0
0
0
0
0
0
0
0
0
0
0
0
0
33
97
178
225
213
147
66
18
3
1
1
0
0
0
0
0
0
0
0
0
0
0
0
0
0
0
33
97
179
226
214
147
66
18
3
1
1
1
1
1
1
1
1
1
0
0
0
0
0
0
0
0
33
97
179
227
214
147
66
18
3
1
1
1
1
1
1
1
1
1
0
0
0
0
0
0
0
0
33
98
180
227
214
147
66
18
4
2
2
3
3
3
3
2
1
1
1
1
1
0
0
0
0
0
33
98
180
227
214
148
66
18
5
4
5
6
7
7
6
4
3
2
1
1
1
1
0
0
0
0
33
98
180
227
215
148
66
19
7
10
16
21
23
23
20
14
8
4
2
1
1
1
0
0
0
0
33
98
180
227
215
148
68
24
19
33
52
65
71
70
63
46
27
14
6
2
1
1
0
0
0
0
33
98
180
227
215
149
73
40
53
85
117
138
146
145
134
108
75
43
18
6
2
1
0
0
0
0
33
98
180
227
215
154
90
79
112
155
189
207
213
212
203
180
143
96
49
17
4
1
0
0
0
0
33
98
180
227
218
168
126
136
176
210
228
235
237
238
237
228
203
158
96
42
12
3
0
0
0
0
33
98
180
228
227
195
175
190
213
219
212
206
205
212
226
238
235
206
147
77
27
6
0
0
0
0
33
98
180
231
239
225
214
213
202
175
145
128
127
142
176
215
238
231
187
113
46
12
0
0
0
0
33
98
180
232
246
239
221
191
149
104
69
52
51
68
111
172
221
237
210
142
65
18
0
0
0
0
33
97
180
233
246
230
191
136
83
44
22
13
12
24
61
127
197
233
222
161
80
25
0
0
0
0
33
97
180
231
237
203
141
78
35
13
5
2
2
8
33
94
173
226
227
174
92
31
0
0
0
0
33
97
180
229
226
174
98
39
12
3
1
1
1
4
23
76
158
220
229
183
102
36
0
0
0
0
33
97
180
228
218
155
74
23
5
2
1
1
1
4
19
68
150
216
230
188
108
39
0
0
0
0
33
98
180
227
215
148
67
18
3
1
1
1
1
3
18
66
148
215
230
189
110
41
0
0
0
0
33
98
180
227
214
147
66
18
3
1
1
1
1
3
18
66
148
215
230
189
110
41
0
0
0
0
33
98
180
227
214
147
66
18
3
1
1
1
1
3
18
66
148
215
230
189
110
41
0
0
0
0
33
98
180
227
214
147
66
18
3
1
1
1
1
3
18
66
147
215
230
189
110
41
0
0
0
0
33
98
180
227
214
147
66
18
3
1
1
1
1
3
18
66
147
215
230
189
110
41
0
0
0
0
33
98
180
227
214
147
66
18
3
1
1
1
1
3
18
66
147
215
230
189
110
41
0
0
0
0
33
98
180
227
214
147
66
18
3
1
1
1
1
3
18
66
147
215
230
189
110
41
0
0
0
0
33
98
180
227
214
147
66
18
3
1
1
1
1
3
18
66
147
215
230
189
110
41
0
0
0
0
33
98
180
227
214
147
66
18
3
1
1
1
1
3
18
66
147
215
230
189
110
41
0
0
0
0
33
98
180
227
214
147
66
18
3
1
1
1
1
3
18
66
147
215
230
189
110
41
0
0
0
0
33
98
180
227
214
147
66
18
3
1
1
1
1
3
18
66
147
215
230
189
110
41
0
0
0
0
33
97
179
227
214
147
66
18
3
1
1
1
1
3
18
66
147
215
230
189
110
41
0
0
0
0
33
97
179
226
214
147
66
18
3
1
1
1
1
3
18
66
147
214
230
189
109
40
0
0
0
0
33
97
178
225
213
147
66
18
3
1
1
1
1
3
18
66
147
213
229
188
109
40
0
0
0
0
33
96
175
221
208
144
65
18
3
1
1
1
1
3
18
65
144
209
224
185
108
40
0
0
0
0
30
87
158
198
187
129
58
16
3
1
1
1
1
3
16
58
129
187
201
166
97
37
0
0
0
0
22
63
114
143
135
93
42
12
2
1
1
1
1
2
12
42
93
135
145
120
70
27
0
0
0
0
11
31
57
72
68
47
21
6
1
1
1
1
1
1
6
21
47
68
73
60
35
13
0
0
0
0
0
0
0
0
0
0
0
0
0
0
0
0
0
0
0
0
0
0
0
0
0
0
0
0
0
0
0
0
0
0
0
0
0
0
0
0
0
0
0
0
0
0
0
0
0
0
0
0
0
0
