23
35
0
0
0
0
0
0
0
0
0
0
0
0
0
0
0
0
0
0
0
0
0
0
0
0
0
0
0
0
0
0
0
0
0
0
0
0
0
0
0
0
0
0
0
0
0
0
0
0
12
44
95
130
122
77
30
7
2
1
1
0
0
0
0
0
0
0
0
0
0
0
0
18
64
138
188
177
112
43
10
2
1
1
0
0
0
0
0
0
0
0
0
0
0
0
19
71
154
211
198
125
48
11
2
1
1
0
0
0
0
0
0
0
0
0
0
0
0
20
72
156
215
202
127
49
11
2
1
1
0
0
0
0
0
0
0
0
0
0
0
0
20
72
157
215
202
127
49
11
2
1
1
1
1
1
1
1
1
0
0
0
0
0
0
20
72
157
215
202
127
49
12
3
3
3
3
3
2
1
1
1
1
1
0
0
0
0
20
72
157
215
202
127
49
12
5
7
9
10
10
7
4
2
1
1
1
0
0
0
0
20
72
157
215
202
127
50
17
18
29
38
41
39
31
18
9
3
1
1
0
0
0
0
20
72
157
215
202
129
58
38
57
86
106
113
108
91
62
34
13
4
1
0
0
0
0
20
72
157
215
203
136
83
88
128
167
189
195
191
172
135
88
42
14
3
0
0
0
0
20
72
157
216
209
159
131
155
193
217
226
230
231
225
202
156
92
37
9
0
0
0
0
20
72
157
218
222
196
185
199
206
198
189
191
205
224
231
207
146
72
22
0
0
0
0
20
72
157
221
237
226
210
189
155
120
100
102
130
178
221
228
185
106
38
0
0
0
0
20
72
157
223
241
224
183
131
80
46
31
34
61
120
190
227
206
132
53
0
0
0
0
20
72
157
222
232
193
127
66
28
11
5
8
26
78
158
218
215
149
65
0
0
0
0
20
72
157
219
216
156
78
28
8
2
2
3
15
57
138
209
218
160
74
0
0
0
0
20
72
157
216
206
134
55
14
3
1
1
2
12
50
129
204
220
165
80
0
0
0
0
20
72
157
215
202
127
49
11
2
1
1
2
11
49
127
203
220
167
81
0
0
0
0
20
72
157
215
202
127
49
11
2
1
1
2
11
49
127
203
220
167
81
0
0
0
0
20
72
157
215
202
127
49
11
2
1
1
2
11
49
127
203
220
167
81
0
0
0
0
20
72
157
215
202
127
49
11
2
1
1
2
11
49
127
203
220
167
81
0
0
0
0
20
72
157
215
202
127
49
11
2
1
1
2
11
49
127
203
220
167
81
0
0
0
0
20
72
157
215
202
127
49
11
2
1
1
2
11
49
127
203
220
167
81
0
0
0
0
20
72
157
215
202
127
49
11
2
1
1
2
11
49
127
203
220
167
81
0
0
0
0
20
72
157
215
202
127
49
11
2
1
1
2
11
49
127
203
220
167
81
0
0
0
0
20
72
157
215
202
127
49
11
2
1
1
2
11
49
127
203
220
167
81
0
0
0
0
20
72
157
215
202
127
49
11
2
1
1
2
11
49
127
203
220
167
81
0
0
0
0
20
72
156
215
202
127
49
11
2
1
1
2
11
49
127
203
220
167
81
0
0
0
0
19
71
154
211
198
125
48
11
2
1
1
2
11
48
125
199
216
164
80
0
0
0
0
18
64
138
188
177
112
43
10
2
1
1
2
10
43
112
177
192
147
72
0
0
0
0
12
44
95
130
122
77
30
7
2
1
1
2
7
30
77
122
132
101
50
0
0
0
0
0
0
0
0
0
0
0
0
0
0
0
0
0
0
0
0
0
0
0
0
0
0
0
0
0
0
0
0
0
0
0
0
0
0
0
0
0
0
0
0
0
0
0
0
