30
37
0
0
0
0
0
0
0
0
0
0
0
0
0
0
0
0
0
0
0
0
0
0
0
0
0
0
0
0
0
0
0
0
0
0
0
0
0
0
0
0
0
0
0
0
0
0
0
0
0
0
0
0
0
0
0
0
0
0
0
0
0
0
6
20
43
59
60
48
26
9
2
1
1
1
0
0
1
1
1
2
7
21
42
58
64
63
54
35
0
0
0
0
14
47
98
134
138
109
59
20
4
1
1
1
0
1
1
1
2
7
25
63
108
138
145
134
106
63
0
0
0
0
20
69
143
196
201
159
86
28
6
2
1
1
1
1
1
2
6
24
65
125
179
205
199
166
114
60
0
0
0
0
22
76
159
219
226
178
95
31
6
2
1
1
1
1
2
5
21
60
121
184
221
223
189
133
74
32
0
0
0
0
22
77
162
223
230
181
96
31
6
2
1
1
1
1
4
18
53
114
179
220
225
193
136
75
31
10
0
0
0
0
22
77
162
224
231
181
97
31
6
2
1
1
1
4
15
47
105
171
216
223
192
136
75
31
9
3
0
0
0
0
22
77
163
224
231
181
97
31
6
2
1
1
3
14
44
98
163
211
220
189
134
74
30
9
3
1
0
0
0
0
22
77
162
224
231
181
97
31
6
2
1
3
12
40
94
159
207
217
186
129
71
30
9
3
1
1
0
0
0
0
22
77
162
224
231
181
97
31
6
2
3
11
36
88
154
205
216
185
127
68
28
9
3
1
1
1
0
0
0
0
22
77
162
224
231
181
97
31
7
4
10
33
82
148
202
216
186
127
67
26
8
3
1
1
1
0
0
0
0
0
22
77
162
224
231
181
97
32
8
10
30
77
141
197
215
186
127
67
26
8
3
1
1
1
0
0
0
0
0
0
22
77
162
224
231
181
97
33
13
28
72
136
193
214
186
127
66
26
8
2
1
1
1
0
0
0
0
0
0
0
22
77
162
224
231
181
97
36
29
67
131
192
219
196
133
68
25
7
2
1
1
1
0
0
0
0
0
0
0
0
22
77
162
224
231
182
100
49
63
122
188
228
226
175
98
36
9
2
1
1
1
0
0
0
0
0
0
0
0
0
22
77
162
224
232
184
111
80
116
177
224
244
234
187
112
46
12
3
1
1
1
0
0
0
0
0
0
0
0
0
22
77
163
224
233
192
138
130
169
206
224
237
241
217
159
86
32
8
2
1
1
1
0
0
0
0
0
0
0
0
22
77
163
225
237
212
182
182
194
187
178
198
229
236
204
138
68
23
5
2
1
1
0
0
0
0
0
0
0
0
22
77
163
226
244
235
220
204
173
127
104
135
194
233
232
188
117
52
15
4
1
1
1
0
0
0
0
0
0
0
22
77
163
226
247
243
222
179
119
64
43
75
144
209
238
223
168
95
37
10
2
1
1
1
0
0
0
0
0
0
22
77
163
226
245
232
187
123
62
23
13
34
92
167
223
238
209
145
73
25
6
2
1
1
1
0
0
0
0
0
22
77
163
225
239
208
141
69
24
7
4
13
49
116
188
232
232
192
123
56
18
4
2
1
1
0
0
0
0
0
22
77
162
225
234
190
109
41
10
2
1
4
21
67
140
206
236
224
174
102
42
12
3
1
1
1
0
0
0
0
22
77
162
224
232
182
98
33
7
2
1
1
7
32
88
162
217
236
213
154
82
31
8
2
1
1
0
0
0
0
22
77
162
224
231
181
97
32
6
2
1
1
2
12
46
109
179
226
233
199
134
66
22
5
2
1
0
0
0
0
22
77
162
224
231
181
97
32
6
2
1
1
1
4
19
61
130
197
233
227
183
113
49
15
4
1
0
0
0
0
22
77
162
224
231
181
97
31
6
2
1
1
1
2
7
29
81
155
214
236
218
164
92
36
10
3
0
0
0
0
22
77
163
224
231
181
97
31
6
2
1
1
1
1
3
12
43
106
178
226
235
206
144
75
27
7
0
0
0
0
22
77
162
224
231
181
97
31
6
2
1
1
1
1
1
4
19
62
131
199
234
232
192
125
58
18
0
0
0
0
22
77
162
223
230
181
96
31
6
2
1
1
1
1
1
2
7
30
83
156
214
238
224
174
103
43
0
0
0
0
22
76
159
219
226
178
95
31
6
2
1
1
0
1
1
1
3
12
44
105
175
222
233
209
150
78
0
0
0
0
20
69
143
196
201
159
86
28
6
2
1
1
0
0
1
1
1
4
18
57
120
179
208
204
166
101
0
0
0
0
14
47
98
134
138
109
59
20
4
1
1
1
0
0
1
1
1
2
6
24
63
110
139
145
126
83
0
0
0
0
6
20
43
59
60
48
26
9
2
1
1
1
0
0
0
1
1
1
2
7
22
44
59
63
57
39
0
0
0
0
0
0
0
0
0
0
0
0
0
0
0
0
0
0
0
0
0
0
0
0
0
0
0
0
0
0
0
0
0
0
0
0
0
0
0
0
0
0
0
0
0
0
0
0
0
0
0
0
0
0
0
0
0
0
0
0
0
0
