35
43
0
0
0
0
0
0
0
0
0
0
0
0
0
0
0
0
0
0
0
0
0
0
0
0
0
0
0
0
0
0
0
0
0
0
0
0
0
0
0
0
0
0
0
0
0
0
0
0
0
0
0
0
0
0
0
0
0
0
0
0
0
0
0
0
0
0
0
0
0
0
0
0
8
25
49
69
76
72
55
31
12
3
1
1
1
1
0
0
0
1
1
1
2
4
12
29
52
70
78
79
75
65
44
0
0
0
0
16
50
98
136
151
143
110
62
23
6
2
1
1
1
0
0
1
1
1
1
4
12
34
72
115
144
155
152
138
110
69
0
0
0
0
23
69
135
189
210
197
152
85
32
8
2
1
1
1
0
1
1
1
1
3
11
33
75
131
180
207
211
195
162
115
65
0
0
0
0
25
75
150
210
234
220
168
94
35
9
3
1
1
1
1
1
1
1
3
10
30
72
129
185
222
232
219
183
131
79
39
0
0
0
0
25
76
152
214
239
225
171
95
35
9
2
1
1
1
1
1
1
3
8
27
66
124
182
222
235
223
187
134
78
37
15
0
0
0
0
25
76
153
215
241
226
172
95
35
9
2
1
1
1
1
1
2
7
23
60
116
176
219
234
223
187
134
78
36
13
5
0
0
0
0
25
77
153
216
241
226
172
95
35
9
2
1
1
1
1
2
7
21
54
108
168
214
232
222
186
133
77
36
13
4
2
0
0
0
0
25
77
153
216
241
227
172
95
35
9
2
1
1
1
2
6
19
51
103
162
209
229
219
183
131
76
35
13
4
2
1
0
0
0
0
25
77
153
216
241
226
172
95
35
9
2
1
1
2
5
18
48
99
158
206
227
217
179
126
73
34
13
4
2
1
1
0
0
0
0
25
77
153
216
241
226
172
95
35
9
3
2
2
4
16
45
95
155
204
226
216
177
123
70
32
12
4
2
1
1
1
0
0
0
0
25
77
153
216
241
226
172
95
35
9
3
2
4
14
40
89
150
202
226
216
177
122
68
30
11
4
2
1
1
1
1
0
0
0
0
25
77
153
216
241
226
172
95
35
9
4
5
13
37
83
143
197
224
217
178
122
67
29
11
4
2
1
1
1
1
0
0
0
0
0
25
77
153
216
241
227
172
95
35
10
6
13
35
79
138
192
222
216
178
122
67
29
10
4
2
1
1
1
1
0
0
0
0
0
0
25
77
153
216
241
227
172
95
36
11
13
33
75
134
189
220
216
178
122
66
28
10
4
2
1
1
1
1
0
0
0
0
0
0
0
25
77
153
216
241
227
172
95
37
17
31
71
129
187
221
219
181
123
66
28
9
3
2
1
1
1
0
0
0
0
0
0
0
0
0
25
77
153
216
241
227
173
96
41
32
65
122
183
224
233
205
145
78
31
10
3
1
1
1
1
0
0
0
0
0
0
0
0
0
0
25
77
153
216
241
227
173
100
54
64
114
174
221
243
239
205
141
72
26
7
2
1
1
1
1
0
0
0
0
0
0
0
0
0
0
25
77
153
216
241
227
176
111
83
111
166
212
238
248
245
222
171
104
47
15
5
2
1
1
1
0
0
0
0
0
0
0
0
0
0
25
77
153
216
241
229
185
137
128
162
201
219
225
235
245
239
209
153
86
36
11
3
1
1
1
1
0
0
0
0
0
0
0
0
0
25
77
153
216
242
235
206
178
179
198
201
185
178
198
228
243
235
197
134
70
27
8
2
1
1
1
0
0
0
0
0
0
0
0
0
25
77
153
216
244
243
230
218
212
200
165
124
109
140
192
232
244
227
181
115
55
19
6
2
1
1
1
0
0
0
0
0
0
0
0
25
77
153
216
245
249
244
232
208
165
110
63
51
83
145
205
238
242
216
163
96
42
13
4
2
1
1
1
0
0
0
0
0
0
0
25
77
153
216
245
250
241
215
169
111
58
25
18
42
97
165
219
243
237
203
142
76
30
9
3
1
1
1
1
0
0
0
0
0
0
25
77
153
216
244
245
223
176
114
59
24
8
6
19
56
119
185
230
244
229
185
120
60
22
6
2
1
1
1
1
0
0
0
0
0
25
77
153
216
243
237
198
133
68
26
8
3
2
7
27
74
141
202
237
242
218
167
102
47
16
5
2
1
1
1
0
0
0
0
0
25
77
153
216
242
230
181
106
44
13
4
2
1
2
11
39
94
162
216
241
237
206
150
85
35
11
4
2
1
1
1
0
0
0
0
25
77
153
216
241
227
174
97
36
9
3
1
1
1
4
18
54
115
180
225
242
231
192
131
68
26
8
3
1
1
1
0
0
0
0
25
77
153
216
241
227
172
95
35
9
2
1
1
1
2
7
26
69
133
194
231
240
222
176
112
54
20
6
2
1
1
0
0
0
0
25
77
153
216
241
227
172
95
35
9
2
1
1
1
1
3
11
35
85
151
207
237
238
213
160
95
42
14
4
2
1
0
0
0
0
25
77
153
216
241
227
172
95
35
9
2
1
1
1
1
1
4
15
47
105
171
220
240
234
201
141
77
31
9
3
1
0
0
0
0
25
77
153
216
241
226
172
95
35
9
2
1
1
1
1
1
2
6
23
64
127
190
230
242
227
185
122
61
23
7
2
0
0
0
0
25
77
153
216
241
227
172
95
35
9
2
1
1
1
1
1
1
3
10
34
84
150
207
237
240
218
169
105
49
17
5
0
0
0
0
25
77
153
216
241
226
172
95
35
9
2
1
1
1
1
1
1
2
4
15
48
105
172
221
242
237
208
153
89
38
12
0
0
0
0
25
76
153
215
241
226
172
95
35
9
2
1
1
1
1
1
1
1
2
6
23
65
128
191
231
243
232
195
135
71
27
0
0
0
0
25
76
152
214
239
225
171
95
35
9
2
1
1
1
0
1
1
1
1
3
10
34
84
150
206
236
241
223
179
115
55
0
0
0
0
25
75
150
210
234
220
168
94
35
9
3
1
1
1
0
0
1
1
1
2
4
16
47
102
166
214
235
234
208
156
90
0
0
0
0
23
69
135
189
210
197
152
85
32
8
2
1
1
1
0
0
0
1
1
1
2
6
22
59
115
170
204
214
203
168
109
0
0
0
0
16
50
98
136
151
143
110
62
23
6
2
1
1
1
0
0
0
1
1
1
1
3
8
27
64
109
142
155
152
132
91
0
0
0
0
8
25
49
69
76
72
55
31
12
3
1
1
1
1
0
0
0
0
1
1
1
1
3
10
26
50
69
78
77
69
49
0
0
0
0
0
0
0
0
0
0
0
0
0
0
0
0
0
0
0
0
0
0
0
0
0
0
0
0
0
0
0
0
0
0
0
0
0
0
0
0
0
0
0
0
0
0
0
0
0
0
0
0
0
0
0
0
0
0
0
0
0
0
0
0
0
0
0
0
0
0
0
0
