35
37
0
0
0
0
0
0
0
0
0
0
0
0
0
0
0
0
0
0
0
0
0
0
0
0
0
0
0
0
0
0
0
0
0
0
0
0
0
0
0
0
0
0
0
0
0
0
0
0
0
0
0
0
0
0
0
0
0
0
0
0
0
0
0
0
0
0
0
0
0
0
0
0
7
21
42
58
65
61
47
26
10
3
1
1
1
1
0
0
0
1
1
1
2
4
11
25
45
59
66
66
63
54
36
0
0
0
0
16
47
92
129
143
135
103
58
22
6
2
1
1
1
0
1
1
1
1
2
4
14
36
72
110
136
145
141
127
100
62
0
0
0
0
22
67
134
187
207
195
150
84
31
8
2
1
1
1
1
1
1
1
2
5
15
41
84
137
181
204
204
184
149
104
59
0
0
0
0
25
75
150
210
234
220
168
93
35
9
3
1
1
1
1
1
1
2
5
17
44
90
146
195
223
226
204
163
112
65
31
0
0
0
0
25
76
152
215
240
225
172
95
35
9
2
1
1
1
1
1
2
6
18
46
94
151
200
226
226
202
157
104
57
26
10
0
0
0
0
25
76
153
215
241
226
172
95
35
9
2
1
1
1
1
2
7
19
49
97
154
202
226
222
193
146
93
49
21
8
3
0
0
0
0
25
77
153
216
241
226
172
95
35
9
2
1
1
1
2
7
22
53
102
158
203
223
215
182
133
82
41
17
6
2
1
0
0
0
0
25
77
153
216
241
226
172
95
35
9
3
2
1
2
8
24
58
109
164
206
221
207
168
118
70
34
14
5
2
1
1
0
0
0
0
25
77
153
216
241
226
172
95
35
9
3
2
3
9
26
62
115
170
209
220
200
156
104
57
27
11
4
2
1
1
1
0
0
0
0
25
77
153
216
241
226
172
95
35
9
3
4
10
29
66
120
175
212
218
193
145
92
48
21
8
3
2
1
1
1
0
0
0
0
0
25
77
153
216
241
227
172
95
35
9
6
12
32
71
125
179
213
215
185
134
81
40
16
6
3
1
1
1
1
0
0
0
0
0
0
25
77
153
216
241
227
172
95
36
12
15
36
77
132
184
214
210
176
123
71
33
13
5
2
1
1
1
1
0
0
0
0
0
0
0
25
77
153
216
241
227
172
96
38
21
39
82
139
191
221
215
175
117
63
28
10
3
1
1
1
1
1
0
0
0
0
0
0
0
0
25
77
153
216
241
227
173
98
47
46
85
142
195
230
235
206
147
80
32
10
3
1
1
1
1
0
0
0
0
0
0
0
0
0
0
25
77
153
216
241
227
175
107
73
93
144
194
228
245
243
216
160
93
40
13
4
2
1
1
1
0
0
0
0
0
0
0
0
0
0
25
77
153
216
241
229
185
134
120
150
189
212
223
235
243
234
200
142
80
34
11
3
1
1
1
1
0
0
0
0
0
0
0
0
0
25
77
153
216
242
235
206
178
175
190
193
179
173
193
224
240
231
194
134
72
30
10
3
1
1
1
1
0
0
0
0
0
0
0
0
25
77
153
216
244
244
231
217
206
188
152
112
99
129
181
224
241
228
186
125
66
26
8
3
1
1
1
1
0
0
0
0
0
0
0
25
77
153
216
245
249
241
222
189
142
90
50
40
68
126
188
229
241
224
178
115
57
21
6
2
1
1
1
1
0
0
0
0
0
0
25
77
153
216
244
246
229
190
135
80
39
16
12
29
73
137
197
233
240
218
168
104
50
18
6
2
1
1
1
1
0
0
0
0
0
25
77
153
216
243
238
203
143
79
35
13
4
3
10
34
84
148
205
236
238
210
158
95
44
15
5
2
1
1
1
0
0
0
0
0
25
77
153
216
242
231
183
110
47
15
4
2
1
3
13
41
94
159
212
237
234
204
150
88
39
13
4
2
1
1
1
0
0
0
0
25
77
153
216
241
227
174
97
37
9
3
1
1
1
4
16
49
105
168
216
237
231
197
141
80
34
12
4
1
1
1
0
0
0
0
25
77
153
216
241
227
172
95
35
9
2
1
1
1
2
6
20
56
112
174
219
238
228
191
133
73
31
10
3
1
1
0
0
0
0
25
77
153
216
241
227
172
95
35
9
2
1
1
1
1
2
7
24
62
121
183
225
238
225
185
125
66
26
8
3
1
0
0
0
0
25
77
153
216
241
226
172
95
35
9
2
1
1
1
1
1
3
9
28
72
134
193
230
239
221
177
115
59
23
7
2
0
0
0
0
25
77
153
216
241
226
172
95
35
9
2
1
1
1
1
1
1
3
11
35
83
147
203
234
238
216
169
108
54
20
6
0
0
0
0
25
76
153
215
241
226
172
95
35
9
2
1
1
1
1
1
1
2
4
14
43
96
160
212
237
237
212
163
101
48
17
0
0
0
0
25
76
152
215
240
225
172
95
35
9
2
1
1
1
1
1
1
1
2
5
18
52
108
171
218
239
235
206
154
92
41
0
0
0
0
25
75
150
210
234
220
168
93
35
9
3
1
1
1
0
1
1
1
1
2
7
23
60
118
178
219
235
227
195
140
77
0
0
0
0
22
67
134
187
207
195
150
84
31
8
2
1
1
1
0
0
0
1
1
1
3
8
27
66
121
173
203
210
196
159
101
0
0
0
0
16
47
92
129
143
135
103
58
22
6
2
1
1
1
0
0
0
1
1
1
1
3
9
28
64
105
134
146
142
123
84
0
0
0
0
7
21
42
58
65
61
47
26
10
3
1
1
1
1
0
0
0
0
1
1
1
1
3
9
23
43
59
66
65
58
41
0
0
0
0
0
0
0
0
0
0
0
0
0
0
0
0
0
0
0
0
0
0
0
0
0
0
0
0
0
0
0
0
0
0
0
0
0
0
0
0
0
0
0
0
0
0
0
0
0
0
0
0
0
0
0
0
0
0
0
0
0
0
0
0
0
0
0
0
0
0
0
0
