35
48
0
0
0
0
0
0
0
0
0
0
0
0
0
0
0
0
0
0
0
0
0
0
0
0
0
0
0
0
0
0
0
0
0
0
0
0
0
0
0
0
0
0
0
0
0
0
0
0
0
0
0
0
0
0
0
0
0
0
0
0
0
0
0
0
0
0
0
0
0
0
0
0
4
13
26
37
41
39
30
17
6
2
1
1
1
0
0
0
0
1
1
1
1
2
5
13
26
36
41
42
42
38
27
0
0
0
0
11
34
66
93
103
97
75
42
16
4
1
1
1
1
0
0
0
1
1
1
2
5
16
40
71
95
105
106
101
86
57
0
0
0
0
19
57
112
156
173
163
125
70
27
7
2
1
1
1
0
1
1
1
1
2
4
15
41
86
134
166
177
173
156
123
76
0
0
0
0
24
72
142
198
220
207
159
89
33
8
2
1
1
1
0
1
1
1
2
4
12
35
81
141
191
218
221
204
167
117
65
0
0
0
0
25
76
151
212
236
222
170
94
35
9
3
1
1
1
1
1
1
2
3
9
29
72
132
189
226
237
223
186
132
77
36
0
0
0
0
25
76
152
214
239
225
171
95
35
9
2
1
1
1
1
1
1
3
7
23
61
120
180
222
238
228
193
139
80
37
14
0
0
0
0
25
76
153
215
240
226
172
95
35
9
2
1
1
1
1
1
2
5
18
50
106
169
216
237
230
198
145
86
40
14
5
0
0
0
0
25
76
153
216
241
226
172
95
35
9
2
1
1
1
1
2
4
14
41
91
154
207
234
231
203
152
92
44
16
5
2
0
0
0
0
25
77
153
216
241
226
172
95
35
9
2
1
1
1
1
3
11
34
79
141
197
229
231
205
157
98
48
18
6
2
1
0
0
0
0
25
77
153
216
241
226
172
95
35
9
2
1
1
1
3
9
28
70
129
188
224
230
206
159
102
52
20
7
2
1
1
0
0
0
0
25
77
153
216
241
226
172
95
35
9
2
2
1
2
7
23
61
118
178
220
230
208
162
104
54
22
8
3
1
1
1
0
0
0
0
25
77
153
216
241
226
172
95
35
9
3
2
2
5
18
52
107
169
215
230
212
166
107
55
23
8
3
1
1
1
1
0
0
0
0
25
77
153
216
241
226
172
95
35
9
3
3
5
14
43
95
158
209
230
216
172
113
59
24
9
3
2
1
1
1
0
0
0
0
0
25
77
153
216
241
226
172
95
35
9
3
5
12
36
83
145
200
228
220
179
120
64
26
9
4
2
1
1
1
0
0
0
0
0
0
25
77
153
216
241
227
172
95
35
9
5
10
30
73
133
191
224
222
185
127
69
29
10
4
2
1
1
1
1
0
0
0
0
0
0
25
77
153
216
241
227
172
95
36
11
9
25
64
122
182
220
223
191
134
75
32
11
4
2
1
1
1
1
0
0
0
0
0
0
0
25
77
153
216
241
227
172
95
36
14
22
55
111
173
216
224
196
141
81
35
12
4
2
1
1
1
0
0
0
0
0
0
0
0
0
25
77
153
216
241
227
172
95
38
22
46
98
162
213
231
210
157
91
40
13
4
2
1
1
1
1
0
0
0
0
0
0
0
0
0
25
77
153
216
241
227
173
97
44
42
84
147
204
236
236
199
133
64
21
5
2
1
1
1
1
0
0
0
0
0
0
0
0
0
0
25
77
153
216
241
227
173
101
60
77
133
192
232
248
242
208
145
75
27
7
2
1
1
1
0
0
0
0
0
0
0
0
0
0
0
25
77
153
216
241
227
176
113
90
123
179
221
241
249
247
227
180
114
53
18
5
2
1
1
1
0
0
0
0
0
0
0
0
0
0
25
77
153
216
241
229
185
139
134
170
207
222
226
235
245
242
215
159
91
37
11
3
1
1
1
1
0
0
0
0
0
0
0
0
0
25
77
153
216
242
234
205
178
181
201
206
189
181
200
230
245
236
198
135
68
25
7
2
1
1
1
0
0
0
0
0
0
0
0
0
25
77
153
216
244
243
229
217
214
206
174
131
116
147
199
235
245
226
177
109
50
17
5
2
1
1
1
0
0
0
0
0
0
0
0
25
77
153
216
245
249
244
236
217
179
123
73
58
93
157
214
242
241
211
153
85
34
10
3
1
1
1
1
0
0
0
0
0
0
0
25
77
153
216
245
251
246
228
188
131
72
33
24
52
113
181
229
245
234
192
127
62
22
6
2
1
1
1
1
0
0
0
0
0
0
25
77
153
216
245
248
234
197
139
79
34
12
9
26
72
140
203
239
244
221
168
99
43
13
4
2
1
1
1
0
0
0
0
0
0
25
77
153
216
244
241
212
155
89
39
13
4
3
11
40
98
168
221
244
238
202
141
75
29
9
3
2
1
1
1
0
0
0
0
0
25
77
153
216
242
234
190
120
55
18
5
2
1
4
20
60
125
192
233
244
228
182
117
56
19
6
2
1
1
1
0
0
0
0
0
25
77
153
216
241
228
177
101
39
11
3
2
1
2
8
32
84
153
211
240
241
215
161
93
39
12
4
2
1
1
1
0
0
0
0
25
77
153
216
241
227
173
96
36
9
3
1
1
1
3
15
49
110
177
225
243
234
197
135
70
27
8
3
1
1
1
0
0
0
0
25
77
153
216
241
227
172
95
35
9
2
1
1
1
2
6
25
69
134
196
233
242
224
177
111
52
18
5
2
1
1
0
0
0
0
25
77
153
216
241
227
172
95
35
9
2
1
1
1
1
3
11
37
90
158
213
239
238
210
155
88
37
11
3
2
1
0
0
0
0
25
77
153
216
241
227
172
95
35
9
2
1
1
1
1
1
4
17
53
115
182
227
242
232
194
130
66
24
7
2
1
0
0
0
0
25
77
153
216
241
226
172
95
35
9
2
1
1
1
1
1
2
7
28
76
143
204
237
242
221
171
104
47
16
5
2
0
0
0
0
25
77
153
216
241
226
172
95
35
9
2
1
1
1
1
1
1
4
14
45
103
171
221
242
237
205
147
82
33
10
3
0
0
0
0
25
77
153
216
241
226
172
95
35
9
2
1
1
1
1
1
1
2
6
23
66
131
195
234
243
229
188
125
63
23
7
0
0
0
0
25
76
153
216
241
226
172
95
35
9
2
1
1
1
1
1
1
2
3
11
38
92
160
215
241
242
218
168
102
45
14
0
0
0
0
25
76
153
215
240
226
172
95
35
9
2
1
1
1
1
1
1
1
2
5
19
57
119
185
229
244
236
203
144
77
30
0
0
0
0
25
76
152
214
239
225
171
95
35
9
2
1
1
1
0
1
1
1
1
3
9
31
80
147
205
237
243
226
183
118
57
0
0
0
0
25
76
151
212
236
222
170
94
35
9
3
1
1
1
0
0
1
1
1
2
4
15
46
103
169
217
238
237
211
158
90
0
0
0
0
24
72
142
198
220
207
159
89
33
8
2
1
1
1
0
0
0
1
1
1
2
6
23
63
123
181
215
225
213
175
113
0
0
0
0
19
57
112
156
173
163
125
70
27
7
2
1
1
1
0
0
0
1
1
1
1
3
10
32
75
127
163
177
174
151
104
0
0
0
0
11
34
66
93
103
97
75
42
16
4
1
1
1
1
0
0
0
0
1
1
1
1
4
13
36
68
94
105
104
93
66
0
0
0
0
0
0
0
0
0
0
0
0
0
0
0
0
0
0
0
0
0
0
0
0
0
0
0
0
0
0
0
0
0
0
0
0
0
0
0
0
0
0
0
0
0
0
0
0
0
0
0
0
0
0
0
0
0
0
0
0
0
0
0
0
0
0
0
0
0
0
0
0
