30
43
0
0
0
0
0
0
0
0
0
0
0
0
0
0
0
0
0
0
0
0
0
0
0
0
0
0
0
0
0
0
0
0
0
0
0
0
0
0
0
0
0
0
0
0
0
0
0
0
0
0
0
0
0
0
0
0
0
0
0
0
0
0
8
26
52
70
72
57
32
11
3
1
1
1
0
0
1
1
1
3
9
26
51
70
78
76
65
42
0
0
0
0
16
51
103
139
143
114
63
22
5
1
1
1
0
1
1
1
2
7
26
65
111
143
152
142
113
68
0
0
0
0
22
71
142
193
199
157
87
31
7
2
1
1
1
1
1
2
5
20
58
118
174
204
203
173
122
66
0
0
0
0
24
78
158
215
222
175
96
33
8
2
1
1
1
1
1
4
15
47
104
170
216
227
202
150
89
41
0
0
0
0
24
79
160
220
226
178
97
34
8
2
1
1
1
1
3
10
35
88
155
209
230
213
164
100
47
17
0
0
0
0
24
79
161
221
228
179
98
34
8
2
1
1
1
2
7
26
70
137
197
227
218
174
111
54
19
6
0
0
0
0
24
79
161
221
228
180
98
34
8
2
1
1
2
5
19
56
117
182
221
221
183
122
62
23
7
2
0
0
0
0
24
79
161
222
228
180
98
34
8
2
1
1
4
14
45
101
166
213
221
189
131
71
28
9
3
1
0
0
0
0
24
79
162
222
228
180
98
34
8
2
1
2
10
35
86
152
205
220
193
138
77
33
11
3
1
1
0
0
0
0
24
79
162
222
229
180
98
34
8
2
2
7
26
71
137
195
220
200
146
84
36
12
4
1
1
1
0
0
0
0
24
79
162
222
229
180
98
34
8
3
5
19
57
119
184
218
206
157
93
41
14
4
2
1
1
1
0
0
0
0
24
79
162
222
229
180
98
34
8
5
15
45
102
169
213
212
168
104
48
17
5
2
1
1
1
0
0
0
0
0
24
79
162
222
229
180
98
34
9
12
36
87
153
205
214
178
115
56
20
6
2
1
1
1
0
0
0
0
0
0
24
79
162
222
228
180
98
35
14
28
73
138
195
215
187
126
64
24
7
2
1
1
1
0
0
0
0
0
0
0
24
79
162
222
228
180
98
38
26
59
122
185
217
198
140
74
29
8
2
1
1
1
0
0
0
0
0
0
0
0
24
79
162
222
229
180
100
45
50
103
171
219
221
174
100
40
11
3
1
1
1
0
0
0
0
0
0
0
0
0
24
79
162
222
229
181
105
64
89
152
211
238
226
171
94
34
8
2
1
1
1
0
0
0
0
0
0
0
0
0
24
79
161
222
229
183
118
97
137
194
232
246
236
194
124
56
17
4
1
1
1
0
0
0
0
0
0
0
0
0
24
79
161
222
230
193
145
142
179
211
225
236
241
222
168
94
37
10
3
1
1
1
0
0
0
0
0
0
0
0
24
79
161
222
235
212
185
186
198
191
183
202
230
237
205
139
68
23
6
2
1
1
0
0
0
0
0
0
0
0
24
79
162
223
242
233
219
208
183
140
119
148
202
235
228
181
108
46
13
3
1
1
1
0
0
0
0
0
0
0
24
79
162
224
246
244
229
196
141
83
60
93
162
219
238
213
152
79
28
7
2
1
1
1
0
0
0
0
0
0
24
79
162
224
246
240
210
154
89
39
24
52
118
190
233
232
190
120
53
16
4
1
1
1
0
0
0
0
0
0
24
79
162
223
242
223
172
103
46
15
8
26
77
151
214
238
218
161
88
33
9
3
1
1
1
0
0
0
0
0
24
79
162
222
236
202
132
62
20
5
3
11
44
108
182
229
234
198
131
62
21
5
2
1
1
0
0
0
0
0
24
79
162
222
231
187
108
41
10
3
1
4
21
68
141
206
236
224
173
101
41
12
3
1
1
1
0
0
0
0
24
79
162
222
229
181
99
35
8
2
1
2
9
38
98
171
223
235
207
144
73
26
7
2
1
1
0
0
0
0
24
79
162
222
229
180
98
34
8
2
1
1
4
18
60
128
195
231
227
184
114
51
16
4
1
1
0
0
0
0
24
79
162
222
229
180
98
34
8
2
1
1
2
8
31
84
157
214
235
215
158
87
33
9
2
1
0
0
0
0
24
79
162
222
229
180
98
34
8
2
1
1
1
3
14
49
115
186
229
232
196
128
60
20
5
2
0
0
0
0
24
79
162
222
228
180
98
34
8
2
1
1
1
1
6
26
76
148
210
236
221
170
98
40
11
3
0
0
0
0
24
79
161
222
228
180
98
34
8
2
1
1
1
1
3
12
45
108
180
227
235
204
142
73
26
7
0
0
0
0
24
79
161
221
228
180
98
34
8
2
1
1
1
1
2
6
23
70
142
206
236
228
183
114
50
15
0
0
0
0
24
79
161
221
228
179
98
34
8
2
1
1
1
1
1
3
11
41
101
174
224
237
214
157
85
31
0
0
0
0
24
79
160
220
226
178
97
34
8
2
1
1
1
1
1
1
5
21
64
134
199
234
231
193
126
59
0
0
0
0
24
78
158
215
222
175
96
33
8
2
1
1
0
1
1
1
2
9
35
91
162
214
232
215
162
91
0
0
0
0
22
71
142
193
199
157
87
31
7
2
1
1
0
0
1
1
1
4
17
53
114
174
206
205
170
107
0
0
0
0
16
51
103
139
143
114
63
22
5
1
1
1
0
0
1
1
1
2
7
25
65
113
145
151
132
88
0
0
0
0
8
26
52
70
72
57
32
11
3
1
1
1
0
0
0
1
1
1
3
10
27
53
71
76
68
47
0
0
0
0
0
0
0
0
0
0
0
0
0
0
0
0
0
0
0
0
0
0
0
0
0
0
0
0
0
0
0
0
0
0
0
0
0
0
0
0
0
0
0
0
0
0
0
0
0
0
0
0
0
0
0
0
0
0
0
0
0
0
