25
36
0
0
0
0
0
0
0
0
0
0
0
0
0
0
0
0
0
0
0
0
0
0
0
0
0
0
0
0
0
0
0
0
0
0
0
0
0
0
0
0
0
0
0
0
0
0
0
0
0
0
0
0
16
38
56
56
40
18
5
1
1
1
0
1
1
1
4
13
32
52
62
61
49
0
0
0
0
37
87
127
129
91
40
11
2
1
1
1
1
1
3
12
39
85
125
141
130
95
0
0
0
0
53
126
185
187
132
59
15
3
1
1
1
1
2
9
33
85
149
193
196
161
103
0
0
0
0
59
140
207
210
147
65
17
3
1
1
1
1
6
24
71
140
199
218
191
131
68
0
0
0
0
59
143
211
214
150
66
17
3
1
1
1
4
17
56
123
189
220
201
144
78
30
0
0
0
0
59
143
211
214
150
66
17
3
1
1
3
12
43
104
174
215
206
154
87
35
10
0
0
0
0
59
143
211
214
150
66
17
3
2
2
9
34
88
157
206
207
161
96
41
12
3
0
0
0
0
59
143
211
214
150
66
17
3
2
7
26
74
142
198
208
167
102
46
15
4
1
0
0
0
0
59
143
211
214
150
66
17
4
5
20
61
127
189
208
174
110
51
17
5
2
1
0
0
0
0
59
143
211
214
150
66
17
6
15
48
110
177
207
182
119
57
19
5
2
1
1
0
0
0
0
59
143
211
214
150
66
18
12
38
94
162
203
188
130
65
23
6
2
1
1
1
0
0
0
0
59
143
211
214
150
66
23
31
79
148
197
193
140
74
27
7
2
1
1
1
0
0
0
0
0
59
143
211
215
151
69
36
66
133
193
204
157
86
33
9
2
1
1
1
0
0
0
0
0
0
59
143
211
215
152
78
64
116
184
221
200
130
56
15
3
1
1
1
0
0
0
0
0
0
0
59
143
212
215
157
99
108
166
219
237
210
142
66
19
4
1
1
1
0
0
0
0
0
0
0
60
143
212
218
173
137
156
197
223
236
227
180
105
41
10
2
1
1
1
0
0
0
0
0
0
60
143
213
227
201
183
187
186
184
205
228
213
152
76
25
5
1
1
1
0
0
0
0
0
0
60
143
214
238
229
210
180
135
116
151
206
228
194
122
52
14
3
1
1
1
0
0
0
0
0
60
143
215
243
233
197
137
76
55
95
168
221
221
167
90
32
8
2
1
1
1
0
0
0
0
60
143
215
238
213
152
82
33
21
53
123
195
228
204
135
62
19
4
2
1
1
0
0
0
0
60
143
214
227
182
104
41
12
7
26
79
156
215
224
179
104
41
11
3
1
1
0
0
0
0
60
143
212
219
159
76
22
5
3
11
44
111
186
226
211
150
76
25
6
2
1
0
0
0
0
60
143
212
215
151
67
17
3
2
4
21
68
143
207
226
191
120
52
15
3
1
0
0
0
0
59
143
211
214
150
66
17
3
2
2
8
35
96
171
221
218
166
91
33
8
2
0
0
0
0
59
143
211
214
150
66
17
3
1
1
3
15
55
126
197
227
203
137
64
19
4
0
0
0
0
59
143
211
214
150
66
17
3
1
1
1
6
27
83
159
217
224
180
106
42
11
0
0
0
0
59
143
211
214
150
66
17
3
1
1
1
2
12
48
116
190
227
213
153
78
26
0
0
0
0
59
143
211
214
150
66
17
3
1
1
1
1
5
24
75
151
213
229
194
124
54
0
0
0
0
59
143
211
214
150
66
17
3
1
1
1
1
2
10
42
107
182
226
221
169
93
0
0
0
0
59
140
207
210
147
65
17
3
1
1
1
1
1
4
20
66
138
202
226
201
135
0
0
0
0
53
126
185
187
132
59
15
3
1
1
0
1
1
2
8
34
89
156
198
197
150
0
0
0
0
37
87
127
129
91
40
11
2
1
1
0
1
1
1
3
14
45
93
131
140
115
0
0
0
0
0
0
0
0
0
0
0
0
0
0
0
0
0
0
0
0
0
0
0
0
0
0
0
0
0
0
0
0
0
0
0
0
0
0
0
0
0
0
0
0
0
0
0
0
0
0
0
0
