25
35
0
0
0
0
0
0
0
0
0
0
0
0
0
0
0
0
0
0
0
0
0
0
0
0
0
0
0
0
0
0
0
0
0
0
0
0
0
0
0
0
0
0
0
0
0
0
0
0
0
0
0
0
0
0
0
0
0
0
0
1
1
1
2
8
31
75
119
136
114
66
24
5
1
0
0
0
0
0
0
0
0
0
0
0
1
1
1
5
22
68
134
189
202
167
96
34
8
2
0
0
0
0
0
0
0
0
0
0
1
1
1
3
14
50
116
186
229
231
187
107
38
8
2
0
0
0
0
0
0
0
0
0
1
1
1
2
10
37
94
167
222
245
238
190
108
38
8
2
0
0
0
0
0
0
0
0
1
1
1
2
7
27
76
147
209
242
251
239
191
108
38
8
2
0
0
0
0
0
0
0
0
1
1
1
4
18
59
126
192
229
243
249
239
191
108
38
8
2
0
0
0
0
0
0
0
1
1
1
3
11
42
103
172
211
218
225
240
237
191
108
38
8
2
0
0
0
0
0
0
0
1
1
2
7
28
80
152
199
197
179
193
227
235
191
108
38
8
2
0
0
0
0
0
0
1
1
1
4
19
60
129
189
199
159
133
166
219
234
191
108
38
8
2
0
0
0
0
0
1
1
1
3
12
44
106
174
204
171
112
97
152
217
234
191
108
38
8
2
0
0
0
0
1
1
1
2
8
32
86
156
202
188
126
69
75
147
217
234
191
108
38
8
2
0
0
0
0
1
1
2
6
23
69
139
196
201
150
78
39
65
145
216
234
191
108
38
8
2
0
0
0
0
1
1
4
16
53
119
185
209
172
101
40
23
61
144
216
234
191
108
38
8
2
0
0
0
0
1
2
10
37
96
167
209
190
125
57
17
16
60
144
216
234
191
108
38
8
2
0
0
0
0
2
6
25
74
145
201
203
149
77
26
7
14
60
144
216
234
191
108
38
8
2
0
0
0
0
4
16
54
121
187
209
171
99
39
10
3
14
60
144
216
234
191
108
38
8
2
0
0
0
0
10
38
97
168
208
188
123
55
16
4
2
14
60
144
216
234
191
108
38
8
2
0
0
0
0
26
75
145
199
199
145
74
25
6
2
2
14
60
144
216
234
191
108
38
8
2
0
0
0
0
57
124
188
207
169
100
42
15
8
7
8
19
64
146
217
234
192
110
42
13
6
0
0
0
0
96
171
215
204
147
86
51
41
39
39
39
49
87
159
221
236
199
128
68
42
31
0
0
0
0
125
200
230
212
168
132
116
114
113
113
113
120
145
192
233
243
219
171
132
111
90
0
0
0
0
135
208
237
232
214
201
197
196
196
196
196
199
209
229
246
251
240
220
203
188
155
0
0
0
0
127
193
221
225
222
220
219
219
219
219
219
221
227
240
250
253
246
234
222
209
173
0
0
0
0
94
142
163
167
167
167
167
167
167
167
168
172
187
217
242
248
233
203
178
161
132
0
0
0
0
46
69
79
81
81
81
81
81
81
81
82
90
121
178
228
240
210
153
104
81
64
0
0
0
0
14
20
23
24
24
24
24
24
24
24
25
35
76
153
219
235
196
119
56
28
20
0
0
0
0
3
4
5
5
5
5
5
5
5
5
6
17
63
145
216
234
191
109
41
12
5
0
0
0
0
1
2
2
2
2
2
2
2
2
2
3
15
61
144
215
233
190
108
39
9
3
0
0
0
0
1
1
1
1
1
1
1
1
1
1
2
14
59
142
211
228
187
107
38
8
2
0
0
0
0
0
0
0
0
0
0
0
0
1
1
2
12
54
127
188
203
167
96
34
8
2
0
0
0
0
0
0
0
0
0
0
0
0
1
1
1
9
37
87
129
140
115
66
24
5
1
0
0
0
0
0
0
0
0
0
0
0
0
0
0
0
0
0
0
0
0
0
0
0
0
0
0
0
0
0
0
0
0
0
0
0
0
0
0
0
0
0
0
0
0
0
0
0
0
0
0
0
0
