30
41
0
0
0
0
0
0
0
0
0
0
0
0
0
0
0
0
0
0
0
0
0
0
0
0
0
0
0
0
0
0
0
0
0
0
0
0
0
0
0
0
0
0
0
0
0
0
0
0
0
0
0
0
0
0
0
0
0
0
0
0
0
0
0
0
0
0
0
0
0
0
0
1
1
1
1
5
20
54
99
136
147
127
83
38
11
3
1
1
0
0
0
0
0
0
0
0
0
0
0
0
1
1
1
1
3
14
44
99
159
199
206
176
115
52
16
4
2
1
0
0
0
0
0
0
0
0
0
0
0
1
1
1
1
3
9
32
81
147
204
233
232
196
127
58
17
4
2
1
0
0
0
0
0
0
0
0
0
0
0
1
1
1
2
6
23
63
126
190
231
246
238
200
129
58
17
4
2
1
0
0
0
0
0
0
0
0
0
0
1
1
1
2
5
17
49
106
172
221
245
251
240
201
130
58
17
4
2
1
0
0
0
0
0
0
0
0
0
1
1
1
1
4
12
38
89
154
209
240
251
252
241
202
130
58
17
4
2
1
0
0
0
0
0
0
0
0
0
1
1
1
3
8
27
72
136
195
229
242
248
250
241
202
130
58
17
4
2
1
0
0
0
0
0
0
0
0
1
1
1
2
5
19
54
114
178
216
224
225
235
245
240
202
130
58
17
4
2
1
0
0
0
0
0
0
0
1
1
1
1
3
12
39
93
159
205
211
193
191
214
238
239
202
130
58
17
4
2
1
0
0
0
0
0
0
0
1
1
1
2
8
27
72
137
194
212
185
150
155
196
233
238
202
130
58
17
4
2
1
0
0
0
0
0
0
1
1
1
2
5
19
55
116
179
212
196
145
108
129
186
232
238
201
130
58
17
4
2
1
0
0
0
0
0
1
1
1
1
4
13
41
95
160
206
207
162
101
77
115
184
232
238
201
130
58
17
4
2
1
0
0
0
0
0
1
1
1
3
9
31
77
142
197
213
181
118
63
56
109
183
232
238
201
130
58
17
4
2
1
0
0
0
0
1
1
1
2
7
23
63
125
186
215
197
140
75
35
45
107
183
232
238
201
130
58
17
4
2
1
0
0
0
0
1
1
2
5
16
49
107
172
213
209
162
96
41
19
41
106
183
232
238
201
130
58
17
4
2
1
0
0
0
0
1
1
3
11
36
87
154
206
217
182
118
56
19
12
40
106
183
232
238
201
130
58
17
4
2
1
0
0
0
0
1
2
7
25
67
131
193
220
198
141
75
28
8
10
40
106
183
232
238
201
130
58
17
4
2
1
0
0
0
0
2
5
17
50
109
174
216
211
162
95
40
12
4
9
39
106
183
232
238
201
130
58
17
4
2
1
0
0
0
0
3
11
36
87
153
206
217
181
117
55
19
5
2
9
39
106
183
232
238
201
130
58
17
4
2
1
0
0
0
0
7
25
67
131
191
218
197
138
73
28
8
2
2
9
39
106
183
232
238
201
130
58
17
4
2
1
0
0
0
0
17
51
109
173
213
207
159
92
39
12
3
2
2
9
39
106
183
232
238
201
130
58
17
4
2
1
0
0
0
0
38
89
154
204
213
177
114
54
18
5
2
2
2
9
39
106
183
232
238
201
130
59
18
5
2
1
0
0
0
0
71
135
193
218
196
140
77
34
15
10
10
10
10
16
45
109
184
232
238
202
132
63
24
12
8
5
0
0
0
0
108
177
220
221
182
123
75
50
43
42
42
42
42
47
72
128
193
235
240
209
148
87
53
41
33
22
0
0
0
0
134
202
234
227
192
151
122
112
110
110
110
110
110
113
131
169
213
242
245
224
182
140
116
105
87
56
0
0
0
0
144
210
239
238
221
202
191
188
188
188
188
188
188
190
198
216
236
249
251
241
222
202
190
178
149
95
0
0
0
0
143
206
234
239
235
231
228
227
227
227
227
227
228
228
232
239
248
253
254
250
242
233
227
215
180
115
0
0
0
0
125
179
204
209
210
209
209
209
209
209
209
209
209
210
216
228
242
251
252
246
232
218
209
198
164
105
0
0
0
0
85
122
139
143
143
144
144
143
143
143
143
143
144
146
160
189
223
245
248
231
199
167
148
136
113
72
0
0
0
0
40
58
65
67
67
67
67
67
67
67
67
68
68
72
94
143
200
237
242
214
160
107
77
65
53
34
0
0
0
0
12
18
20
21
21
21
21
21
21
21
21
21
21
27
55
115
186
233
239
204
137
72
34
22
17
11
0
0
0
0
3
5
5
5
5
5
5
5
5
5
5
6
6
12
42
107
183
232
238
202
131
61
20
8
5
3
0
0
0
0
2
2
2
2
2
2
2
2
2
2
3
3
3
10
40
106
182
231
238
201
130
59
18
6
3
2
0
0
0
0
1
1
1
1
1
1
1
1
1
1
1
2
2
9
39
105
182
230
236
200
129
58
17
5
2
1
0
0
0
0
1
1
1
1
1
1
1
1
1
1
1
1
2
9
39
104
178
225
231
196
127
58
17
4
2
1
0
0
0
0
0
0
0
0
0
0
0
0
0
1
1
1
1
8
35
94
160
202
207
176
115
52
16
4
2
1
0
0
0
0
0
0
0
0
0
0
0
0
0
1
1
1
1
6
26
68
116
146
149
127
83
38
11
3
1
1
0
0
0
0
0
0
0
0
0
0
0
0
0
0
0
0
0
0
0
0
0
0
0
0
0
0
0
0
0
0
0
0
0
0
0
0
0
0
0
0
0
0
0
0
0
0
0
0
0
0
0
0
0
0
0
0
0
0
0
0
0
0
