29
35
0
0
0
0
0
0
0
0
0
0
0
0
0
0
0
0
0
0
0
0
0
0
0
0
0
0
0
0
0
0
0
0
0
0
0
0
0
0
0
0
0
0
0
0
0
0
0
0
0
0
0
0
0
0
0
0
0
0
0
0
0
0
0
0
0
0
0
0
0
1
1
1
2
6
21
54
96
130
139
120
79
36
11
3
1
0
0
0
0
0
0
0
0
0
0
0
0
1
1
1
2
5
18
51
106
162
199
204
174
114
52
16
4
2
0
0
0
0
0
0
0
0
0
0
0
1
1
1
1
4
14
43
97
160
211
236
232
196
127
58
17
4
2
0
0
0
0
0
0
0
0
0
0
1
1
1
1
4
13
38
86
150
205
238
248
239
200
129
58
17
4
2
0
0
0
0
0
0
0
0
0
1
1
1
1
3
11
34
79
141
197
233
248
251
241
201
130
58
17
4
2
0
0
0
0
0
0
0
0
0
1
1
1
3
9
29
72
132
189
223
238
246
250
241
202
130
58
17
4
2
0
0
0
0
0
0
0
0
1
1
1
2
7
24
62
121
180
211
215
217
230
244
240
202
130
58
17
4
2
0
0
0
0
0
0
0
1
1
1
2
5
19
53
109
170
205
200
177
178
208
237
239
202
130
58
17
4
2
0
0
0
0
0
0
1
1
1
1
4
15
44
97
160
202
201
162
127
141
191
233
238
201
130
58
17
4
2
0
0
0
0
0
1
1
1
1
4
12
38
87
149
197
205
168
112
86
119
185
232
238
201
130
58
17
4
2
0
0
0
0
1
1
1
1
3
11
34
79
140
192
208
179
119
66
59
110
183
232
238
201
130
58
17
4
2
0
0
0
0
1
1
1
3
9
30
73
133
188
210
188
132
70
34
46
107
183
232
238
201
130
58
17
4
2
0
0
0
0
1
1
2
7
25
64
125
183
212
197
145
81
34
17
41
106
183
232
238
201
130
58
17
4
2
0
0
0
0
1
2
6
20
55
113
175
212
204
157
93
41
13
11
40
106
183
232
238
201
130
58
17
4
2
0
0
0
0
2
5
16
47
101
164
208
210
168
105
49
17
5
9
39
106
183
232
238
201
130
58
17
4
2
0
0
0
0
4
13
39
89
152
201
212
178
117
58
21
6
2
9
39
106
183
232
238
201
130
58
17
4
2
0
0
0
0
10
32
77
139
193
212
187
129
67
26
8
3
2
9
39
106
183
232
238
201
130
58
17
4
2
0
0
0
0
27
67
127
184
211
193
140
78
32
10
3
2
2
9
39
106
183
232
238
201
130
58
17
5
2
0
0
0
0
59
117
177
211
202
155
94
45
19
11
9
9
9
15
45
109
184
232
238
202
132
63
23
11
7
0
0
0
0
100
167
213
221
188
133
82
54
44
41
41
41
41
46
72
128
193
235
240
209
148
87
53
41
33
0
0
0
0
131
199
232
228
197
157
129
117
114
114
114
114
114
117
134
171
214
242
246
225
184
144
120
109
90
0
0
0
0
142
207
237
237
223
207
197
193
193
193
193
193
193
194
202
218
238
250
251
242
224
206
194
183
152
0
0
0
0
133
191
218
223
221
217
215
215
215
215
215
215
215
216
221
232
244
252
253
247
235
223
215
203
169
0
0
0
0
98
141
160
165
166
166
165
165
165
165
165
165
166
168
179
202
229
247
249
236
210
184
168
157
130
0
0
0
0
49
71
80
82
83
83
83
83
83
83
83
83
83
88
108
152
205
239
243
218
168
119
91
80
65
0
0
0
0
16
22
25
26
26
26
26
26
26
26
26
26
26
32
59
119
188
233
239
205
140
76
39
27
21
0
0
0
0
4
5
6
5
5
5
5
5
5
5
6
6
7
13
43
108
183
232
238
201
131
61
21
9
6
0
0
0
0
1
2
2
2
2
2
2
2
2
2
2
2
3
10
40
106
182
231
237
201
130
59
18
5
3
0
0
0
0
1
1
1
1
1
1
1
1
1
1
1
1
2
9
39
104
178
225
231
196
127
58
17
5
2
0
0
0
0
0
0
0
0
0
0
0
0
0
1
1
1
1
8
35
93
158
200
205
174
114
52
15
4
2
0
0
0
0
0
0
0
0
0
0
0
0
0
0
1
1
1
6
24
64
109
138
141
120
79
36
11
3
1
0
0
0
0
0
0
0
0
0
0
0
0
0
0
0
0
0
0
0
0
0
0
0
0
0
0
0
0
0
0
0
0
0
0
0
0
0
0
0
0
0
0
0
0
0
0
0
0
0
0
0
0
0
0
0
0
0
0
0
0
