30
46
0
0
0
0
0
0
0
0
0
0
0
0
0
0
0
0
0
0
0
0
0
0
0
0
0
0
0
0
0
0
0
0
0
0
0
0
0
0
0
0
0
0
0
0
0
0
0
0
0
0
0
0
0
0
0
0
0
0
0
0
0
0
0
0
0
0
0
0
0
0
0
1
1
1
2
6
24
63
116
157
168
145
95
44
13
3
1
1
0
0
0
0
0
0
0
0
0
0
0
0
1
1
1
1
4
15
48
106
169
210
216
185
121
55
16
4
2
1
0
0
0
0
0
0
0
0
0
0
0
1
1
1
1
3
9
31
81
150
207
236
234
198
129
58
17
4
2
1
0
0
0
0
0
0
0
0
0
0
0
1
1
1
2
5
20
58
122
188
231
246
239
200
129
58
17
4
2
1
0
0
0
0
0
0
0
0
0
0
1
1
1
2
4
13
41
96
164
218
244
250
240
201
130
58
17
4
2
1
0
0
0
0
0
0
0
0
0
0
1
1
1
3
8
29
74
140
201
237
251
252
241
202
130
58
17
4
2
1
0
0
0
0
0
0
0
0
0
1
1
1
2
5
19
55
116
182
226
245
251
252
241
202
130
58
17
4
2
1
0
0
0
0
0
0
0
0
0
1
1
1
3
11
37
90
158
210
233
239
244
249
240
202
130
58
17
4
2
1
0
0
0
0
0
0
0
0
1
1
1
2
6
24
66
131
192
220
218
216
228
243
239
202
130
58
17
4
2
1
0
0
0
0
0
0
0
1
1
1
1
4
14
45
103
170
211
209
184
181
208
236
238
202
130
58
17
4
2
1
0
0
0
0
0
0
0
1
1
1
2
8
29
77
144
200
213
182
144
149
193
232
238
202
130
58
17
4
2
1
0
0
0
0
0
0
1
1
1
2
5
18
54
116
181
215
198
145
106
127
185
232
238
201
130
58
17
4
2
1
0
0
0
0
0
1
1
1
1
3
11
37
90
158
207
211
167
105
78
115
184
232
238
201
130
58
17
4
2
1
0
0
0
0
0
1
1
1
2
7
24
67
132
193
216
190
128
69
59
110
183
232
238
201
130
58
17
4
2
1
0
0
0
0
1
1
1
2
5
16
50
109
174
214
207
156
87
41
47
107
183
232
238
201
130
58
17
4
2
1
0
0
0
0
1
1
1
3
10
35
86
153
206
217
181
115
53
24
42
106
183
232
238
201
130
58
17
4
2
1
0
0
0
0
1
1
2
6
22
64
128
192
221
202
144
76
28
14
40
106
183
232
238
201
130
58
17
4
2
1
0
0
0
0
1
1
4
14
44
101
169
215
216
170
102
44
13
11
40
106
183
232
238
201
130
58
17
4
2
1
0
0
0
0
1
3
8
28
75
142
201
222
193
130
65
22
6
9
39
106
183
232
238
201
130
58
17
4
2
1
0
0
0
0
2
5
17
53
114
180
219
211
158
89
36
10
3
9
39
106
183
232
238
201
130
58
17
4
2
1
0
0
0
0
3
10
35
86
154
208
220
183
116
54
17
4
2
9
39
106
183
232
238
201
130
58
17
4
2
1
0
0
0
0
6
22
62
126
189
220
202
144
76
28
8
2
2
9
39
106
183
232
238
201
130
58
17
4
2
1
0
0
0
0
13
42
98
165
212
214
170
102
44
13
3
2
2
9
39
106
183
232
238
201
130
58
17
5
2
1
0
0
0
0
28
73
139
197
218
191
129
64
22
6
2
2
2
9
39
106
183
232
238
201
130
58
17
5
2
1
0
0
0
0
54
114
178
215
206
156
89
37
12
5
4
3
4
10
40
106
182
232
238
201
129
59
19
6
3
2
0
0
0
0
88
156
209
220
186
124
64
30
19
16
16
16
16
22
50
112
185
232
238
203
135
67
29
17
13
8
0
0
0
0
120
189
227
221
178
121
79
61
56
56
56
56
56
61
84
136
197
236
241
212
154
98
66
54
44
28
0
0
0
0
139
206
236
228
196
159
135
127
126
126
126
126
126
130
145
179
218
243
246
227
190
153
132
120
100
64
0
0
0
0
146
211
240
240
226
211
202
199
199
199
199
199
199
201
207
222
239
250
252
244
227
211
200
189
158
101
0
0
0
0
145
208
237
243
240
237
235
234
234
234
234
234
234
235
237
243
250
254
254
251
245
238
234
222
185
118
0
0
0
0
131
188
215
221
221
221
221
221
221
220
220
221
221
222
226
235
246
252
253
248
238
227
220
208
174
111
0
0
0
0
98
141
160
164
165
165
165
165
165
165
165
165
165
167
178
202
229
247
249
236
210
183
168
156
130
83
0
0
0
0
54
77
87
89
90
90
90
90
90
90
90
90
90
94
114
156
207
240
244
219
172
124
98
86
71
45
0
0
0
0
20
28
32
33
33
33
33
33
33
33
33
33
33
39
65
122
190
234
240
207
143
81
45
33
26
17
0
0
0
0
5
8
9
8
8
8
8
8
8
8
9
9
9
15
44
109
183
232
238
202
132
63
23
11
8
5
0
0
0
0
2
3
3
3
3
3
3
3
3
3
3
4
4
11
41
107
183
232
238
201
130
59
19
6
4
2
0
0
0
0
1
2
2
2
2
2
2
2
2
2
2
2
3
10
40
106
182
231
237
201
130
59
18
6
3
2
0
0
0
0
1
1
1
1
1
1
1
1
1
1
1
1
2
9
39
105
182
230
236
200
129
58
17
5
2
1
0
0
0
0
1
1
1
1
1
1
1
1
1
1
1
1
2
9
39
105
180
227
233
198
128
58
17
4
2
1
0
0
0
0
0
0
0
0
0
0
0
0
0
1
1
1
2
8
37
99
168
211
217
185
121
55
16
4
2
1
0
0
0
0
0
0
0
0
0
0
0
0
0
1
1
1
1
7
29
78
133
167
171
146
95
44
13
3
1
1
0
0
0
0
0
0
0
0
0
0
0
0
0
1
1
1
1
4
17
46
79
99
102
87
56
26
8
2
1
1
0
0
0
0
0
0
0
0
0
0
0
0
0
0
0
0
0
0
0
0
0
0
0
0
0
0
0
0
0
0
0
0
0
0
0
0
0
0
0
0
0
0
0
0
0
0
0
0
0
0
0
0
0
0
0
0
0
0
0
0
0
0
