26
41
0
0
0
0
0
0
0
0
0
0
0
0
0
0
0
0
0
0
0
0
0
0
0
0
0
0
0
0
0
0
0
0
0
0
0
0
0
0
0
0
0
0
0
0
0
0
0
0
0
0
0
0
0
0
0
0
0
0
0
0
0
1
1
1
2
8
32
77
123
141
119
70
26
7
2
1
0
0
0
0
0
0
0
0
0
0
0
1
1
1
4
20
63
128
184
199
165
97
36
9
2
1
0
0
0
0
0
0
0
0
0
0
1
1
1
3
11
41
102
174
221
226
184
107
40
10
2
1
0
0
0
0
0
0
0
0
0
1
1
1
2
6
25
73
144
208
239
234
188
108
40
10
2
1
0
0
0
0
0
0
0
0
0
1
1
1
4
15
50
114
185
231
247
236
189
109
40
10
2
1
0
0
0
0
0
0
0
0
1
1
1
2
9
33
87
158
216
244
250
237
189
109
40
10
2
1
0
0
0
0
0
0
0
0
1
1
1
5
19
61
129
194
231
245
248
236
189
109
40
10
2
1
0
0
0
0
0
0
0
1
1
1
2
10
38
97
168
212
224
230
241
235
189
109
40
10
2
1
0
0
0
0
0
0
0
1
1
1
5
22
68
138
194
206
195
204
229
232
189
109
40
10
2
1
0
0
0
0
0
0
1
1
1
3
12
43
105
174
203
181
156
177
219
231
189
109
40
10
2
1
0
0
0
0
0
0
1
1
2
6
26
75
146
197
192
144
120
159
215
230
189
109
40
10
2
1
0
0
0
0
0
1
1
1
4
15
51
116
181
203
164
105
94
150
214
230
189
109
40
10
2
1
0
0
0
0
1
1
1
2
9
33
87
157
202
187
126
70
77
146
214
230
189
109
40
10
2
1
0
0
0
0
1
1
1
5
21
63
131
191
203
156
85
44
68
144
213
230
189
109
40
10
2
1
0
0
0
0
1
1
3
12
42
103
172
208
184
117
52
29
64
144
213
230
189
109
40
10
2
1
0
0
0
0
1
2
6
25
73
145
201
203
150
77
28
21
63
144
213
230
188
109
40
10
2
1
0
0
0
0
1
3
14
48
112
181
210
178
108
45
13
17
62
144
213
230
188
109
40
10
2
1
0
0
0
0
2
7
29
81
153
204
199
140
69
22
6
16
62
144
213
230
188
109
40
10
2
1
0
0
0
0
4
16
54
121
187
208
170
99
39
10
4
16
62
144
213
230
188
109
40
10
2
1
0
0
0
0
9
33
89
160
205
193
131
61
19
4
3
16
62
144
213
230
188
109
40
10
2
1
0
0
0
0
19
61
129
191
205
161
89
33
8
2
3
16
62
143
213
230
189
109
40
10
3
1
0
0
0
0
39
98
167
205
185
120
54
17
4
2
3
16
62
143
213
230
189
109
40
10
3
1
0
0
0
0
70
140
197
204
156
86
36
15
10
10
11
23
67
146
214
231
190
112
46
16
9
5
0
0
0
0
103
177
216
199
142
84
52
43
42
42
43
53
91
160
219
234
198
130
72
45
33
20
0
0
0
0
126
199
228
208
164
128
113
110
110
110
110
117
144
191
231
241
217
170
130
108
87
53
0
0
0
0
135
207
236
229
209
194
189
188
188
188
188
192
204
226
244
249
238
216
196
180
148
90
0
0
0
0
134
203
234
237
232
229
228
227
227
227
228
229
234
243
251
253
248
239
230
217
179
109
0
0
0
0
117
176
204
210
209
209
209
209
209
209
209
212
220
235
248
251
243
228
214
199
164
100
0
0
0
0
80
120
139
143
143
144
143
143
143
144
144
150
170
206
237
244
225
189
158
139
112
68
0
0
0
0
38
57
65
67
67
67
67
67
67
68
68
78
111
171
223
236
205
145
94
69
53
32
0
0
0
0
12
18
20
21
21
21
21
21
21
21
22
34
76
150
215
232
193
118
55
26
17
10
0
0
0
0
3
5
5
5
5
5
5
5
5
6
7
20
65
145
213
230
189
110
43
13
6
3
0
0
0
0
1
2
2
2
2
2
2
2
2
3
4
17
63
144
213
230
189
109
41
11
4
2
0
0
0
0
1
1
1
1
1
1
1
1
1
2
3
16
62
143
212
229
188
109
40
10
3
1
0
0
0
0
1
1
1
1
1
1
1
1
1
1
3
16
61
140
207
224
184
107
40
10
2
1
0
0
0
0
0
0
0
0
0
0
0
0
1
1
2
14
56
126
186
201
165
97
36
9
2
1
0
0
0
0
0
0
0
0
0
0
0
0
1
1
2
10
40
91
134
145
120
70
26
7
2
1
0
0
0
0
0
0
0
0
0
0
0
0
0
0
0
0
0
0
0
0
0
0
0
0
0
0
0
0
0
0
0
0
0
0
0
0
0
0
0
0
0
0
0
0
0
0
0
0
0
0
0
0
0
0
