23
34
0
0
0
0
0
0
0
0
0
0
0
0
0
0
0
0
0
0
0
0
0
0
0
0
0
0
0
0
0
0
0
0
0
0
0
0
0
0
0
0
0
0
0
0
0
0
0
0
0
0
0
0
0
0
1
1
1
7
30
85
154
193
174
107
41
9
2
0
0
0
0
0
0
0
0
0
1
1
1
3
17
60
132
200
227
197
120
45
10
2
0
0
0
0
0
0
0
0
1
1
1
2
10
39
102
178
229
239
201
122
45
10
2
0
0
0
0
0
0
0
0
1
1
2
6
25
76
150
213
244
242
202
122
46
10
2
0
0
0
0
0
0
0
1
1
1
3
15
52
121
190
230
245
241
202
122
46
10
2
0
0
0
0
0
0
0
1
1
2
8
33
90
162
206
219
230
235
201
122
46
10
2
0
0
0
0
0
0
1
1
1
4
19
63
133
187
192
184
206
227
200
122
46
10
2
0
0
0
0
0
1
1
1
3
11
41
103
170
189
158
145
185
222
200
122
46
10
2
0
0
0
0
0
1
1
2
6
25
75
146
190
168
117
115
176
221
200
122
46
10
2
0
0
0
0
1
1
1
3
15
52
119
180
185
131
80
97
172
222
201
122
46
10
2
0
0
0
0
1
1
2
8
34
92
162
194
159
89
52
88
171
222
201
122
46
10
2
0
0
0
0
1
1
4
20
66
138
191
182
118
52
35
85
171
222
201
122
46
10
2
0
0
0
0
1
2
11
43
108
176
195
149
76
27
28
84
171
222
201
122
46
10
2
0
0
0
0
1
6
25
77
150
195
174
105
42
13
25
84
171
222
201
122
46
10
2
0
0
0
0
3
14
51
120
183
191
136
64
20
7
24
84
171
222
201
122
46
10
2
0
0
0
0
7
32
89
161
196
163
92
34
8
5
24
84
171
222
201
122
46
10
2
0
0
0
0
19
62
132
188
183
122
53
15
4
5
24
84
170
221
200
122
45
10
2
0
0
0
0
41
104
172
196
154
83
32
12
8
10
29
87
172
222
201
124
49
14
6
0
0
0
0
69
146
201
195
137
78
48
40
39
41
57
107
182
225
207
140
74
42
27
0
0
0
0
92
174
219
207
163
129
116
114
113
114
125
158
207
236
224
179
135
107
78
0
0
0
0
100
183
228
229
212
200
197
196
196
196
201
215
236
248
243
223
203
180
134
0
0
0
0
94
170
214
224
221
219
219
219
219
219
222
230
243
251
248
236
222
200
149
0
0
0
0
70
125
158
166
167
167
167
167
167
168
174
195
226
244
236
208
179
155
114
0
0
0
0
34
61
77
81
81
81
81
81
81
83
96
136
196
231
216
162
109
79
56
0
0
0
0
10
18
22
24
24
24
24
24
24
26
43
97
176
223
204
132
62
29
17
0
0
0
0
2
4
5
5
5
5
5
5
5
8
27
85
171
221
201
123
48
13
4
0
0
0
0
1
1
2
2
2
2
2
2
2
5
25
84
170
221
200
122
46
10
2
0
0
0
0
1
1
1
1
1
1
1
1
1
4
24
82
167
216
196
120
45
10
2
0
0
0
0
0
0
0
0
0
0
0
1
1
4
22
74
149
193
175
108
41
9
2
0
0
0
0
0
0
0
0
0
0
0
1
1
3
15
51
103
132
120
74
28
6
1
0
0
0
0
0
0
0
0
0
0
0
0
0
0
0
0
0
0
0
0
0
0
0
0
0
0
0
0
0
0
0
0
0
0
0
0
0
0
0
0
0
0
0
0
0
0
0
0
