27
37
0
0
0
0
0
0
0
0
0
0
0
0
0
0
0
0
0
0
0
0
0
0
0
0
0
0
0
0
0
0
0
0
0
0
0
0
0
0
0
0
0
0
0
0
0
0
0
0
0
0
0
0
0
0
0
0
0
0
0
0
0
0
0
0
0
0
0
0
1
1
2
10
40
90
130
138
113
65
23
0
0
0
0
0
0
0
0
0
0
0
0
0
0
0
0
1
1
3
15
58
131
190
202
166
95
33
0
0
0
0
0
0
0
0
0
0
0
0
0
0
0
0
1
1
3
16
65
147
214
228
186
105
37
0
0
0
0
0
0
0
0
0
0
0
0
0
0
0
0
1
1
3
17
65
150
218
232
189
107
37
0
0
0
0
0
0
0
0
0
1
1
1
1
1
1
1
1
1
3
17
66
151
219
233
190
107
37
0
0
0
0
0
0
0
1
1
1
1
1
2
3
3
3
3
3
4
17
66
151
219
233
190
107
37
0
0
0
0
0
0
1
1
1
1
2
4
7
9
9
9
9
7
6
18
66
151
219
234
190
107
37
0
0
0
0
0
1
1
1
2
4
9
17
28
35
38
38
35
26
17
23
68
151
219
234
190
107
37
0
0
0
0
1
1
1
2
6
16
34
59
85
102
108
107
100
81
55
44
76
154
220
233
190
107
37
0
0
0
0
1
1
2
7
23
53
94
134
167
185
191
191
183
162
128
99
107
165
222
234
190
107
37
0
0
0
0
1
2
7
25
65
119
169
204
223
228
228
227
224
216
197
171
163
193
230
234
190
107
37
0
0
0
0
1
5
23
65
127
185
221
231
221
203
192
188
192
202
213
214
214
226
241
236
190
107
37
0
0
0
0
3
16
54
119
186
226
231
205
164
125
103
98
105
128
162
195
220
239
248
238
190
107
37
0
0
0
0
7
34
94
170
223
233
204
147
89
50
33
29
34
50
82
126
177
222
244
237
190
107
37
0
0
0
0
15
57
133
205
236
218
160
88
36
13
6
4
6
11
26
59
118
187
233
236
190
107
37
0
0
0
0
25
81
164
223
233
192
116
47
13
3
1
1
1
2
6
26
80
162
223
234
190
107
37
0
0
0
0
36
104
186
232
224
164
82
25
5
2
1
1
1
1
3
17
67
152
220
234
190
107
37
0
0
0
0
44
120
200
235
214
143
61
16
3
1
1
1
1
1
3
17
66
151
219
234
190
107
37
0
0
0
0
49
127
206
235
207
131
51
12
2
1
1
0
1
1
3
17
66
151
219
234
190
107
37
0
0
0
0
50
130
208
235
204
126
48
10
2
1
1
0
1
1
3
17
66
151
219
234
190
107
37
0
0
0
0
51
130
208
235
203
125
47
10
2
1
1
0
1
1
3
17
66
151
219
233
190
107
37
0
0
0
0
50
129
207
235
205
128
49
11
2
1
1
0
1
1
3
17
66
151
219
233
190
107
37
0
0
0
0
48
125
204
235
209
135
55
13
2
1
1
0
1
1
3
17
66
151
219
233
190
107
37
0
0
0
0
43
116
197
235
217
149
67
18
3
1
1
1
1
1
4
19
69
154
220
234
190
107
37
0
0
0
0
34
101
183
231
227
171
89
30
7
2
1
1
1
3
8
30
86
167
226
234
190
107
37
0
0
0
0
24
80
162
222
235
198
126
58
19
6
3
3
4
10
25
62
126
195
236
236
190
107
37
0
0
0
0
15
56
131
203
236
223
173
107
54
26
16
15
21
38
71
121
179
224
245
237
190
107
37
0
0
0
0
7
33
93
167
221
236
216
171
120
81
64
62
74
103
143
182
212
234
245
236
189
107
37
0
0
0
0
3
15
52
116
182
224
235
221
193
165
150
148
158
180
198
201
199
213
233
232
187
106
37
0
0
0
0
1
5
22
62
121
177
213
228
229
221
216
214
215
212
195
164
146
169
204
211
172
98
35
0
0
0
0
1
2
6
23
58
105
149
183
205
214
215
212
201
176
136
95
82
109
144
152
125
71
25
0
0
0
0
1
1
2
6
18
41
71
103
130
145
148
144
128
98
63
36
31
49
67
71
58
33
12
0
0
0
0
1
1
1
1
4
10
21
37
53
61
63
61
51
34
18
9
8
13
18
19
16
9
3
0
0
0
0
0
0
0
0
0
0
0
0
0
0
0
0
0
0
0
0
0
0
0
0
0
0
0
0
0
0
0
0
0
0
0
0
0
0
0
0
0
0
0
0
0
0
0
0
0
0
0
0
0
0
0
0
