31
43
0
0
0
0
0
0
0
0
0
0
0
0
0
0
0
0
0
0
0
0
0
0
0
0
0
0
0
0
0
0
0
0
0
0
0
0
0
0
0
0
0
0
0
0
0
0
0
0
0
0
0
0
0
0
0
0
0
0
0
0
0
0
0
0
0
0
0
0
0
0
0
0
0
0
0
0
0
0
1
1
1
3
11
38
85
129
150
146
118
71
29
0
0
0
0
0
0
0
0
0
0
0
0
0
0
0
0
0
0
1
1
2
3
15
52
118
178
208
203
163
98
40
0
0
0
0
0
0
0
0
0
0
0
0
0
0
0
0
0
0
1
1
2
4
16
58
131
198
232
226
181
109
44
0
0
0
0
0
0
0
0
0
0
0
0
0
0
0
0
0
0
1
1
2
4
16
59
133
203
237
231
185
110
45
0
0
0
0
0
0
0
0
0
0
0
1
1
1
1
1
1
1
1
1
2
4
16
59
134
204
238
232
185
110
45
0
0
0
0
0
0
0
0
0
0
1
1
1
1
1
1
1
1
1
1
2
4
16
59
134
204
239
232
186
111
45
0
0
0
0
0
0
0
0
1
1
1
1
1
2
3
3
3
3
3
3
3
4
17
59
134
204
239
232
186
110
45
0
0
0
0
0
0
0
1
1
1
1
2
3
4
6
7
7
7
6
5
4
5
17
59
134
204
239
232
186
110
45
0
0
0
0
0
1
1
1
1
1
3
5
8
14
19
22
23
23
21
17
12
9
19
60
134
205
239
232
186
110
45
0
0
0
0
1
1
1
1
2
3
8
16
30
46
61
69
71
70
66
55
39
25
27
63
135
205
239
232
186
110
45
0
0
0
0
1
1
1
2
4
12
28
51
80
109
132
143
146
145
140
123
97
69
54
75
139
205
239
232
186
110
45
0
0
0
0
1
1
2
5
15
38
73
113
151
181
201
211
213
212
208
194
170
137
108
110
155
210
239
232
186
110
45
0
0
0
0
1
2
5
16
43
87
137
181
212
228
235
236
236
235
234
230
220
200
174
164
186
221
242
232
186
111
45
0
0
0
0
1
4
14
42
90
148
197
227
237
234
221
209
202
200
202
209
219
224
218
213
221
237
246
233
186
111
45
0
0
0
0
3
10
35
83
145
199
231
239
226
198
164
136
122
119
123
139
166
195
216
229
240
247
249
233
186
111
45
0
0
0
0
6
23
66
131
192
230
240
223
184
135
91
61
48
45
49
64
91
127
166
203
232
247
249
233
186
111
45
0
0
0
0
11
41
101
172
223
241
229
188
129
73
36
18
11
10
12
19
33
59
98
149
201
235
247
233
186
110
45
0
0
0
0
20
63
133
200
237
239
207
147
79
33
11
4
2
2
2
3
8
19
46
97
165
220
243
233
186
110
45
0
0
0
0
30
85
160
219
242
228
179
107
46
14
4
1
1
1
1
1
2
6
22
68
143
209
240
232
186
110
45
0
0
0
0
42
106
181
230
241
214
151
77
27
7
2
1
1
1
1
1
2
4
17
60
135
205
239
232
186
110
45
0
0
0
0
52
122
195
236
238
200
130
58
17
4
2
1
1
0
1
1
2
4
16
59
134
204
239
232
186
110
45
0
0
0
0
58
131
203
239
234
190
116
47
12
3
1
1
1
0
1
1
2
4
16
59
134
204
239
232
186
110
45
0
0
0
0
60
135
206
240
232
184
109
42
10
3
1
1
1
0
1
1
2
4
16
59
134
204
239
232
186
110
45
0
0
0
0
61
136
207
240
231
182
107
41
10
2
1
1
1
0
1
1
2
4
16
59
134
204
239
232
186
110
45
0
0
0
0
61
136
207
240
231
182
106
41
10
2
1
1
0
0
1
1
2
4
16
59
134
204
239
232
186
110
45
0
0
0
0
61
135
206
240
231
183
108
42
10
2
1
1
1
0
1
1
2
4
17
59
134
204
239
232
186
110
45
0
0
0
0
59
132
204
239
233
188
114
45
11
2
1
1
1
0
1
1
2
4
17
59
134
204
239
232
186
110
45
0
0
0
0
55
126
198
237
236
196
125
53
14
3
1
1
1
1
1
1
2
4
17
60
135
204
239
232
186
110
45
0
0
0
0
48
115
189
234
240
207
141
67
21
5
2
1
1
1
1
1
2
6
21
66
140
207
240
232
186
110
45
0
0
0
0
38
100
175
227
242
220
164
91
35
11
4
2
1
1
1
2
5
12
34
86
158
217
242
233
186
110
45
0
0
0
0
28
79
154
214
241
233
192
126
63
25
9
4
3
2
3
6
13
31
68
126
189
231
246
233
186
111
45
0
0
0
0
17
58
126
194
234
241
219
170
108
58
28
14
10
10
13
23
42
75
123
177
220
243
248
233
186
111
45
0
0
0
0
10
37
93
162
216
240
237
211
165
115
74
50
41
40
48
68
100
140
180
213
235
246
248
233
185
110
45
0
0
0
0
5
19
58
119
182
224
241
236
214
180
144
119
109
108
117
139
170
196
209
214
224
237
244
232
185
110
45
0
0
0
0
2
8
28
72
131
186
222
238
238
226
208
193
186
185
191
203
214
212
194
179
191
219
236
227
182
109
44
0
0
0
0
1
3
11
33
75
127
175
208
227
234
235
231
229
228
227
222
208
179
142
124
146
186
210
204
165
99
40
0
0
0
0
1
1
3
11
31
66
108
146
177
200
214
218
218
216
207
187
155
115
79
69
95
131
152
148
119
72
29
0
0
0
0
1
1
1
3
9
24
47
74
104
131
150
157
158
154
142
117
84
52
31
29
45
65
76
74
60
36
15
0
0
0
0
1
1
1
1
2
6
14
25
42
60
73
78
79
76
68
51
31
16
9
9
15
21
24
23
19
11
5
0
0
0
0
0
0
0
0
0
0
0
0
0
0
0
0
0
0
0
0
0
0
0
0
0
0
0
0
0
0
0
0
0
0
0
0
0
0
0
0
0
0
0
0
0
0
0
0
0
0
0
0
0
0
0
0
0
0
0
0
0
0
0
0
