31
37
0
0
0
0
0
0
0
0
0
0
0
0
0
0
0
0
0
0
0
0
0
0
0
0
0
0
0
0
0
0
0
0
0
0
0
0
0
0
0
0
0
0
0
0
0
0
0
0
0
0
0
0
0
0
0
0
0
0
0
0
0
0
0
0
0
0
0
0
0
0
0
0
0
0
0
0
0
0
1
1
1
3
10
35
80
120
140
136
110
66
27
0
0
0
0
0
0
0
0
0
0
0
0
0
0
0
0
0
0
1
1
2
3
15
51
116
175
204
199
160
97
40
0
0
0
0
0
0
0
0
0
0
0
0
0
0
0
0
0
0
1
1
2
4
16
58
131
198
231
225
181
108
44
0
0
0
0
0
0
0
0
0
0
0
0
1
1
1
1
1
1
1
1
2
4
16
59
134
203
237
231
185
110
45
0
0
0
0
0
0
0
0
0
1
1
1
1
1
1
1
1
1
1
1
2
4
16
59
134
204
238
232
185
110
45
0
0
0
0
0
0
0
0
1
1
1
1
2
2
3
3
3
3
3
3
3
4
17
59
134
204
239
232
186
110
45
0
0
0
0
0
0
1
1
1
1
2
3
4
7
9
11
11
11
10
8
6
6
18
59
134
204
239
232
186
110
45
0
0
0
0
0
1
1
1
1
2
5
10
17
27
35
40
41
41
38
32
23
16
22
61
135
205
239
232
186
110
45
0
0
0
0
1
1
1
1
3
9
20
36
57
80
98
107
109
109
104
91
70
50
42
70
138
205
239
232
186
110
45
0
0
0
0
1
1
1
4
13
33
62
96
129
158
178
187
189
189
184
170
147
117
93
102
152
209
239
232
186
110
45
0
0
0
0
1
2
5
17
43
84
130
171
200
217
224
225
224
223
221
217
207
188
164
158
184
221
242
232
186
111
45
0
0
0
0
2
5
18
48
97
151
196
222
230
223
209
194
187
185
187
194
205
213
211
209
220
237
246
233
186
111
45
0
0
0
0
4
15
45
98
158
206
231
231
210
177
141
114
101
98
102
117
142
172
197
218
235
246
249
233
186
111
45
0
0
0
0
9
33
83
150
206
234
233
204
156
105
66
42
33
31
33
44
65
95
132
176
215
241
248
233
186
111
45
0
0
0
0
17
56
123
190
231
239
213
159
96
47
21
10
6
5
6
10
18
34
65
115
177
225
244
233
186
110
45
0
0
0
0
30
83
156
215
240
228
182
113
52
18
5
2
1
1
1
2
4
9
28
75
148
211
241
232
186
110
45
0
0
0
0
43
107
181
229
240
212
150
77
27
7
2
1
1
1
1
1
2
4
18
61
136
205
239
232
186
110
45
0
0
0
0
53
124
196
236
236
197
127
55
16
4
2
1
1
1
1
1
2
4
17
59
134
204
239
232
186
110
45
0
0
0
0
59
132
204
239
233
187
113
45
11
3
1
1
1
0
1
1
2
4
16
59
134
205
239
232
186
110
45
0
0
0
0
61
135
206
240
231
183
108
41
10
2
1
1
1
0
1
1
2
4
16
59
134
204
239
232
186
110
45
0
0
0
0
61
136
207
240
231
182
107
41
10
2
1
1
0
0
1
1
2
4
16
59
134
204
239
232
186
110
45
0
0
0
0
60
134
205
239
232
184
110
43
11
2
1
1
1
0
1
1
2
4
17
59
134
204
239
232
186
110
45
0
0
0
0
57
130
202
238
234
191
118
49
13
3
1
1
1
0
1
1
2
4
17
59
134
204
239
232
186
110
45
0
0
0
0
51
120
193
235
238
202
134
61
19
5
2
1
1
1
1
1
2
5
20
64
138
206
239
232
186
110
45
0
0
0
0
41
104
178
228
241
217
158
85
33
10
4
2
1
1
1
2
4
11
32
82
154
214
241
232
186
110
45
0
0
0
0
29
81
155
214
240
231
189
124
63
26
11
5
3
3
4
8
16
33
68
124
186
229
245
233
186
110
45
0
0
0
0
17
56
122
189
230
239
219
173
116
67
37
22
17
17
21
32
53
85
128
178
219
242
248
233
186
110
45
0
0
0
0
9
32
82
148
204
234
237
216
179
135
97
73
64
63
71
91
121
155
185
209
229
242
247
232
185
110
45
0
0
0
0
4
14
44
96
155
203
229
235
223
201
175
155
147
146
153
169
189
200
198
194
206
227
239
228
183
109
44
0
0
0
0
2
5
17
47
93
144
187
214
226
227
222
215
211
210
211
211
205
185
156
140
159
193
214
207
167
100
41
0
0
0
0
1
2
5
16
39
75
115
151
178
198
209
212
211
209
202
185
157
121
88
77
100
135
154
150
121
73
30
0
0
0
0
1
1
1
4
11
26
48
73
100
124
141
147
147
144
133
111
82
53
33
30
45
64
74
73
58
35
14
0
0
0
0
1
1
1
1
3
6
13
23
36
51
61
65
66
64
57
43
27
15
8
8
13
19
22
21
17
10
4
0
0
0
0
0
0
0
0
0
0
0
0
0
0
0
0
0
0
0
0
0
0
0
0
0
0
0
0
0
0
0
0
0
0
0
0
0
0
0
0
0
0
0
0
0
0
0
0
0
0
0
0
0
0
0
0
0
0
0
0
0
0
0
0
