31
48
0
0
0
0
0
0
0
0
0
0
0
0
0
0
0
0
0
0
0
0
0
0
0
0
0
0
0
0
0
0
0
0
0
0
0
0
0
0
0
0
0
0
0
0
0
0
0
0
0
0
0
0
0
0
0
0
0
0
0
0
0
0
0
0
0
0
0
0
0
0
0
0
0
0
0
0
0
0
1
1
1
2
8
26
59
89
103
100
81
49
20
0
0
0
0
0
0
0
0
0
0
0
0
0
0
0
0
0
0
1
1
1
3
13
44
98
148
173
168
136
82
34
0
0
0
0
0
0
0
0
0
0
0
0
0
0
0
0
0
0
1
1
2
4
16
55
124
187
218
213
172
103
42
0
0
0
0
0
0
0
0
0
0
0
0
0
0
0
0
0
0
1
1
2
4
16
58
132
201
234
228
183
109
45
0
0
0
0
0
0
0
0
0
0
0
0
0
0
0
0
0
0
1
1
2
4
16
59
133
203
237
230
184
110
44
0
0
0
0
0
0
0
0
0
0
0
0
0
0
0
0
0
0
1
1
2
4
16
59
134
204
238
231
185
110
45
0
0
0
0
0
0
0
0
0
0
1
1
1
1
1
1
1
1
1
1
2
4
16
59
134
204
239
232
186
110
45
0
0
0
0
0
0
0
0
1
1
1
1
1
1
2
2
2
2
2
2
2
4
17
59
134
204
239
232
186
110
45
0
0
0
0
0
0
0
0
1
1
1
1
2
3
4
4
4
4
4
4
3
5
17
59
134
204
239
232
186
110
45
0
0
0
0
0
0
1
1
1
1
2
3
4
6
8
9
9
9
8
7
6
6
18
59
134
205
239
232
186
110
45
0
0
0
0
0
1
1
1
1
2
3
6
10
17
24
27
28
28
26
21
14
10
19
60
134
205
239
232
186
110
45
0
0
0
0
1
1
1
1
2
4
8
17
32
51
68
77
79
78
74
61
43
27
27
62
135
205
239
232
186
110
45
0
0
0
0
1
1
1
2
4
11
26
50
81
113
137
149
152
151
145
128
100
69
52
74
138
205
239
232
186
110
45
0
0
0
0
1
1
1
4
12
33
67
108
148
181
202
212
215
214
209
195
169
133
102
104
151
208
239
232
186
110
45
0
0
0
0
1
1
3
11
34
75
127
174
208
228
237
240
240
240
238
232
219
195
166
154
179
218
241
232
186
111
45
0
0
0
0
1
2
9
31
73
131
185
221
238
240
234
226
221
220
221
225
230
227
214
204
213
233
244
233
186
111
45
0
0
0
0
2
7
24
64
124
184
224
241
238
220
193
169
157
154
158
172
195
217
228
232
238
246
248
233
186
111
45
0
0
0
0
4
15
49
107
172
220
241
236
211
170
126
93
77
73
79
97
129
166
200
226
242
250
250
233
186
111
45
0
0
0
0
7
29
80
149
208
238
239
213
163
107
62
35
24
22
25
37
61
96
140
187
224
245
249
233
186
111
45
0
0
0
0
13
47
111
182
229
243
225
178
112
56
23
9
5
4
5
9
20
40
77
132
191
231
246
233
186
110
45
0
0
0
0
21
66
139
205
239
238
203
139
71
26
8
3
1
1
1
2
5
13
37
87
158
217
242
233
186
110
45
0
0
0
0
31
86
162
220
242
227
177
105
43
12
3
1
1
1
1
1
2
5
20
65
140
207
240
232
186
110
45
0
0
0
0
42
105
181
230
241
214
152
77
26
7
2
1
1
1
1
1
2
4
17
59
135
204
239
232
186
110
45
0
0
0
0
51
120
194
236
238
202
132
59
17
4
2
1
1
0
1
1
2
4
17
59
134
204
239
232
186
110
45
0
0
0
0
57
129
201
238
235
192
119
49
13
3
1
1
1
0
1
1
2
4
17
59
134
204
239
232
186
110
45
0
0
0
0
60
134
205
239
232
185
110
43
11
3
1
1
1
0
1
1
2
4
16
59
134
204
239
232
186
110
45
0
0
0
0
61
136
206
240
231
182
107
41
10
2
1
1
1
0
1
1
2
4
16
59
134
204
239
232
186
110
45
0
0
0
0
61
136
207
240
231
182
106
40
10
2
1
1
0
0
1
1
2
4
16
59
134
204
239
232
186
110
45
0
0
0
0
61
136
207
240
231
182
106
41
10
2
1
1
0
0
1
1
2
4
16
59
134
204
239
232
186
110
45
0
0
0
0
60
135
206
240
231
183
108
42
10
2
1
1
1
0
1
1
2
4
17
59
134
204
239
232
186
110
45
0
0
0
0
59
132
204
239
233
188
114
46
11
2
1
1
1
0
1
1
2
4
17
59
134
204
239
232
186
110
45
0
0
0
0
55
127
199
238
236
196
124
52
14
3
1
1
1
0
1
1
2
4
17
59
134
204
239
232
186
110
45
0
0
0
0
50
118
192
235
239
205
137
63
19
5
2
1
1
1
1
1
2
5
19
62
137
206
239
232
186
110
45
0
0
0
0
42
105
180
230
242
217
156
82
29
8
3
2
1
1
1
2
3
8
27
76
150
213
241
232
186
110
45
0
0
0
0
32
88
163
221
242
229
181
110
48
16
5
3
2
2
2
3
7
18
49
106
175
225
244
233
186
110
45
0
0
0
0
22
69
141
207
239
239
207
147
81
35
13
6
4
4
5
10
21
46
91
151
207
239
248
233
186
110
45
0
0
0
0
14
49
114
185
230
243
229
188
129
74
38
20
13
13
18
32
58
97
147
196
231
247
249
233
186
110
45
0
0
0
0
8
31
83
152
210
239
241
222
182
133
89
61
50
50
59
83
119
160
196
222
237
246
248
232
185
110
45
0
0
0
0
4
16
51
111
176
222
242
241
223
192
158
133
122
121
131
153
183
207
215
215
222
235
244
232
185
110
45
0
0
0
0
2
7
26
68
128
186
224
241
242
231
215
201
194
194
200
211
221
217
196
179
190
218
237
228
183
110
45
0
0
0
0
1
3
10
33
76
131
181
215
233
240
240
237
235
234
233
229
215
185
147
127
150
191
216
211
170
102
42
0
0
0
0
1
1
3
12
34
72
118
160
191
213
226
230
230
228
220
201
169
126
87
76
104
144
167
163
131
79
32
0
0
0
0
1
1
1
4
11
29
58
91
124
154
174
181
182
178
166
139
102
65
39
36
56
81
94
92
74
44
18
0
0
0
0
1
1
1
1
3
9
20
36
59
83
100
107
108
105
93
71
45
24
12
12
21
30
35
34
27
16
7
0
0
0
0
0
0
0
0
0
0
0
0
0
0
0
0
0
0
0
0
0
0
0
0
0
0
0
0
0
0
0
0
0
0
0
0
0
0
0
0
0
0
0
0
0
0
0
0
0
0
0
0
0
0
0
0
0
0
0
0
0
0
0
0
