27
43
0
0
0
0
0
0
0
0
0
0
0
0
0
0
0
0
0
0
0
0
0
0
0
0
0
0
0
0
0
0
0
0
0
0
0
0
0
0
0
0
0
0
0
0
0
0
0
0
0
0
0
0
0
0
0
0
0
0
0
0
0
0
0
0
0
0
0
0
1
1
2
12
44
95
136
145
119
69
26
0
0
0
0
0
0
0
0
0
0
0
0
0
0
0
0
1
1
3
17
60
132
188
201
165
96
35
0
0
0
0
0
0
0
0
0
0
0
0
0
0
0
0
1
1
3
18
67
146
210
224
183
106
39
0
0
0
0
0
0
0
0
0
0
0
0
0
0
0
0
1
1
3
19
68
149
215
228
187
107
40
0
0
0
0
0
0
0
0
0
0
1
1
1
1
1
1
1
1
4
19
68
150
216
230
187
108
40
0
0
0
0
0
0
0
0
0
1
1
1
1
1
1
1
1
2
4
19
68
150
216
230
187
108
40
0
0
0
0
0
0
0
1
1
1
1
1
2
3
3
3
3
3
4
19
68
150
216
230
187
108
40
0
0
0
0
0
0
1
1
1
1
2
3
5
6
7
7
6
5
6
20
68
150
216
230
187
108
40
0
0
0
0
0
1
1
1
1
2
5
10
16
21
23
23
20
15
11
22
69
150
216
230
187
108
40
0
0
0
0
1
1
1
1
3
7
17
33
52
65
70
70
63
48
31
31
72
151
216
230
187
108
40
0
0
0
0
1
1
1
3
9
25
51
85
117
137
145
144
135
112
80
62
86
155
217
230
187
108
40
0
0
0
0
1
1
3
9
29
65
111
155
188
206
212
212
204
183
150
118
120
169
220
230
187
108
40
0
0
0
0
1
2
7
27
68
125
177
213
230
236
236
235
233
225
207
181
171
196
228
232
188
108
40
0
0
0
0
1
5
21
60
122
183
222
235
229
214
204
201
204
213
221
219
216
226
240
234
188
108
40
0
0
0
0
3
13
45
106
174
221
234
219
185
149
127
121
128
151
183
211
229
241
247
235
188
108
40
0
0
0
0
6
27
78
151
211
234
219
174
119
75
52
47
54
76
114
159
202
234
246
235
188
108
40
0
0
0
0
11
45
112
187
230
228
186
120
61
27
14
11
14
26
51
93
151
207
238
234
188
108
40
0
0
0
0
18
65
141
209
234
211
147
74
27
8
3
2
3
6
16
45
103
176
227
232
187
108
40
0
0
0
0
28
85
165
222
230
187
112
45
12
3
1
1
1
2
5
24
76
157
219
230
187
108
40
0
0
0
0
37
104
183
229
222
164
84
28
6
2
1
1
1
1
4
19
69
151
216
230
187
108
40
0
0
0
0
45
118
195
232
213
146
66
18
4
1
1
1
1
1
4
19
68
150
216
230
187
108
40
0
0
0
0
50
126
202
232
206
134
56
14
3
1
1
0
1
1
4
19
68
150
216
230
187
108
40
0
0
0
0
52
129
204
232
202
128
51
13
2
1
1
0
1
1
4
19
68
150
216
230
187
108
40
0
0
0
0
53
130
205
232
201
125
50
12
2
1
1
0
1
1
4
19
68
150
216
230
187
108
40
0
0
0
0
53
130
205
232
201
125
50
12
2
1
1
0
1
1
4
19
68
150
216
230
187
108
40
0
0
0
0
52
130
205
232
202
127
51
12
2
1
1
0
1
1
4
19
68
150
216
230
187
108
40
0
0
0
0
51
127
203
232
205
132
55
14
3
1
1
0
1
1
4
19
68
150
216
230
187
108
40
0
0
0
0
48
121
198
232
211
142
62
17
3
1
1
1
1
1
4
19
69
150
216
230
187
108
40
0
0
0
0
42
112
191
231
218
156
75
23
5
2
1
1
1
2
5
22
74
155
218
230
187
108
40
0
0
0
0
34
98
178
228
226
175
97
36
9
3
2
1
2
3
10
35
92
170
225
232
187
108
40
0
0
0
0
25
80
159
219
233
198
129
60
21
7
3
3
4
9
26
65
129
196
235
234
188
108
40
0
0
0
0
17
60
135
204
235
220
169
101
48
21
11
10
16
31
64
115
176
223
244
235
188
108
40
0
0
0
0
10
40
104
178
226
235
208
156
100
61
44
42
53
82
125
172
211
236
246
235
187
108
40
0
0
0
0
5
23
69
140
203
234
233
207
167
131
112
110
123
152
184
206
215
227
239
233
187
108
40
0
0
0
0
2
10
38
93
160
211
234
234
219
200
188
187
194
207
211
197
185
200
225
226
184
106
39
0
0
0
0
1
4
16
49
104
162
204
226
234
233
230
228
225
215
189
151
133
158
195
203
166
96
36
0
0
0
0
1
1
5
19
51
97
143
180
204
215
217
214
201
173
130
89
77
104
138
147
120
70
26
0
0
0
0
1
1
2
6
18
42
74
108
137
153
157
152
135
103
65
37
33
50
69
73
60
35
13
0
0
0
0
1
1
1
2
5
12
26
45
64
76
78
75
63
43
23
11
10
16
22
23
19
11
4
0
0
0
0
0
0
0
0
0
0
0
0
0
0
0
0
0
0
0
0
0
0
0
0
0
0
0
0
0
0
0
0
0
0
0
0
0
0
0
0
0
0
0
0
0
0
0
0
0
0
0
0
0
0
0
0
