24
36
0
0
0
0
0
0
0
0
0
0
0
0
0
0
0
0
0
0
0
0
0
0
0
0
0
0
0
0
0
0
0
0
0
0
0
0
0
0
0
0
0
0
0
0
0
0
0
0
0
0
0
0
0
0
0
0
0
0
0
1
1
2
8
32
80
123
130
98
47
14
0
0
0
0
0
0
0
0
0
0
0
0
0
1
1
2
11
47
116
180
191
143
69
20
0
0
0
0
0
0
0
0
0
0
0
0
0
1
1
2
12
52
131
202
215
160
77
22
0
0
0
0
0
0
0
0
0
0
0
0
0
1
1
2
12
53
133
206
219
163
78
22
0
0
0
0
0
0
0
0
1
1
1
1
1
1
2
3
12
53
133
207
219
163
78
22
0
0
0
0
0
0
1
1
1
1
2
2
3
3
3
4
13
53
133
207
220
163
78
22
0
0
0
0
0
1
1
1
2
3
6
8
9
9
8
7
15
53
133
207
220
163
78
22
0
0
0
0
1
1
1
2
5
12
23
33
38
38
33
24
23
56
134
207
220
163
78
22
0
0
0
0
1
1
2
7
21
45
73
96
106
106
96
73
53
70
138
207
220
163
78
22
0
0
0
0
1
2
8
27
63
109
151
178
189
189
178
151
116
109
154
211
220
163
78
22
0
0
0
0
2
6
26
70
129
181
213
226
228
227
223
210
185
169
188
222
221
163
78
22
0
0
0
0
4
20
63
128
190
223
225
209
194
189
194
206
213
214
223
237
224
164
78
23
0
0
0
0
12
46
112
183
223
220
183
139
109
100
110
139
177
210
234
244
226
164
78
23
0
0
0
0
25
79
158
216
223
182
118
65
37
30
38
62
104
158
210
238
225
164
78
23
0
0
0
0
41
112
191
227
202
134
64
23
8
5
7
17
44
98
171
224
223
164
78
23
0
0
0
0
59
139
210
223
173
93
33
8
2
1
2
4
18
64
144
212
221
163
78
22
0
0
0
0
76
160
219
213
146
65
18
4
1
1
1
2
13
54
134
207
220
163
78
22
0
0
0
0
88
174
223
203
127
50
12
2
1
1
1
2
12
53
133
207
220
163
78
22
0
0
0
0
95
180
224
196
116
42
9
2
1
1
1
2
12
53
133
207
220
163
78
22
0
0
0
0
97
182
224
193
112
40
9
2
1
1
1
2
12
53
133
207
220
163
78
22
0
0
0
0
97
183
224
193
111
40
9
2
1
1
1
2
12
53
133
207
220
163
78
22
0
0
0
0
96
182
224
194
113
41
9
2
1
1
1
2
12
53
133
207
220
163
78
22
0
0
0
0
93
179
224
199
120
45
10
2
1
1
1
2
13
53
133
207
220
163
78
22
0
0
0
0
86
171
223
206
132
53
13
3
1
1
1
3
14
55
136
208
220
163
78
22
0
0
0
0
74
158
219
216
152
71
21
5
2
2
2
5
21
69
149
215
221
163
78
22
0
0
0
0
58
138
209
225
180
103
41
12
4
4
6
16
46
105
179
228
224
164
78
23
0
0
0
0
41
111
189
228
210
149
82
38
19
17
26
51
97
157
212
239
225
163
78
23
0
0
0
0
24
78
156
216
229
199
145
96
69
65
81
117
161
199
228
241
225
163
78
22
0
0
0
0
11
45
109
180
223
228
206
174
154
150
163
185
197
199
210
228
220
162
78
22
0
0
0
0
4
19
60
123
182
217
228
223
217
215
214
205
178
154
165
197
199
149
72
21
0
0
0
0
1
6
23
62
113
161
194
210
214
211
195
161
116
88
104
138
144
108
52
15
0
0
0
0
1
2
6
21
48
83
117
139
147
142
122
87
51
34
45
64
68
51
24
7
0
0
0
0
0
0
0
0
0
0
0
0
0
0
0
0
0
0
0
0
0
0
0
0
0
0
0
0
0
0
0
0
0
0
0
0
0
0
0
0
0
0
0
0
0
0
0
0
0
0
