29
38
0
0
0
0
0
0
0
0
0
0
0
0
0
0
0
0
0
0
0
0
0
0
0
0
0
0
0
0
0
0
0
0
0
0
0
0
0
0
0
0
0
0
0
0
0
0
0
0
0
0
0
0
0
0
0
0
0
0
0
0
1
1
1
1
3
7
15
27
43
57
63
64
64
64
60
49
34
20
11
5
2
1
1
1
1
0
0
0
0
1
1
2
5
15
33
58
86
115
138
147
149
149
149
143
126
99
72
48
26
11
4
1
1
1
0
0
0
0
1
2
7
22
52
94
135
168
194
209
214
215
215
215
212
201
181
154
120
79
42
16
5
1
1
0
0
0
0
2
7
25
64
117
169
204
220
223
219
215
214
214
214
217
221
223
216
194
153
101
50
18
5
1
0
0
0
0
5
21
62
124
183
218
226
211
186
161
148
145
145
146
154
174
200
221
227
211
168
106
48
14
3
0
0
0
0
13
47
112
180
221
223
194
150
107
77
62
59
59
60
69
92
129
172
211
230
214
162
91
33
8
0
0
0
0
25
79
157
216
227
192
132
77
41
22
15
14
13
14
18
31
57
102
162
213
230
201
133
59
16
0
0
0
0
38
107
188
230
215
152
78
30
11
5
3
2
2
2
3
7
18
48
107
178
222
217
161
82
26
0
0
0
0
48
124
203
233
202
125
50
13
4
2
1
1
1
1
1
2
5
21
65
133
188
199
160
89
31
0
0
0
0
52
130
207
234
199
120
46
12
3
2
1
1
1
1
1
1
2
9
34
80
122
135
113
66
24
0
0
0
0
49
126
205
235
209
139
66
24
8
3
2
1
1
1
1
1
1
3
13
32
52
58
49
29
11
0
0
0
0
42
113
194
235
227
179
117
67
36
20
13
7
4
2
2
1
1
2
3
8
13
14
12
7
3
0
0
0
0
29
88
168
224
239
222
184
141
102
76
56
37
23
17
13
8
5
3
2
2
3
3
2
1
1
0
0
0
0
16
56
125
193
232
242
232
211
186
163
139
108
85
72
58
40
27
18
10
5
3
2
1
1
1
0
0
0
0
6
27
74
139
195
228
241
242
236
227
213
192
176
163
143
114
89
67
44
25
12
5
2
1
1
0
0
0
0
2
9
32
76
130
177
209
228
239
244
244
239
234
229
216
197
176
149
115
80
47
22
8
2
1
0
0
0
0
1
2
9
28
60
99
138
171
196
214
229
238
241
244
245
241
233
218
193
158
114
67
29
9
2
0
0
0
0
1
1
2
6
17
36
60
88
115
142
169
187
198
212
228
238
244
244
238
220
185
133
73
28
7
0
0
0
0
1
1
1
2
3
8
16
28
43
62
84
101
115
137
165
188
209
228
241
243
230
193
129
62
19
0
0
0
0
1
1
1
1
1
2
3
6
10
16
26
33
41
57
79
103
133
170
206
233
243
228
177
100
36
0
0
0
0
4
7
7
6
4
2
1
1
2
3
5
6
9
14
22
34
55
90
139
193
231
238
204
129
52
0
0
0
0
23
35
38
32
18
7
2
1
1
1
1
2
2
2
4
7
14
33
74
139
204
235
215
145
62
0
0
0
0
62
97
108
91
54
20
5
1
1
1
1
1
1
1
1
1
3
9
35
95
174
225
218
151
66
0
0
0
0
101
162
185
161
100
40
10
2
1
1
1
1
1
1
1
1
1
4
20
72
155
217
217
152
67
0
0
0
0
109
186
222
204
138
63
18
4
2
1
1
1
1
1
1
1
1
4
19
69
152
216
216
150
66
0
0
0
0
96
177
227
225
173
98
39
12
4
2
1
1
1
1
1
1
3
8
30
87
167
221
212
143
60
0
0
0
0
72
150
214
234
208
148
82
38
16
8
4
2
2
2
3
5
10
26
64
128
196
226
199
124
49
0
0
0
0
44
109
182
227
231
200
147
94
58
34
20
15
13
14
16
24
42
74
123
181
221
219
169
93
32
0
0
0
0
21
65
133
196
230
231
207
170
133
98
73
61
59
59
64
80
110
149
190
220
223
188
122
55
16
0
0
0
0
8
30
78
140
194
224
231
223
204
180
158
147
145
145
150
164
189
212
226
221
189
132
69
25
6
0
0
0
0
2
10
32
75
126
172
204
221
227
225
219
215
214
214
216
220
225
222
208
175
125
70
28
8
2
0
0
0
0
1
3
9
26
57
94
131
161
186
204
213
215
215
215
214
209
194
170
139
100
58
25
8
2
1
0
0
0
0
1
1
2
6
16
33
55
78
104
130
145
149
149
149
147
137
115
87
61
37
17
6
2
1
1
0
0
0
0
1
1
1
1
3
7
13
23
36
52
61
64
64
64
63
56
43
27
16
8
4
1
1
1
1
0
0
0
0
0
0
0
0
0
0
0
0
0
0
0
0
0
0
0
0
0
0
0
0
0
0
0
0
0
0
0
0
0
0
0
0
0
0
0
0
0
0
0
0
0
0
0
0
0
0
0
0
0
0
0
0
0
0
0
0
