33
44
0
0
0
0
0
0
0
0
0
0
0
0
0
0
0
0
0
0
0
0
0
0
0
0
0
0
0
0
0
0
0
0
0
0
0
0
0
0
0
0
0
0
0
0
0
0
0
0
0
0
0
0
0
0
0
0
0
0
0
0
0
0
0
0
0
0
0
0
1
1
1
1
2
5
10
18
30
47
65
75
79
80
80
80
78
71
56
39
25
15
8
4
2
1
1
1
1
0
0
0
0
1
1
1
3
8
19
37
60
86
113
138
153
158
158
158
158
156
147
126
100
76
53
32
16
7
2
1
1
1
0
0
0
0
1
1
3
11
28
57
93
130
161
187
205
215
218
218
218
218
217
211
196
175
151
120
84
50
24
9
3
1
1
0
0
0
0
1
3
11
33
71
118
163
197
217
228
231
230
229
228
228
228
229
230
229
224
212
190
154
109
63
28
10
3
1
0
0
0
0
3
10
32
75
130
181
215
231
231
220
203
190
185
183
183
184
187
196
211
226
233
230
210
173
121
67
28
9
3
0
0
0
0
7
26
68
128
185
222
233
224
199
168
137
116
107
105
105
106
110
124
150
182
210
230
235
218
177
118
60
21
6
0
0
0
0
16
50
110
176
221
234
218
182
137
96
65
46
40
38
38
39
42
54
78
112
154
197
228
236
216
166
99
41
12
0
0
0
0
28
78
149
209
235
223
181
123
73
40
21
12
9
9
9
9
10
16
28
51
90
146
200
232
233
200
135
66
22
0
0
0
0
40
102
177
227
235
203
140
74
31
13
6
3
2
2
2
2
3
4
8
18
44
95
161
213
234
217
163
89
33
0
0
0
0
51
119
193
234
231
184
111
47
14
5
2
2
1
1
1
1
1
2
3
7
20
58
121
182
216
213
171
102
42
0
0
0
0
56
128
200
237
228
176
99
37
10
3
2
1
1
1
1
1
1
1
2
3
10
33
81
134
169
172
143
89
38
0
0
0
0
56
128
200
237
230
180
105
43
13
4
2
1
1
1
1
1
1
1
1
1
4
16
43
75
98
102
86
55
24
0
0
0
0
52
122
196
237
236
197
131
67
29
12
6
3
2
2
1
1
1
1
1
1
2
6
16
28
38
39
33
21
9
0
0
0
0
44
109
184
232
242
220
174
118
72
41
24
15
10
6
3
2
2
2
1
1
1
2
4
7
9
9
8
5
2
0
0
0
0
32
87
160
217
242
239
217
181
140
102
74
57
42
26
15
11
9
7
4
3
2
2
2
2
3
3
2
1
1
0
0
0
0
19
58
124
189
230
245
242
227
205
178
154
134
109
80
60
50
43
32
20
13
9
5
4
3
2
2
2
1
1
0
0
0
0
9
32
80
144
199
231
245
246
240
230
219
206
185
159
140
129
115
92
67
50
36
23
13
7
4
2
1
1
1
0
0
0
0
4
14
42
90
146
193
223
238
245
247
246
243
234
222
213
206
192
169
144
122
98
71
47
27
14
6
3
1
1
0
0
0
0
2
5
16
43
83
129
170
200
221
234
242
246
248
248
246
244
238
227
213
197
174
144
110
76
45
22
8
3
1
0
0
0
0
1
2
5
14
34
63
98
132
164
188
206
221
235
242
244
247
249
249
246
240
228
209
182
145
102
59
27
9
3
0
0
0
0
1
1
1
4
10
21
39
62
89
114
137
162
186
200
208
218
231
242
247
249
248
243
230
206
168
117
64
26
8
0
0
0
0
1
1
1
1
2
5
10
19
33
47
64
87
110
124
135
153
179
200
215
229
241
247
247
239
217
174
114
56
19
0
0
0
0
1
1
1
1
1
2
3
5
8
13
20
31
44
52
61
77
102
125
148
175
203
226
241
247
241
215
162
93
38
0
0
0
0
1
2
2
2
1
1
1
2
2
3
5
8
11
14
17
25
38
53
72
100
136
175
212
237
246
235
195
126
57
0
0
0
0
6
8
9
8
6
3
1
1
1
1
2
2
3
3
4
6
9
14
22
38
66
108
161
210
238
241
213
148
73
0
0
0
0
25
35
39
35
25
13
4
1
1
1
1
1
1
1
1
2
2
3
5
10
23
53
107
172
222
240
220
160
82
0
0
0
0
64
92
103
94
69
36
12
3
1
1
1
1
1
1
1
1
1
1
2
3
7
24
68
136
202
235
223
165
86
0
0
0
0
105
155
176
165
123
67
24
6
2
1
1
1
0
1
1
1
1
1
1
1
3
13
47
113
187
230
223
166
87
0
0
0
0
123
188
220
211
165
96
38
10
3
2
1
1
1
1
0
0
1
1
1
1
3
10
40
104
180
227
222
166
87
0
0
0
0
117
189
230
231
192
125
58
19
6
3
2
1
1
1
1
1
1
1
1
2
3
12
45
110
184
228
220
162
84
0
0
0
0
100
174
225
238
215
160
92
40
15
6
3
2
1
1
1
1
1
1
2
3
8
24
65
133
199
232
215
153
77
0
0
0
0
76
147
208
237
233
197
140
81
40
19
10
5
3
2
2
2
2
3
5
10
22
52
105
169
218
232
202
135
63
0
0
0
0
49
110
178
224
240
227
191
139
90
56
34
20
12
9
9
9
9
12
20
35
61
104
159
207
232
222
176
105
44
0
0
0
0
26
71
135
195
230
240
227
197
158
122
90
64
46
39
38
38
40
46
64
92
127
168
207
231
228
195
135
69
25
0
0
0
0
11
37
86
147
199
229
239
232
214
191
164
136
115
107
105
106
107
116
136
165
194
218
233
229
200
148
86
37
11
0
0
0
0
4
15
43
90
144
190
219
233
236
231
219
203
190
185
183
183
185
190
204
220
231
234
224
196
148
92
44
15
4
0
0
0
0
2
5
16
41
80
125
165
195
215
226
232
233
230
229
228
228
229
230
231
230
222
206
177
135
87
43
16
5
2
0
0
0
0
1
1
4
13
32
59
93
126
154
177
197
212
217
218
218
218
218
216
207
191
168
141
107
70
37
15
5
2
1
0
0
0
0
1
1
1
4
9
19
36
56
78
101
126
147
156
158
159
159
158
154
141
118
92
68
45
25
11
4
2
1
1
0
0
0
0
1
1
1
1
2
5
9
17
26
39
56
71
78
80
80
80
79
76
67
50
34
21
13
6
3
2
1
1
1
0
0
0
0
0
0
0
0
0
0
0
0
0
0
0
0
0
0
0
0
0
0
0
0
0
0
0
0
0
0
0
0
0
0
0
0
0
0
0
0
0
0
0
0
0
0
0
0
0
0
0
0
0
0
0
0
0
0
0
0
0
0
0
0
0
0
0
0
