33
38
0
0
0
0
0
0
0
0
0
0
0
0
0
0
0
0
0
0
0
0
0
0
0
0
0
0
0
0
0
0
0
0
0
0
0
0
0
0
0
0
0
0
0
0
0
0
0
0
0
0
0
0
0
0
0
0
0
0
0
0
0
0
0
0
0
0
0
0
1
1
1
1
2
5
9
17
27
41
54
63
66
66
66
66
65
59
47
34
23
14
8
4
2
1
1
1
1
0
0
0
0
1
1
2
4
10
21
39
61
84
108
130
143
148
148
148
148
146
138
120
96
75
54
34
18
8
3
1
1
1
0
0
0
0
1
2
5
15
36
67
102
136
164
186
201
209
211
211
211
211
211
206
194
176
155
127
94
60
32
13
4
2
1
0
0
0
0
2
6
19
47
90
136
177
204
217
220
217
213
211
210
210
210
212
215
219
220
214
198
169
128
82
42
16
5
2
0
0
0
0
5
19
51
101
156
199
222
224
212
191
169
152
145
144
144
144
148
159
179
201
219
226
219
193
148
93
45
16
5
0
0
0
0
13
43
97
160
208
228
220
192
155
119
88
70
62
61
61
62
65
77
101
134
170
204
227
228
202
151
87
36
11
0
0
0
0
26
74
143
203
231
223
184
130
83
50
30
20
16
15
15
15
17
24
38
62
99
151
200
230
229
194
130
64
21
0
0
0
0
41
102
177
226
234
201
139
75
34
15
7
4
3
2
2
2
3
5
10
21
46
94
156
208
229
213
160
89
34
0
0
0
0
52
121
194
235
231
183
109
46
14
5
3
2
1
1
1
1
1
2
3
6
18
52
109
166
199
197
159
96
40
0
0
0
0
56
127
200
237
229
179
104
41
12
4
2
1
1
1
1
1
1
1
1
2
7
25
62
105
133
136
114
71
31
0
0
0
0
53
123
197
236
234
192
125
63
27
12
6
3
2
2
1
1
1
1
1
1
3
10
25
45
59
61
52
33
14
0
0
0
0
45
109
183
231
240
217
169
115
72
44
27
19
13
8
4
3
3
2
2
1
2
3
7
12
16
16
14
9
4
0
0
0
0
31
83
155
212
239
237
216
182
146
112
86
70
54
37
25
21
17
13
8
5
4
3
3
3
3
3
3
2
1
0
0
0
0
17
51
110
174
218
238
240
230
212
190
171
154
132
105
86
77
68
53
38
27
20
13
8
5
3
2
1
1
1
0
0
0
0
7
24
62
117
171
210
231
240
240
235
229
221
207
188
174
166
153
130
106
87
69
50
33
19
10
5
2
1
1
0
0
0
0
2
8
25
58
103
147
184
208
225
235
240
242
241
236
232
228
221
206
189
172
150
122
92
64
38
19
8
3
1
0
0
0
0
1
2
7
20
43
74
107
139
166
188
204
218
230
236
238
241
243
242
237
230
217
197
171
137
98
59
28
10
3
0
0
0
0
1
1
2
5
12
24
41
62
86
109
129
153
175
187
195
205
220
232
238
242
243
238
227
205
170
122
71
31
10
0
0
0
0
1
1
1
1
3
5
10
18
29
41
54
72
91
104
113
130
154
175
192
209
226
238
243
239
221
184
128
67
25
0
0
0
0
1
1
2
2
2
2
2
3
6
10
14
22
30
36
42
54
72
90
110
137
168
199
225
241
242
223
177
109
47
0
0
0
0
6
8
9
8
6
3
2
1
1
2
3
5
6
8
10
14
20
29
40
60
89
129
176
217
240
239
206
141
68
0
0
0
0
26
38
42
38
27
14
5
1
1
1
1
1
2
2
2
3
4
6
9
16
32
63
115
176
223
239
219
158
80
0
0
0
0
68
99
111
103
76
40
14
3
1
1
1
1
1
1
1
1
1
1
2
3
9
26
69
136
201
234
222
164
86
0
0
0
0
108
162
186
176
134
75
28
7
2
1
1
1
1
1
1
1
1
1
1
1
3
13
47
112
186
229
222
166
87
0
0
0
0
118
186
223
219
178
111
49
15
5
2
1
1
1
1
1
1
1
1
1
2
3
12
44
109
183
228
221
164
85
0
0
0
0
104
177
225
235
207
149
83
36
13
6
3
2
1
1
1
1
1
1
2
3
7
22
61
127
195
230
216
155
78
0
0
0
0
78
148
208
235
229
192
135
80
41
21
12
7
4
3
2
2
3
4
7
13
25
54
104
166
215
231
201
135
64
0
0
0
0
48
106
172
219
236
225
192
145
100
67
45
29
19
16
15
15
16
20
29
46
72
112
162
207
228
217
169
101
42
0
0
0
0
23
61
120
179
218
234
228
205
174
143
113
87
69
62
61
61
63
70
88
115
147
181
212
227
217
179
119
60
22
0
0
0
0
8
27
66
119
170
207
226
230
222
208
189
168
152
145
144
144
145
152
168
190
210
223
225
209
173
120
66
27
8
0
0
0
0
3
9
26
58
101
144
179
203
217
223
223
219
213
211
210
210
211
213
218
222
220
210
188
152
106
60
26
9
3
0
0
0
0
1
2
7
19
41
70
102
133
157
177
195
207
211
212
211
211
211
210
203
189
169
146
115
79
45
21
7
2
1
0
0
0
0
1
1
2
4
11
22
38
57
77
97
120
138
146
148
148
148
148
144
133
112
89
67
47
27
13
5
2
1
1
0
0
0
0
1
1
1
1
2
5
9
15
23
34
48
59
65
66
66
66
66
64
56
43
30
19
12
6
3
1
1
1
1
0
0
0
0
0
0
0
0
0
0
0
0
0
0
0
0
0
0
0
0
0
0
0
0
0
0
0
0
0
0
0
0
0
0
0
0
0
0
0
0
0
0
0
0
0
0
0
0
0
0
0
0
0
0
0
0
0
0
0
0
0
0
0
0
0
0
0
0
