33
48
0
0
0
0
0
0
0
0
0
0
0
0
0
0
0
0
0
0
0
0
0
0
0
0
0
0
0
0
0
0
0
0
0
0
0
0
0
0
0
0
0
0
0
0
0
0
0
0
0
0
0
0
0
0
0
0
0
0
0
0
0
0
0
0
0
0
0
0
1
1
1
2
3
6
14
27
44
67
89
103
108
109
109
109
106
97
78
55
36
22
12
5
2
1
1
1
1
0
0
0
0
1
1
2
4
10
23
46
75
105
135
162
177
182
183
183
183
180
170
149
121
93
66
40
20
8
3
1
1
1
0
0
0
0
1
1
4
11
30
63
103
143
176
201
219
227
230
230
230
230
229
224
210
190
165
133
93
55
26
10
3
1
1
0
0
0
0
1
3
11
32
71
122
169
204
225
234
237
235
234
234
234
234
235
236
236
231
219
196
160
112
64
28
9
3
1
0
0
0
0
2
9
29
70
126
180
218
235
236
227
212
199
193
192
192
192
195
204
219
232
238
233
212
172
117
63
25
7
2
0
0
0
0
6
21
60
119
179
220
237
232
211
182
151
129
120
118
118
119
123
138
165
195
221
236
236
215
171
110
53
18
5
0
0
0
0
12
42
98
166
216
236
228
199
157
115
79
57
49
47
47
48
52
66
94
132
173
211
235
236
210
156
88
35
10
0
0
0
0
22
67
136
200
233
231
198
146
93
54
30
17
13
12
12
12
14
22
39
69
113
167
214
237
231
191
123
56
17
0
0
0
0
34
91
166
221
237
214
159
94
45
19
9
5
3
3
3
3
4
6
12
28
61
118
181
225
237
212
152
78
27
0
0
0
0
45
111
186
232
234
194
125
58
20
7
3
2
2
1
1
1
2
3
4
10
30
77
145
204
232
221
172
98
38
0
0
0
0
53
124
197
236
230
180
104
41
11
4
2
1
1
1
1
1
1
1
2
5
15
49
110
173
210
210
172
105
44
0
0
0
0
57
129
201
237
228
174
97
36
10
3
2
1
1
1
1
1
1
1
1
2
8
29
74
126
161
165
139
87
38
0
0
0
0
57
128
200
237
229
179
104
41
12
4
2
1
1
1
1
1
1
1
1
1
4
15
40
71
93
97
82
52
23
0
0
0
0
53
123
197
237
235
194
127
62
24
9
4
2
2
2
1
1
1
1
1
1
2
5
15
27
36
38
32
20
9
0
0
0
0
46
113
188
234
242
217
165
105
59
30
15
9
6
4
2
2
1
1
1
1
1
2
4
7
9
10
8
5
2
0
0
0
0
36
95
170
224
244
236
208
165
119
80
52
37
26
15
7
5
4
3
2
2
2
2
2
2
3
3
2
2
1
0
0
0
0
24
70
140
204
238
246
237
216
185
150
121
100
77
50
32
25
21
15
9
5
4
3
2
2
2
2
2
1
1
0
0
0
0
13
44
103
170
220
243
248
243
231
213
195
177
150
117
94
82
71
53
35
23
15
9
5
3
2
2
1
1
1
0
0
0
0
6
23
63
123
183
223
242
249
248
244
238
229
213
191
175
165
149
122
93
71
52
34
19
10
5
2
1
1
1
0
0
0
0
3
10
31
74
129
180
215
235
245
249
250
249
244
237
231
226
214
193
168
146
120
88
58
34
17
7
3
1
1
0
0
0
0
1
4
12
34
71
117
161
194
218
233
242
247
250
251
251
249
245
237
226
212
190
158
122
84
49
23
9
3
1
0
0
0
0
1
1
4
11
29
57
92
128
162
188
207
223
237
244
246
248
251
251
250
245
234
216
189
151
105
59
26
8
2
0
0
0
0
1
1
1
3
8
20
38
62
90
118
142
169
194
209
216
225
237
246
250
251
250
244
232
207
167
113
59
23
7
0
0
0
0
1
1
1
1
2
5
11
21
36
53
72
97
123
139
150
169
194
215
228
238
247
250
248
239
214
167
105
49
16
0
0
0
0
1
1
1
1
1
2
3
5
10
16
25
39
55
65
76
95
124
150
172
197
221
238
247
249
239
208
151
82
32
0
0
0
0
1
1
1
1
1
1
1
2
3
4
7
11
16
21
26
37
55
74
97
129
167
202
229
245
247
231
186
116
50
0
0
0
0
2
3
3
3
2
1
1
1
2
2
2
3
4
5
7
10
16
24
38
61
96
141
190
227
244
240
207
140
67
0
0
0
0
9
13
14
13
9
5
2
1
1
1
1
2
2
2
2
3
4
6
10
20
41
81
139
196
233
242
217
155
78
0
0
0
0
32
45
50
45
32
17
6
2
1
1
1
1
1
1
1
1
2
2
3
5
14
40
92
160
216
239
222
163
84
0
0
0
0
72
103
115
105
77
40
14
3
1
1
1
1
1
1
1
1
1
1
1
2
5
20
61
130
199
234
223
166
87
0
0
0
0
111
162
184
172
128
69
25
6
2
1
1
1
0
0
1
1
1
1
1
1
3
12
45
111
185
229
223
166
87
0
0
0
0
126
191
222
213
165
95
37
10
3
1
1
1
1
0
0
0
0
1
1
1
2
10
39
103
179
227
222
166
87
0
0
0
0
120
192
232
230
189
119
52
16
5
2
1
1
1
1
0
0
1
1
1
2
3
11
42
106
182
227
221
164
85
0
0
0
0
106
181
229
238
209
148
79
30
10
4
2
1
1
1
1
1
1
1
1
3
5
18
56
123
193
231
218
157
80
0
0
0
0
87
161
218
240
227
183
118
59
24
9
5
3
2
1
1
1
2
2
3
5
13
36
85
153
211
234
210
145
70
0
0
0
0
63
131
197
234
239
215
167
107
58
29
15
8
4
3
3
3
3
4
8
16
34
73
130
190
228
231
193
123
55
0
0
0
0
39
95
164
217
240
236
210
164
115
76
48
28
17
12
12
12
13
17
29
50
82
128
181
221
235
216
163
92
36
0
0
0
0
20
59
122
185
227
242
236
213
179
143
109
78
57
49
47
47
49
57
78
111
148
187
220
236
226
186
122
59
20
0
0
0
0
9
31
77
139
194
228
241
239
225
205
178
150
129
120
118
118
120
129
150
180
207
228
237
229
196
140
77
31
9
0
0
0
0
4
13
39
85
141
190
221
237
241
237
226
211
199
193
192
192
193
199
212
227
237
238
226
196
146
87
40
13
4
0
0
0
0
1
4
15
41
82
129
171
202
222
233
238
238
236
234
234
234
234
236
237
236
229
213
183
140
88
43
16
5
2
0
0
0
0
1
2
5
14
35
66
103
139
168
191
211
224
229
230
230
230
230
228
220
205
182
154
118
77
40
16
5
2
1
0
0
0
0
1
1
2
4
11
24
45
70
95
122
149
171
180
183
183
183
182
178
165
140
111
83
56
31
13
5
2
1
1
0
0
0
0
1
1
1
1
3
6
13
24
37
56
78
97
107
109
109
109
108
104
92
71
48
31
18
9
4
2
1
1
1
0
0
0
0
0
0
0
0
0
0
0
0
0
0
0
0
0
0
0
0
0
0
0
0
0
0
0
0
0
0
0
0
0
0
0
0
0
0
0
0
0
0
0
0
0
0
0
0
0
0
0
0
0
0
0
0
0
0
0
0
0
0
0
0
0
0
0
0
