29
44
0
0
0
0
0
0
0
0
0
0
0
0
0
0
0
0
0
0
0
0
0
0
0
0
0
0
0
0
0
0
0
0
0
0
0
0
0
0
0
0
0
0
0
0
0
0
0
0
0
0
0
0
0
0
0
0
0
0
0
0
1
1
1
2
4
9
19
34
53
70
78
79
79
79
74
61
42
25
14
7
3
1
1
1
1
0
0
0
0
1
1
2
5
15
34
60
90
121
145
156
158
158
158
151
133
104
75
48
26
11
4
1
1
1
0
0
0
0
1
2
6
18
46
86
128
164
192
210
217
218
218
218
214
201
178
149
112
71
35
13
4
1
1
0
0
0
0
1
5
17
49
99
152
194
218
228
230
229
228
228
229
229
229
224
210
180
135
82
38
12
3
1
0
0
0
0
3
13
43
97
159
206
228
228
214
197
187
184
183
185
191
206
223
231
224
194
141
80
33
9
2
0
0
0
0
8
31
82
150
205
229
222
193
157
126
110
106
105
107
117
142
176
209
229
226
192
131
65
22
5
0
0
0
0
17
56
125
192
226
219
181
131
86
55
42
38
38
40
48
70
108
155
202
229
222
175
103
41
11
0
0
0
0
28
83
161
217
226
188
126
70
34
17
10
9
9
9
13
24
50
95
157
211
230
203
136
62
18
0
0
0
0
40
106
185
227
214
153
80
32
11
5
3
2
2
2
3
7
19
50
111
181
223
217
161
83
27
0
0
0
0
49
122
198
230
201
128
54
16
5
2
1
1
1
1
2
3
7
26
74
145
200
210
168
94
34
0
0
0
0
54
130
204
230
195
117
46
12
3
2
1
1
1
1
1
1
3
14
46
103
153
168
140
82
31
0
0
0
0
54
130
204
231
198
122
50
14
4
2
1
1
1
1
1
1
2
6
24
56
88
99
84
50
19
0
0
0
0
51
125
201
233
210
145
74
29
11
4
2
2
1
1
1
1
1
3
9
21
33
38
32
19
7
0
0
0
0
43
113
191
233
227
182
121
69
36
19
11
6
3
2
2
1
1
1
3
5
8
9
8
5
2
0
0
0
0
32
92
171
225
239
220
181
135
93
65
46
28
16
11
8
5
3
2
2
2
3
3
2
1
1
0
0
0
0
20
65
138
204
237
241
226
200
170
143
116
84
61
48
37
24
14
9
5
3
2
2
2
1
1
0
0
0
0
10
38
96
165
217
241
245
238
226
211
190
162
140
124
103
76
53
36
22
11
5
3
1
1
1
0
0
0
0
4
18
54
113
173
215
236
245
247
244
236
223
212
201
181
152
125
97
66
39
20
8
3
1
1
0
0
0
0
2
7
24
60
111
160
198
222
237
244
248
247
246
242
233
217
199
172
136
96
58
28
10
3
1
0
0
0
0
1
2
8
23
52
91
131
167
194
214
231
240
244
247
249
247
240
226
202
166
119
70
30
9
2
0
0
0
0
1
1
2
6
17
36
62
92
122
151
179
198
209
222
236
245
248
247
239
219
182
128
68
25
6
0
0
0
0
1
1
1
2
4
10
20
35
53
76
103
122
138
161
188
210
227
240
247
243
225
181
116
53
16
0
0
0
0
1
1
1
1
1
2
5
9
16
26
40
51
64
85
113
140
171
203
229
243
242
217
161
86
30
0
0
0
0
1
1
2
1
1
1
2
2
4
6
10
14
19
29
45
66
96
138
183
221
241
234
191
116
46
0
0
0
0
5
8
8
7
4
2
1
1
1
2
3
3
4
7
11
20
37
70
121
180
225
237
207
136
58
0
0
0
0
23
34
37
31
18
7
2
1
1
1
1
1
1
2
2
4
10
27
68
134
199
231
213
146
65
0
0
0
0
59
90
99
83
50
19
5
1
1
1
1
1
1
1
1
1
3
10
37
97
174
223
215
150
68
0
0
0
0
97
151
170
146
90
36
9
2
1
1
0
1
1
1
1
1
2
5
23
75
156
215
214
151
69
0
0
0
0
113
183
214
191
124
54
15
3
1
1
1
1
0
1
1
1
1
4
19
68
148
211
213
151
69
0
0
0
0
108
185
226
213
152
75
25
6
2
1
1
1
1
1
1
1
2
5
22
73
153
213
211
148
66
0
0
0
0
92
172
224
226
180
108
46
15
5
3
2
1
1
1
1
2
4
10
36
94
170
219
207
140
61
0
0
0
0
71
147
211
233
209
152
86
39
16
7
4
2
2
2
3
5
10
27
66
131
196
224
196
123
50
0
0
0
0
48
114
185
228
230
197
141
87
49
27
15
10
9
9
11
18
34
66
117
177
219
220
173
97
36
0
0
0
0
27
76
147
207
234
228
196
153
111
76
52
41
38
39
43
58
89
129
176
215
227
199
135
65
21
0
0
0
0
12
43
101
167
215
235
230
210
181
149
122
109
106
106
112
130
161
194
220
230
210
158
90
36
10
0
0
0
0
5
19
56
112
170
211
231
234
226
211
195
186
184
184
188
199
217
229
230
211
166
105
49
16
4
0
0
0
0
2
7
23
58
107
155
192
216
228
232
231
229
228
228
229
231
229
220
198
159
106
54
20
5
2
0
0
0
0
1
2
7
21
49
85
124
156
183
204
215
218
218
218
217
210
192
166
133
92
51
21
6
2
1
0
0
0
0
1
1
2
6
15
33
56
82
110
137
153
158
158
158
156
145
121
91
63
37
17
6
2
1
1
0
0
0
0
1
1
1
2
4
9
17
28
45
64
75
79
79
79
78
70
53
34
20
10
4
2
1
1
1
0
0
0
0
0
0
0
0
0
0
0
0
0
0
0
0
0
0
0
0
0
0
0
0
0
0
0
0
0
0
0
0
0
0
0
0
0
0
0
0
0
0
0
0
0
0
0
0
0
0
0
0
0
0
0
0
0
0
0
0
