25
37
0
0
0
0
0
0
0
0
0
0
0
0
0
0
0
0
0
0
0
0
0
0
0
0
0
0
0
0
0
0
0
0
0
0
0
0
0
0
0
0
0
0
0
0
0
0
0
0
0
0
0
0
1
1
2
8
23
48
80
113
137
147
149
149
142
123
93
62
35
15
5
1
1
0
0
0
0
1
2
9
30
69
117
159
190
208
214
215
215
211
198
173
139
95
51
20
5
1
0
0
0
0
2
8
30
76
136
187
214
222
218
215
214
214
217
221
220
205
168
112
55
18
4
0
0
0
0
5
22
68
135
194
220
213
187
161
148
145
146
155
176
204
222
215
174
108
46
13
0
0
0
0
12
46
114
185
219
205
160
112
77
62
59
61
70
97
140
188
220
213
159
84
28
0
0
0
0
22
74
154
211
210
158
93
47
23
15
14
14
19
35
71
129
191
222
194
120
47
0
0
0
0
32
97
180
218
187
111
46
15
5
3
2
2
4
10
29
77
150
207
206
145
65
0
0
0
0
39
112
192
217
169
85
26
6
2
1
1
1
2
3
12
43
107
171
187
143
71
0
0
0
0
42
117
196
217
165
80
24
5
2
1
1
1
1
2
5
22
63
110
128
102
52
0
0
0
0
40
114
195
221
178
99
38
12
4
2
1
1
1
1
2
8
25
46
55
45
23
0
0
0
0
35
103
186
227
206
144
82
41
21
11
6
3
2
2
1
3
6
11
14
11
6
0
0
0
0
25
82
164
222
230
199
152
107
75
50
31
20
14
8
4
3
3
3
3
2
1
0
0
0
0
14
54
126
197
233
234
215
188
160
128
97
77
60
41
25
15
8
4
2
1
1
0
0
0
0
6
27
79
149
205
234
241
236
225
206
185
167
144
114
84
57
33
16
6
2
1
0
0
0
0
2
10
38
88
147
194
223
237
243
242
237
230
217
195
169
134
94
55
25
8
2
0
0
0
0
1
3
12
37
76
121
162
193
215
232
240
243
244
240
229
207
171
122
69
28
8
0
0
0
0
1
1
3
10
26
51
82
114
146
174
193
208
225
238
244
241
226
190
132
68
23
0
0
0
0
1
1
1
2
6
13
26
43
65
89
109
131
161
189
214
233
242
230
188
118
50
0
0
0
0
1
1
1
1
2
3
5
10
18
28
38
53
76
106
143
185
221
238
220
161
80
0
0
0
0
4
6
7
6
3
2
1
2
3
5
8
13
22
37
66
113
171
219
230
186
104
0
0
0
0
18
32
36
28
14
5
1
1
1
1
2
2
4
8
21
54
115
187
224
197
117
0
0
0
0
50
88
102
81
42
13
3
1
1
1
1
1
1
2
6
24
75
156
213
199
122
0
0
0
0
81
146
174
144
78
26
6
2
1
1
1
1
1
1
3
14
56
137
204
198
123
0
0
0
0
87
168
210
185
110
41
10
3
1
1
1
1
1
1
3
13
54
134
202
196
122
0
0
0
0
76
160
216
208
143
67
22
6
2
1
1
1
1
2
5
21
69
148
207
192
115
0
0
0
0
57
135
205
223
182
112
52
20
8
4
2
2
3
6
16
45
105
178
214
180
100
0
0
0
0
36
100
177
222
216
168
109
63
34
19
14
14
17
27
52
97
158
208
209
153
74
0
0
0
0
18
62
133
198
227
215
178
135
97
71
61
60
65
85
121
166
206
218
182
111
45
0
0
0
0
7
30
82
149
202
226
223
204
178
156
147
145
151
167
194
216
220
192
132
64
21
0
0
0
0
2
11
37
86
143
189
215
225
223
218
215
214
216
220
223
214
185
134
73
28
7
0
0
0
0
1
3
12
34
72
115
153
183
204
213
215
215
214
206
187
156
114
68
29
8
2
0
0
0
0
1
1
3
9
23
46
73
103
130
145
149
149
146
134
108
76
47
23
8
2
1
0
0
0
0
1
1
1
2
5
11
21
36
52
61
64
64
62
54
39
23
12
5
2
1
1
0
0
0
0
0
0
0
0
0
0
0
0
0
0
0
0
0
0
0
0
0
0
0
0
0
0
0
0
0
0
0
0
0
0
0
0
0
0
0
0
0
0
0
0
0
0
0
0
0
0
0
0
