13
37
0
0
0
0
0
0
0
0
0
0
0
0
0
0
0
0
0
0
0
0
0
0
0
0
0
0
0
0
0
0
12
55
124
167
167
124
55
0
0
0
0
0
0
15
73
167
225
225
167
73
0
0
0
0
0
0
16
78
178
240
240
178
78
0
0
0
0
0
0
15
73
167
225
225
167
73
0
0
0
0
0
0
12
55
124
167
167
124
55
0
0
0
0
0
0
6
29
66
88
88
66
29
0
0
0
0
0
0
6
29
66
88
88
66
29
0
0
0
0
0
0
12
55
124
167
167
124
55
0
0
0
0
0
0
15
73
167
225
225
167
73
0
0
0
0
0
0
16
78
178
240
240
178
78
0
0
0
0
0
0
16
78
178
240
240
178
78
0
0
0
0
0
0
16
78
178
240
240
178
78
0
0
0
0
0
0
16
78
178
240
240
178
78
0
0
0
0
0
0
16
78
178
240
240
178
78
0
0
0
0
0
0
16
78
178
240
240
178
78
0
0
0
0
0
0
16
78
178
240
240
178
78
0
0
0
0
0
0
16
78
178
240
240
178
78
0
0
0
0
0
0
16
78
178
240
240
178
78
0
0
0
0
0
0
16
78
178
240
240
178
78
0
0
0
0
0
0
16
78
178
240
240
178
78
0
0
0
0
0
0
16
78
178
240
240
178
78
0
0
0
0
0
0
16
78
178
240
240
178
78
0
0
0
0
0
0
16
78
178
240
240
178
78
0
0
0
0
0
0
16
78
178
240
240
178
78
0
0
0
0
0
0
16
78
178
240
240
178
78
0
0
0
0
0
0
16
78
178
240
240
178
78
0
0
0
0
0
0
16
78
178
239
236
171
74
0
0
0
0
12
15
31
89
183
236
221
147
59
0
0
0
0
55
73
89
132
201
233
197
109
35
0
0
0
0
124
167
183
201
231
232
175
81
19
0
0
0
0
167
225
241
243
242
213
143
58
12
0
0
0
0
167
225
240
236
214
161
89
30
5
0
0
0
0
124
167
178
171
143
89
37
9
1
0
0
0
0
0
0
0
0
0
0
0
0
0
0
0
0
0
0
0
0
0
0
0
0
0
0
0
0
