13
37
0
0
0
0
0
0
0
0
0
0
0
0
0
0
0
0
0
0
0
0
0
0
0
0
0
0
0
0
12
55
124
167
167
124
55
12
0
0
0
0
0
15
73
167
225
225
167
73
15
0
0
0
0
0
16
78
178
240
240
178
78
16
0
0
0
0
0
15
73
167
225
225
167
73
15
0
0
0
0
0
12
55
124
167
167
124
55
12
0
0
0
0
0
6
29
66
88
88
66
29
6
0
0
0
0
0
6
29
66
88
88
66
29
6
0
0
0
0
0
12
55
124
167
167
124
55
12
0
0
0
0
0
15
70
160
221
225
170
80
19
1
0
0
0
0
12
59
147
221
240
197
109
35
5
0
0
0
0
5
35
109
197
240
221
147
59
12
0
0
0
0
1
20
85
182
240
236
171
74
15
0
0
0
0
0
16
78
178
240
240
178
78
16
0
0
0
0
0
16
78
178
240
240
178
78
16
0
0
0
0
0
16
78
178
240
240
178
78
16
0
0
0
0
0
16
78
178
240
240
178
78
16
0
0
0
0
0
16
78
178
240
240
178
78
16
0
0
0
0
0
16
78
178
240
240
178
78
16
0
0
0
0
0
16
78
178
240
240
178
78
16
0
0
0
0
0
16
78
178
240
240
178
78
16
0
0
0
0
0
15
74
171
236
240
182
85
20
0
0
0
0
0
12
59
147
221
240
197
109
35
0
0
0
0
0
5
35
109
197
240
221
147
59
0
0
0
0
0
1
20
85
182
240
236
171
74
0
0
0
0
0
0
16
78
178
240
240
178
78
0
0
0
0
0
0
16
78
178
239
236
171
74
0
0
0
0
0
0
16
78
178
235
221
147
59
0
0
0
0
12
15
31
89
183
229
197
109
35
0
0
0
0
55
73
89
132
201
229
182
85
20
0
0
0
0
124
167
183
201
231
231
171
74
15
0
0
0
0
167
225
241
243
242
213
143
58
12
0
0
0
0
167
225
240
236
214
161
89
30
5
0
0
0
0
124
167
178
171
143
89
37
9
1
0
0
0
0
0
0
0
0
0
0
0
0
0
0
0
0
0
0
0
0
0
0
0
0
0
0
0
0
