16
38
0
0
0
0
0
0
0
0
0
0
0
0
0
0
0
0
0
0
0
0
0
0
0
0
0
0
0
0
0
0
0
0
0
0
62
80
99
107
77
32
7
1
0
0
0
0
0
0
0
0
128
167
188
185
134
60
15
2
0
0
0
0
0
0
0
0
151
212
237
224
164
76
19
2
0
0
0
0
0
0
0
0
140
213
241
223
161
75
19
2
0
0
0
0
0
0
0
0
111
181
206
179
123
56
14
2
0
0
0
0
0
0
0
0
65
115
130
104
69
34
11
2
1
0
0
0
0
0
0
0
26
53
67
66
67
54
26
7
1
1
0
0
0
0
0
0
18
46
77
108
133
116
63
20
4
1
0
0
0
0
0
0
25
72
132
181
204
176
105
41
10
2
0
0
0
0
0
0
21
73
152
215
238
213
144
64
16
2
0
0
0
0
0
0
13
61
146
219
247
230
169
82
23
3
1
0
0
0
0
0
10
53
136
212
246
239
190
108
38
7
1
0
0
0
0
0
8
42
115
194
239
246
214
143
62
15
2
0
0
0
0
0
3
24
82
164
227
248
229
165
76
19
2
0
0
0
0
0
1
13
61
146
219
248
234
175
85
24
3
1
0
0
0
0
0
10
53
136
212
246
239
190
108
38
7
1
0
0
0
0
0
8
42
115
194
239
246
214
143
62
15
2
0
0
0
0
0
3
24
82
164
227
248
229
165
76
19
2
0
0
0
0
0
1
13
58
140
214
246
234
175
85
24
3
0
0
0
0
0
0
8
42
115
194
238
237
190
108
38
7
0
0
0
0
0
0
3
24
82
164
226
243
214
143
62
15
0
0
0
0
0
0
1
13
61
146
219
247
230
168
81
23
0
0
0
0
0
0
0
10
53
136
212
246
237
186
106
38
0
0
0
0
0
0
0
8
42
115
194
238
242
209
139
61
0
0
0
0
0
0
0
3
24
82
164
226
246
226
163
75
0
0
0
0
0
0
0
1
13
61
146
219
247
233
174
84
0
0
0
0
0
0
0
0
10
53
136
213
247
238
187
102
0
0
0
0
0
0
0
0
9
47
125
203
243
244
205
125
0
0
0
0
0
1
2
5
18
56
128
201
241
245
207
128
0
0
0
0
0
1
6
24
60
109
171
222
247
240
192
107
0
0
0
0
0
2
13
52
117
178
222
245
251
233
172
83
0
0
0
0
0
2
14
57
133
203
238
243
238
213
149
64
0
0
0
0
0
1
7
37
103
175
206
195
178
153
101
41
0
0
0
0
0
1
3
18
62
116
133
107
83
65
41
16
0
0
0
0
0
0
0
0
0
0
0
0
0
0
0
0
0
0
0
0
0
0
0
0
0
0
0
0
0
0
0
0
0
0
