17
36
0
0
0
0
0
0
0
0
0
0
0
0
0
0
0
0
0
0
0
0
0
0
0
0
0
0
0
0
0
0
0
0
0
0
0
0
0
0
0
0
0
0
1
15
61
128
167
163
117
0
0
0
0
0
0
0
0
0
0
5
34
104
185
225
206
136
0
0
0
0
0
0
0
0
0
0
12
59
147
221
240
197
109
0
0
0
0
0
0
0
0
0
0
15
70
160
221
225
170
80
0
0
0
0
0
0
0
0
0
0
12
55
124
167
167
124
55
0
0
0
0
0
0
0
0
0
0
6
29
66
88
88
66
29
0
0
0
0
0
0
0
0
0
1
10
35
70
88
85
59
25
0
0
0
0
0
0
0
0
0
5
30
85
142
167
148
93
36
0
0
0
0
0
0
0
0
0
12
58
142
210
225
182
98
30
0
0
0
0
0
0
0
0
0
15
74
171
236
240
182
85
20
0
0
0
0
0
0
0
0
0
16
78
178
240
240
178
78
16
0
0
0
0
0
0
0
0
1
20
85
182
241
240
178
78
16
0
0
0
0
0
0
0
0
5
35
109
197
243
236
171
74
15
0
0
0
0
0
0
0
0
12
59
147
221
246
221
147
59
12
0
0
0
0
0
0
0
0
15
74
171
236
243
197
109
35
5
0
0
0
0
0
0
0
0
16
78
178
240
241
182
85
20
1
0
0
0
0
0
0
0
0
16
78
178
240
240
178
78
16
0
0
0
0
0
0
0
0
1
20
85
182
240
236
171
74
15
0
0
0
0
0
0
0
0
5
35
109
197
240
221
147
59
12
0
0
0
0
0
0
0
0
12
59
147
221
240
197
109
35
5
0
0
0
0
0
0
0
0
15
74
171
236
240
182
85
20
1
0
0
0
0
0
0
0
0
16
78
178
240
240
178
78
16
0
0
0
0
0
0
0
0
0
16
78
178
240
240
178
78
16
0
0
0
0
0
0
0
0
1
20
85
182
240
236
171
74
15
0
0
0
0
0
0
0
0
5
35
109
197
240
221
147
59
12
0
0
0
0
0
0
0
0
12
59
147
221
240
197
109
35
5
0
0
0
0
0
0
12
15
30
85
176
236
236
175
81
19
1
0
0
0
0
0
0
55
73
89
132
201
240
221
147
59
12
0
0
0
0
0
0
0
128
168
183
201
232
240
197
109
35
5
0
0
0
0
0
0
0
182
228
240
240
240
226
170
80
19
1
0
0
0
0
0
0
0
191
231
236
221
197
170
124
55
12
0
0
0
0
0
0
0
0
139
170
171
147
109
80
55
24
5
0
0
0
0
0
0
0
0
0
0
0
0
0
0
0
0
0
0
0
0
0
0
0
0
0
0
0
0
0
0
0
0
0
0
0
0
0
0
0
0
