20
36
0
0
0
0
0
0
0
0
0
0
0
0
0
0
0
0
0
0
0
0
0
0
0
0
0
0
0
0
0
0
0
0
0
0
0
0
0
0
0
0
0
0
0
0
0
0
0
0
0
0
0
10
48
114
160
175
161
116
0
0
0
0
0
0
0
0
0
0
0
0
1
13
60
141
208
232
214
153
0
0
0
0
0
0
0
0
0
0
0
0
3
21
74
155
222
242
214
144
0
0
0
0
0
0
0
0
0
0
0
0
5
25
76
146
206
219
180
106
0
0
0
0
0
0
0
0
0
0
0
0
3
17
48
95
143
157
124
65
0
0
0
0
0
0
0
0
0
0
0
1
7
22
42
58
75
79
60
30
0
0
0
0
0
0
0
0
0
0
0
3
21
59
92
96
87
66
37
14
0
0
0
0
0
0
0
0
0
0
0
8
41
108
166
182
164
119
56
15
0
0
0
0
0
0
0
0
0
0
1
13
58
139
209
235
219
160
75
19
0
0
0
0
0
0
0
0
0
0
3
24
82
164
227
248
229
165
76
19
0
0
0
0
0
0
0
0
0
0
8
42
115
194
239
246
214
143
62
15
0
0
0
0
0
0
0
0
0
0
10
53
136
212
246
239
190
108
38
7
0
0
0
0
0
0
0
0
0
1
13
61
146
219
248
234
175
85
24
3
0
0
0
0
0
0
0
0
0
3
24
82
164
227
248
229
165
76
19
2
0
0
0
0
0
0
0
0
0
8
42
115
194
239
246
214
143
62
15
2
0
0
0
0
0
0
0
0
0
10
53
136
212
246
239
190
108
38
7
1
0
0
0
0
0
0
0
0
1
13
61
146
219
247
230
169
82
23
3
1
0
0
0
0
0
0
0
0
3
24
82
164
226
243
214
143
62
15
2
0
0
0
0
0
0
0
0
0
8
42
115
194
238
237
190
108
38
7
1
0
0
0
0
0
0
0
0
1
12
57
138
213
246
234
175
85
24
3
1
0
0
0
0
0
0
0
0
3
23
76
155
221
247
229
165
76
19
2
0
0
0
0
0
0
0
0
0
8
39
106
180
230
243
214
143
62
15
2
0
0
0
0
0
0
0
0
0
10
51
130
203
241
237
190
108
38
7
1
0
0
0
0
0
0
0
0
1
13
60
145
216
247
234
175
85
24
3
1
0
0
0
0
0
0
1
1
4
25
83
165
227
248
229
165
76
19
2
0
0
0
0
0
0
0
8
13
23
57
125
198
240
245
213
142
61
15
2
0
0
0
0
0
0
0
29
55
80
118
176
227
248
236
186
105
38
7
1
0
0
0
0
0
0
0
65
125
168
196
224
245
248
223
161
77
21
3
1
0
0
0
0
0
0
0
105
180
225
242
249
249
234
196
134
59
14
1
0
0
0
0
0
0
0
0
132
199
232
243
247
234
197
143
89
38
9
1
0
0
0
0
0
0
0
0
111
158
179
194
207
189
137
78
40
15
4
1
0
0
0
0
0
0
0
0
51
71
84
105
126
112
68
28
10
3
1
0
0
0
0
0
0
0
0
0
0
0
0
0
0
0
0
0
0
0
0
0
0
0
0
0
0
0
0
0
0
0
0
0
0
0
0
0
0
0
0
0
0
0
0
0
0
0
