25
29
0
0
0
0
0
0
0
0
0
0
0
0
0
0
0
0
0
0
0
0
0
0
0
0
0
0
0
0
0
0
0
0
0
0
0
0
0
0
0
0
0
0
0
0
0
0
0
0
0
0
0
0
1
1
1
1
3
7
16
28
44
59
67
69
68
65
54
37
22
11
4
2
1
0
0
0
0
1
1
1
4
13
32
58
87
116
140
152
155
154
149
132
104
73
43
20
7
2
0
0
0
0
1
1
4
16
45
88
133
169
194
210
216
217
216
214
204
183
152
109
62
26
7
0
0
0
0
1
4
16
49
103
160
202
223
227
220
212
208
209
214
222
225
214
181
126
66
24
0
0
0
0
2
12
42
100
166
214
232
225
199
167
144
135
136
149
176
209
229
224
185
119
54
0
0
0
0
6
28
82
155
212
234
220
180
130
87
62
53
54
67
100
150
201
228
217
164
88
0
0
0
0
14
54
125
197
233
225
180
116
62
30
16
12
13
19
40
85
147
197
209
175
104
0
0
0
0
26
82
163
222
235
200
130
63
22
7
3
2
2
4
13
39
87
133
152
133
83
0
0
0
0
37
106
187
233
226
170
90
31
8
2
1
1
1
1
4
14
35
59
71
64
40
0
0
0
0
45
120
200
236
215
146
65
17
3
1
1
1
1
1
1
4
9
16
19
17
11
0
0
0
0
49
128
206
235
206
130
52
12
2
1
1
0
0
1
1
1
2
3
3
3
2
0
0
0
0
51
131
209
234
200
121
45
10
2
1
1
0
0
0
1
1
1
1
1
1
1
0
0
0
0
52
132
209
234
198
118
43
9
2
1
1
0
0
0
1
1
1
1
1
1
1
0
0
0
0
51
131
209
234
200
121
45
10
2
1
1
0
0
0
1
1
1
1
1
1
1
0
0
0
0
49
128
206
235
206
130
52
12
2
1
1
0
0
1
1
1
2
3
3
3
2
0
0
0
0
45
120
200
236
215
146
65
17
3
1
1
1
1
1
1
4
9
16
19
17
11
0
0
0
0
37
106
187
233
226
170
90
31
8
2
1
1
1
1
4
14
35
59
71
64
40
0
0
0
0
26
82
163
222
235
200
130
63
22
7
3
2
2
4
13
39
87
133
152
133
83
0
0
0
0
14
54
125
197
233
225
180
116
62
30
16
12
13
20
42
87
148
197
209
175
104
0
0
0
0
6
28
82
155
212
234
220
180
130
87
62
53
55
70
104
153
202
229
218
165
89
0
0
0
0
2
12
42
100
166
214
232
225
199
167
144
135
137
152
181
211
230
224
187
122
55
0
0
0
0
1
4
16
49
103
160
202
223
227
220
212
208
209
215
224
226
214
182
128
69
25
0
0
0
0
1
1
4
16
45
88
133
169
194
210
216
217
217
214
205
183
152
109
63
27
8
0
0
0
0
1
1
1
4
13
32
58
87
116
140
152
155
154
149
132
104
73
43
20
7
2
0
0
0
0
1
1
1
1
3
7
16
28
44
59
67
69
68
65
54
37
22
11
4
2
1
0
0
0
0
0
0
0
0
0
0
0
0
0
0
0
0
0
0
0
0
0
0
0
0
0
0
0
0
0
0
0
0
0
0
0
0
0
0
0
0
0
0
0
0
0
0
0
0
0
0
0
0
