29
33
0
0
0
0
0
0
0
0
0
0
0
0
0
0
0
0
0
0
0
0
0
0
0
0
0
0
0
0
0
0
0
0
0
0
0
0
0
0
0
0
0
0
0
0
0
0
0
0
0
0
0
0
0
0
0
0
0
0
0
0
1
1
1
1
2
5
10
19
31
47
66
80
86
87
87
86
80
65
46
30
17
8
3
1
1
0
0
0
0
1
1
1
2
7
17
36
60
87
113
139
157
165
167
167
165
157
138
111
83
55
31
13
5
2
0
0
0
0
1
1
2
8
22
51
89
128
162
187
205
217
221
221
221
221
216
204
184
156
120
79
41
16
5
0
0
0
0
1
2
7
24
58
107
156
195
219
230
232
229
225
223
223
224
228
231
228
215
188
144
91
44
15
0
0
0
0
2
6
21
56
110
167
210
233
238
229
211
190
175
169
169
174
188
210
228
236
228
199
147
87
37
0
0
0
0
4
15
46
102
165
213
236
237
220
190
152
119
99
91
91
97
117
151
190
222
237
229
194
134
69
0
0
0
0
8
31
81
149
206
236
238
217
176
127
83
52
37
31
31
36
51
83
131
183
221
235
218
169
99
0
0
0
0
17
55
120
187
230
241
223
178
119
66
33
16
9
7
7
9
16
35
74
131
183
212
210
174
110
0
0
0
0
29
81
154
213
240
234
196
133
70
29
10
4
2
2
2
3
5
13
36
79
125
155
159
136
89
0
0
0
0
41
103
178
228
242
221
166
94
38
12
4
2
1
1
1
1
2
5
15
36
62
80
85
73
48
0
0
0
0
50
119
192
235
239
207
141
68
22
6
2
1
1
1
1
1
1
2
5
12
20
27
29
25
17
0
0
0
0
56
128
200
238
236
195
124
53
15
4
2
1
1
1
1
1
1
1
1
3
5
6
6
6
4
0
0
0
0
59
133
204
239
232
186
113
45
11
3
1
1
1
0
0
0
1
1
1
1
2
2
2
2
1
0
0
0
0
61
135
206
239
230
181
106
41
10
2
1
1
1
0
0
0
0
1
1
1
1
1
1
1
1
0
0
0
0
61
135
206
239
229
178
103
39
10
2
1
1
0
0
0
0
0
1
1
1
1
1
1
1
1
0
0
0
0
61
135
206
239
230
181
106
41
10
2
1
1
1
0
0
0
0
1
1
1
1
1
1
1
1
0
0
0
0
59
133
204
239
232
186
113
45
11
3
1
1
1
0
0
0
1
1
1
1
2
2
2
2
1
0
0
0
0
56
128
200
238
236
195
124
53
15
4
2
1
1
1
1
1
1
1
1
3
5
6
6
6
4
0
0
0
0
50
119
192
235
239
207
141
68
22
6
2
1
1
1
1
1
1
2
5
12
20
27
29
25
17
0
0
0
0
41
103
178
228
242
221
166
94
38
12
4
2
1
1
1
1
2
5
15
36
62
80
85
73
48
0
0
0
0
29
81
154
213
240
234
196
133
70
29
10
4
2
2
2
3
5
13
36
79
125
155
159
136
89
0
0
0
0
17
55
120
187
230
241
223
178
119
66
33
16
9
7
7
10
17
36
75
131
183
212
210
174
110
0
0
0
0
8
31
81
149
206
236
238
217
176
127
83
52
37
32
32
37
54
87
133
184
221
235
219
170
99
0
0
0
0
4
15
46
102
165
213
236
237
220
190
152
119
99
91
92
100
122
156
193
223
237
230
196
136
71
0
0
0
0
2
6
21
56
110
167
210
233
238
229
211
190
175
170
170
176
192
213
230
237
229
200
151
91
40
0
0
0
0
1
2
7
24
58
107
156
195
219
230
232
229
225
223
223
225
230
232
228
215
188
145
94
47
17
0
0
0
0
1
1
2
8
22
51
89
128
162
187
205
217
221
221
221
221
217
205
184
156
121
80
43
18
6
0
0
0
0
1
1
1
2
7
17
36
60
87
113
139
157
165
167
167
165
157
138
111
83
55
31
14
5
2
0
0
0
0
1
1
1
1
2
5
10
19
31
47
66
80
86
87
87
86
80
65
46
30
17
8
4
2
1
0
0
0
0
0
0
0
0
0
0
0
0
0
0
0
0
0
0
0
0
0
0
0
0
0
0
0
0
0
0
0
0
0
0
0
0
0
0
0
0
0
0
0
0
0
0
0
0
0
0
0
0
0
0
0
0
0
0
0
0
