29
29
0
0
0
0
0
0
0
0
0
0
0
0
0
0
0
0
0
0
0
0
0
0
0
0
0
0
0
0
0
0
0
0
0
0
0
0
0
0
0
0
0
0
0
0
0
0
0
0
0
0
0
0
0
0
0
0
0
0
0
0
1
1
1
1
2
4
9
17
27
39
54
65
70
71
71
70
65
53
38
25
15
8
3
2
1
0
0
0
0
1
1
1
3
7
18
36
59
83
106
128
145
152
154
154
152
145
128
104
79
54
32
15
6
2
0
0
0
0
1
1
3
10
28
58
96
132
162
184
200
210
213
213
213
212
209
199
181
157
125
86
48
21
7
0
0
0
0
1
3
12
34
73
123
169
201
219
225
222
214
207
204
204
207
213
220
223
216
195
156
106
57
22
0
0
0
0
3
10
33
78
135
186
220
232
227
209
183
157
140
134
134
139
155
181
209
227
230
210
167
108
52
0
0
0
0
7
26
70
132
190
226
236
222
190
148
108
78
61
55
55
60
76
108
151
195
225
230
207
154
87
0
0
0
0
16
52
113
179
224
238
224
183
129
79
45
25
16
14
14
16
25
46
86
139
186
211
205
167
103
0
0
0
0
29
81
153
212
239
233
194
133
72
32
13
6
3
2
3
3
6
15
38
79
122
149
153
130
84
0
0
0
0
43
106
180
229
241
218
161
90
36
12
4
2
1
1
1
1
2
4
13
32
55
71
74
64
42
0
0
0
0
52
122
195
236
238
203
135
63
20
5
2
1
1
1
1
1
1
1
4
9
16
21
22
19
13
0
0
0
0
58
131
202
238
234
190
117
49
13
3
1
1
1
0
0
1
1
1
1
2
3
4
4
4
3
0
0
0
0
60
134
205
239
231
182
108
42
11
3
1
1
1
0
0
0
0
1
1
1
1
1
1
1
1
0
0
0
0
61
135
206
239
229
179
104
40
10
2
1
1
0
0
0
0
0
1
1
1
1
1
1
1
1
0
0
0
0
60
134
205
239
231
182
108
42
11
3
1
1
1
0
0
0
0
1
1
1
1
1
1
1
1
0
0
0
0
58
131
202
238
234
190
117
49
13
3
1
1
1
0
0
1
1
1
1
2
3
4
4
4
3
0
0
0
0
52
122
195
236
238
203
135
63
20
5
2
1
1
1
1
1
1
1
4
9
16
21
22
19
13
0
0
0
0
43
106
180
229
241
218
161
90
36
12
4
2
1
1
1
1
2
4
13
32
55
71
74
64
42
0
0
0
0
29
81
153
212
239
233
194
133
72
32
13
6
3
2
2
3
6
15
39
79
122
149
153
129
84
0
0
0
0
16
52
113
179
224
238
224
183
129
79
45
25
16
14
14
17
27
48
87
140
187
211
206
167
104
0
0
0
0
7
26
70
132
190
226
236
222
190
148
108
78
61
55
55
62
80
112
154
196
225
231
208
156
88
0
0
0
0
3
10
33
78
135
186
220
232
227
209
183
157
141
134
134
141
159
186
211
228
230
212
170
111
54
0
0
0
0
1
3
12
34
73
123
169
201
219
225
222
214
208
205
205
208
215
223
224
217
195
158
109
60
24
0
0
0
0
1
1
3
10
28
58
96
132
162
184
200
210
213
213
213
213
210
200
182
157
125
87
50
22
8
0
0
0
0
1
1
1
3
7
18
36
59
83
106
128
145
152
154
154
152
145
128
104
79
54
32
15
6
2
0
0
0
0
1
1
1
1
2
4
9
17
27
39
54
65
70
71
71
70
65
53
38
25
15
8
3
2
1
0
0
0
0
0
0
0
0
0
0
0
0
0
0
0
0
0
0
0
0
0
0
0
0
0
0
0
0
0
0
0
0
0
0
0
0
0
0
0
0
0
0
0
0
0
0
0
0
0
0
0
0
0
0
0
0
0
0
0
0
