29
36
0
0
0
0
0
0
0
0
0
0
0
0
0
0
0
0
0
0
0
0
0
0
0
0
0
0
0
0
0
0
0
0
0
0
0
0
0
0
0
0
0
0
0
0
0
0
0
0
0
0
0
0
0
0
0
0
0
0
0
0
1
1
1
1
2
6
13
25
42
63
86
104
112
114
114
112
104
86
62
40
23
11
4
2
1
0
0
0
0
1
1
1
2
7
20
42
71
101
131
157
177
185
187
187
185
177
157
128
96
64
36
15
5
2
0
0
0
0
1
1
2
7
23
53
94
137
172
198
216
227
230
231
231
230
226
215
194
166
128
83
43
16
5
0
0
0
0
1
2
6
21
55
105
157
198
223
235
238
235
232
230
230
231
235
237
233
219
190
144
89
41
14
0
0
0
0
1
4
17
49
102
162
208
233
242
237
222
203
189
183
183
187
201
220
236
240
229
196
141
80
32
0
0
0
0
3
11
38
89
153
206
235
242
231
206
172
139
117
109
109
116
136
170
206
232
240
227
186
123
60
0
0
0
0
6
23
67
133
195
232
242
229
197
152
106
70
50
43
43
49
68
105
154
202
232
238
216
161
90
0
0
0
0
12
42
101
172
222
242
234
200
147
91
50
25
15
11
11
14
25
51
98
158
207
231
224
182
112
0
0
0
0
21
65
135
200
237
240
214
160
96
46
18
8
4
3
3
4
8
21
54
110
165
198
201
170
109
0
0
0
0
33
88
163
219
242
231
188
120
57
21
7
3
2
1
2
2
3
9
27
64
107
136
142
122
80
0
0
0
0
43
107
182
230
242
219
161
88
33
10
3
2
1
1
1
1
2
4
11
29
50
66
70
61
40
0
0
0
0
51
120
193
235
239
206
140
66
21
5
2
1
1
1
1
1
1
2
4
9
16
21
22
20
13
0
0
0
0
56
128
200
238
236
196
124
53
15
3
2
1
1
0
0
1
1
1
1
2
4
5
5
4
3
0
0
0
0
59
133
204
239
233
188
114
46
12
3
1
1
1
0
0
0
1
1
1
1
2
2
2
2
1
0
0
0
0
60
135
206
239
231
182
107
42
10
2
1
1
1
0
0
0
0
1
1
1
1
1
1
1
1
0
0
0
0
61
135
206
239
229
178
103
39
10
2
1
1
0
0
0
0
0
1
1
1
1
1
1
1
1
0
0
0
0
61
135
206
239
229
178
103
39
10
2
1
1
0
0
0
0
0
1
1
1
1
1
1
1
1
0
0
0
0
60
135
206
239
231
182
107
42
10
2
1
1
1
0
0
0
0
1
1
1
1
1
1
1
1
0
0
0
0
59
133
204
239
233
188
114
46
12
3
1
1
1
0
0
0
1
1
1
1
2
2
2
2
1
0
0
0
0
56
128
200
238
236
196
124
53
15
3
2
1
1
0
0
1
1
1
1
2
4
5
5
4
3
0
0
0
0
51
120
193
235
239
206
140
66
21
5
2
1
1
1
1
1
1
2
4
9
16
21
22
20
13
0
0
0
0
43
107
182
230
242
219
161
88
33
10
3
2
1
1
1
1
2
4
11
29
50
66
70
61
40
0
0
0
0
33
88
163
219
242
231
188
120
57
21
7
3
2
1
2
2
3
9
27
64
107
136
142
122
80
0
0
0
0
21
65
135
200
237
240
214
160
96
46
18
8
4
3
3
4
8
22
55
110
165
198
200
169
109
0
0
0
0
12
42
101
172
222
242
234
200
147
91
50
25
15
11
11
15
27
54
100
158
207
231
224
181
111
0
0
0
0
6
23
67
133
195
232
242
229
197
152
106
70
50
44
44
51
73
110
157
202
232
238
216
162
91
0
0
0
0
3
11
38
89
153
206
235
242
231
206
172
139
117
109
110
118
141
175
209
233
241
228
189
127
62
0
0
0
0
1
4
17
49
102
162
208
233
242
237
222
203
189
183
183
190
204
223
237
240
229
198
145
84
35
0
0
0
0
1
2
6
21
55
105
157
198
223
235
238
235
232
230
230
232
236
238
233
219
191
146
92
44
16
0
0
0
0
1
1
2
7
23
53
94
137
172
198
216
227
230
231
231
231
227
215
194
166
128
84
44
18
6
0
0
0
0
1
1
1
2
7
20
42
71
101
131
157
177
185
187
187
185
177
157
128
97
65
36
16
5
2
0
0
0
0
1
1
1
1
2
6
13
25
42
63
86
104
112
114
114
112
104
86
62
40
23
11
4
2
1
0
0
0
0
0
0
0
0
0
0
0
0
0
0
0
0
0
0
0
0
0
0
0
0
0
0
0
0
0
0
0
0
0
0
0
0
0
0
0
0
0
0
0
0
0
0
0
0
0
0
0
0
0
0
0
0
0
0
0
0
