25
33
0
0
0
0
0
0
0
0
0
0
0
0
0
0
0
0
0
0
0
0
0
0
0
0
0
0
0
0
0
0
0
0
0
0
0
0
0
0
0
0
0
0
0
0
0
0
0
0
0
0
0
0
1
1
1
1
4
9
20
36
56
74
84
87
87
82
68
47
28
14
6
2
1
0
0
0
0
1
1
1
4
14
33
61
93
124
150
163
166
166
159
141
111
78
46
21
7
2
0
0
0
0
1
1
4
14
41
83
128
167
195
212
220
221
221
218
206
183
149
104
57
23
6
0
0
0
0
1
3
12
39
88
146
193
220
230
230
226
223
223
226
230
226
208
169
112
55
18
0
0
0
0
2
8
30
79
144
199
229
234
220
198
179
171
171
183
204
226
233
214
166
99
41
0
0
0
0
4
19
60
127
191
229
233
211
172
131
104
93
94
109
143
187
222
231
205
143
72
0
0
0
0
9
36
96
170
221
234
211
163
107
64
40
32
33
45
77
130
187
224
221
174
99
0
0
0
0
17
59
132
201
233
222
173
107
53
23
11
8
8
14
33
77
139
192
207
176
108
0
0
0
0
27
83
162
220
233
199
131
63
22
7
3
2
2
4
13
39
87
135
155
137
87
0
0
0
0
38
104
183
229
225
173
96
36
10
3
1
1
1
2
5
17
41
68
81
73
47
0
0
0
0
45
117
195
232
216
151
72
22
5
2
1
1
1
1
2
5
13
23
28
25
16
0
0
0
0
50
125
201
232
207
136
58
15
3
1
1
1
1
1
1
2
3
5
6
6
4
0
0
0
0
53
130
205
232
201
126
51
12
2
1
1
0
0
1
1
1
1
2
2
2
1
0
0
0
0
54
132
206
231
197
120
47
11
2
1
1
0
0
0
1
1
1
1
1
1
1
0
0
0
0
54
132
206
230
195
117
45
11
2
1
1
0
0
0
1
1
1
1
1
1
1
0
0
0
0
54
132
206
231
197
120
47
11
2
1
1
0
0
0
1
1
1
1
1
1
1
0
0
0
0
53
130
205
232
201
126
51
12
2
1
1
0
0
1
1
1
1
2
2
2
1
0
0
0
0
50
125
201
232
207
136
58
15
3
1
1
1
1
1
1
2
3
5
6
6
4
0
0
0
0
45
117
195
232
216
151
72
22
5
2
1
1
1
1
2
5
13
23
28
25
16
0
0
0
0
38
104
183
229
225
173
96
36
10
3
1
1
1
2
5
17
41
68
81
73
47
0
0
0
0
27
83
162
220
233
199
131
63
22
7
3
2
2
4
13
40
88
135
155
137
87
0
0
0
0
17
59
132
201
233
222
173
107
53
23
11
8
8
14
34
78
140
192
207
176
108
0
0
0
0
9
36
96
170
221
234
211
163
107
64
40
32
34
48
81
132
188
224
222
175
100
0
0
0
0
4
19
60
127
191
229
233
211
172
131
104
93
95
113
148
190
223
232
206
146
73
0
0
0
0
2
8
30
79
144
199
229
234
220
198
179
171
173
185
208
227
233
215
169
102
43
0
0
0
0
1
3
12
39
88
146
193
220
230
230
226
223
224
228
231
227
208
169
114
58
20
0
0
0
0
1
1
4
14
41
83
128
167
195
212
220
221
221
218
206
183
149
104
58
24
7
0
0
0
0
1
1
1
4
14
33
61
93
124
150
163
166
166
160
141
111
78
46
21
7
2
0
0
0
0
1
1
1
1
4
9
20
36
56
74
84
87
87
82
68
47
28
14
6
2
1
0
0
0
0
0
0
0
0
0
0
0
0
0
0
0
0
0
0
0
0
0
0
0
0
0
0
0
0
0
0
0
0
0
0
0
0
0
0
0
0
0
0
0
0
0
0
0
0
0
0
0
0
