22
27
0
0
0
0
0
0
0
0
0
0
0
0
0
0
0
0
0
0
0
0
0
0
0
0
0
0
0
0
0
0
0
0
0
0
0
0
0
0
0
0
0
0
0
0
0
0
1
1
5
16
39
71
104
133
149
154
153
141
115
81
47
21
6
2
0
0
0
0
1
4
18
51
99
147
183
205
214
216
216
209
191
159
112
61
23
6
0
0
0
0
3
15
50
108
169
209
224
221
213
209
210
217
223
215
180
121
58
18
0
0
0
0
9
38
97
167
215
227
208
176
148
136
140
161
195
222
219
175
104
41
0
0
0
0
22
71
147
209
227
202
151
100
67
55
59
83
130
186
221
206
144
67
0
0
0
0
40
108
186
226
210
152
87
41
19
13
15
30
69
131
187
199
154
79
0
0
0
0
62
141
210
224
179
103
42
13
5
3
3
9
30
75
125
144
118
63
0
0
0
0
79
164
221
214
148
69
21
5
2
1
1
3
11
31
56
67
57
31
0
0
0
0
91
177
224
202
126
49
12
3
1
1
1
1
3
8
15
18
16
9
0
0
0
0
97
183
223
193
112
40
9
2
1
1
1
1
1
2
3
3
3
2
0
0
0
0
100
185
222
187
104
35
7
2
1
1
0
1
1
1
1
1
1
1
0
0
0
0
101
185
222
184
101
34
7
2
1
0
0
1
1
1
1
1
1
1
0
0
0
0
100
185
222
187
104
35
7
2
1
1
0
1
1
1
1
1
1
1
0
0
0
0
97
183
223
193
112
40
9
2
1
1
1
1
1
2
3
3
3
2
0
0
0
0
91
177
224
202
126
49
12
3
1
1
1
1
3
8
15
18
16
9
0
0
0
0
79
164
221
214
148
69
21
5
2
1
1
3
11
30
56
67
57
31
0
0
0
0
62
141
210
224
179
103
42
13
5
3
3
9
31
75
125
144
118
63
0
0
0
0
40
108
186
226
210
152
87
41
19
13
16
31
70
132
187
199
154
79
0
0
0
0
22
71
147
209
227
202
151
100
67
55
60
86
133
188
221
207
145
67
0
0
0
0
9
38
97
167
215
227
208
176
148
137
142
165
198
223
220
177
106
42
0
0
0
0
3
15
50
108
169
209
224
221
213
209
211
219
224
215
181
122
60
19
0
0
0
0
1
4
18
51
99
147
183
205
214
216
216
210
192
159
112
62
24
6
0
0
0
0
1
1
5
16
39
71
104
133
149
154
153
141
115
81
47
21
7
2
0
0
0
0
0
0
0
0
0
0
0
0
0
0
0
0
0
0
0
0
0
0
0
0
0
0
0
0
0
0
0
0
0
0
0
0
0
0
0
0
0
0
0
0
0
0
