23
35
0
0
0
0
0
0
0
0
0
0
0
0
0
0
0
0
0
0
0
0
0
0
0
0
0
0
0
0
0
0
0
0
0
0
0
0
0
0
0
0
0
0
0
0
0
0
0
0
84
126
129
94
44
12
2
1
1
0
1
1
2
12
44
94
129
126
84
0
0
0
0
121
183
194
149
77
24
5
1
1
1
1
1
5
24
77
149
194
183
121
0
0
0
0
130
203
224
186
109
40
9
2
1
1
1
2
9
40
109
186
224
202
128
0
0
0
0
117
195
231
209
139
60
16
3
1
1
1
3
16
60
139
209
230
193
113
0
0
0
0
92
173
226
224
167
85
27
6
2
1
1
6
27
85
167
224
225
170
88
0
0
0
0
65
144
212
231
192
114
43
10
2
1
2
10
43
114
192
231
211
142
63
0
0
0
0
43
113
192
231
212
143
64
18
4
2
4
19
65
144
212
230
189
111
42
0
0
0
0
26
83
164
223
225
170
89
29
7
3
8
33
94
174
225
220
161
80
25
0
0
0
0
14
56
132
205
230
194
117
45
12
5
15
53
127
201
231
202
129
54
13
0
0
0
0
7
35
100
180
227
212
145
66
20
9
25
78
158
219
226
176
96
33
7
0
0
0
0
4
20
69
148
213
223
172
92
32
15
39
105
184
228
213
145
66
18
3
0
0
0
0
2
10
44
115
193
226
196
120
50
26
58
133
205
229
192
113
43
10
2
0
0
0
0
1
5
27
85
166
221
214
152
76
45
83
161
219
221
164
83
26
5
1
0
0
0
0
1
2
15
58
135
206
225
182
109
73
112
186
226
204
131
55
14
2
1
0
0
0
0
1
1
8
36
102
182
225
205
143
107
143
205
223
178
98
34
7
1
1
0
0
0
0
1
1
4
21
72
153
215
219
177
149
177
217
210
147
68
19
3
1
1
0
0
0
0
1
1
2
11
48
121
196
225
211
195
210
223
190
114
43
10
2
1
1
0
0
0
0
1
1
1
6
29
89
169
222
234
231
234
220
164
84
26
5
1
1
1
0
0
0
0
1
1
1
3
16
61
139
209
241
247
239
205
133
58
15
3
1
1
1
0
0
0
0
0
1
1
2
9
40
108
187
234
247
231
179
100
36
8
2
1
1
0
0
0
0
0
0
1
1
1
4
24
79
158
220
239
215
149
71
21
4
1
1
1
0
0
0
0
0
0
1
1
1
3
15
58
136
207
228
193
117
47
11
2
1
1
1
0
0
0
0
0
0
1
1
1
3
15
58
135
204
216
165
86
28
6
2
1
1
0
0
0
0
0
0
1
1
1
2
6
25
79
157
211
201
134
59
16
3
1
1
1
0
0
0
0
0
0
1
2
2
5
16
51
117
187
215
178
102
38
9
2
1
1
1
0
0
0
0
0
0
5
9
13
22
47
99
166
213
206
146
70
22
5
2
1
1
0
0
0
0
0
0
0
20
40
55
72
108
162
209
221
182
108
43
11
3
1
1
1
0
0
0
0
0
0
0
50
99
133
155
183
214
227
203
141
70
23
5
2
1
1
0
0
0
0
0
0
0
0
76
148
196
216
227
228
207
157
91
36
10
3
1
1
1
0
0
0
0
0
0
0
0
77
150
199
215
213
194
152
96
45
14
4
1
1
1
0
0
0
0
0
0
0
0
0
54
105
139
149
143
120
81
41
15
4
1
1
1
1
0
0
0
0
0
0
0
0
0
0
0
0
0
0
0
0
0
0
0
0
0
0
0
0
0
0
0
0
0
0
0
0
0
0
0
0
0
0
0
0
0
0
0
0
0
0
0
0
0
0
0
0
0
