27
43
0
0
0
0
0
0
0
0
0
0
0
0
0
0
0
0
0
0
0
0
0
0
0
0
0
0
0
0
0
0
0
0
0
0
0
0
0
0
0
0
0
0
0
0
0
0
0
0
0
0
0
0
0
0
0
0
24
49
68
71
56
32
12
3
1
1
1
0
0
1
1
1
3
12
32
56
71
68
49
0
0
0
0
48
97
136
143
116
69
28
7
2
1
1
1
1
1
1
2
7
28
69
116
143
136
97
0
0
0
0
66
134
188
202
171
109
48
14
3
1
1
1
1
1
1
3
14
48
109
171
202
188
134
0
0
0
0
71
146
208
229
204
142
70
23
5
2
1
1
1
1
2
5
23
70
142
204
229
208
145
0
0
0
0
65
139
206
236
222
168
94
35
9
2
1
1
1
1
2
9
35
94
168
222
235
204
136
0
0
0
0
52
120
192
233
232
191
120
52
15
4
2
1
1
2
4
15
52
120
191
232
231
188
116
0
0
0
0
37
95
169
223
237
210
146
72
24
6
2
1
1
2
6
24
72
146
210
237
221
166
91
0
0
0
0
23
70
142
207
237
224
171
96
37
10
3
2
2
3
10
37
97
171
224
237
206
140
68
0
0
0
0
14
49
115
188
231
233
193
122
53
16
4
2
2
4
17
55
123
193
233
230
185
113
47
0
0
0
0
8
33
88
163
219
237
211
148
74
25
7
3
3
8
28
78
151
212
236
217
159
85
31
0
0
0
0
5
20
63
134
201
235
224
172
97
38
11
4
5
13
45
107
179
227
234
198
130
60
18
0
0
0
0
3
11
42
105
178
227
232
193
123
54
17
6
7
22
65
136
202
235
225
174
101
40
10
0
0
0
0
2
6
26
77
151
212
234
211
148
75
26
9
11
33
88
162
219
236
209
146
73
24
6
0
0
0
0
1
3
15
53
120
190
230
223
172
98
40
14
17
49
113
185
230
230
187
115
49
14
3
0
0
0
0
1
2
8
33
90
164
219
231
194
124
57
22
25
67
138
205
235
219
162
88
32
8
2
0
0
0
0
1
1
4
20
65
137
204
232
212
151
80
36
39
90
163
219
234
202
135
64
20
4
1
0
0
0
0
1
1
2
12
45
109
182
227
225
179
109
57
59
115
185
229
226
178
105
43
11
2
1
0
0
0
0
1
1
2
7
29
82
155
214
232
202
138
83
84
140
204
233
212
150
77
27
6
1
1
0
0
0
0
1
1
1
4
17
57
125
195
231
218
164
113
113
165
218
230
192
121
54
16
3
1
1
0
0
0
0
1
1
1
2
10
38
98
172
223
227
189
148
148
189
226
219
165
92
35
9
2
1
1
0
0
0
0
0
1
1
1
5
24
72
145
208
231
214
188
188
213
228
202
136
65
21
4
1
1
1
0
0
0
0
0
1
1
1
3
14
50
115
186
228
233
224
223
232
225
181
108
45
12
2
1
1
1
0
0
0
0
0
1
1
1
2
8
32
86
160
217
241
244
243
239
214
155
82
29
7
2
1
1
1
0
0
0
0
0
0
1
1
1
4
20
62
133
201
238
249
248
235
195
126
58
18
4
1
1
1
0
0
0
0
0
0
0
1
1
1
3
12
43
106
179
228
246
245
223
170
97
38
10
3
1
1
1
0
0
0
0
0
0
0
1
1
1
2
7
28
79
152
212
240
239
206
143
71
24
6
2
1
1
1
0
0
0
0
0
0
0
1
1
1
2
4
18
58
128
196
233
228
184
114
49
14
3
2
1
1
1
0
0
0
0
0
0
0
0
1
1
2
4
15
52
120
191
227
214
158
86
32
8
2
1
1
1
0
0
0
0
0
0
1
1
1
1
1
2
5
20
63
133
198
223
196
130
62
20
5
2
1
1
1
0
0
0
0
0
0
1
1
1
1
2
3
10
35
88
160
212
217
173
102
42
12
3
2
1
1
1
0
0
0
0
0
0
1
1
2
2
4
8
23
62
125
190
222
204
145
75
26
7
3
1
1
1
0
0
0
0
0
0
0
2
4
7
9
12
24
54
107
170
216
222
182
114
50
16
4
2
1
1
1
0
0
0
0
0
0
0
6
15
27
36
46
67
108
162
209
229
209
151
82
31
9
3
2
1
1
1
0
0
0
0
0
0
0
15
41
74
98
113
136
172
210
231
224
181
115
53
17
5
2
1
1
1
0
0
0
0
0
0
0
0
27
72
129
168
187
202
221
234
229
198
140
76
30
9
3
1
1
1
1
0
0
0
0
0
0
0
0
34
91
161
209
227
234
236
227
200
151
92
42
14
4
2
1
1
1
0
0
0
0
0
0
0
0
0
33
87
154
199
215
217
210
187
145
94
48
18
6
2
1
1
1
0
0
0
0
0
0
0
0
0
0
24
63
112
144
156
156
145
119
81
44
19
6
2
1
1
1
1
0
0
0
0
0
0
0
0
0
0
12
31
56
72
78
78
70
53
31
15
6
2
1
1
1
1
0
0
0
0
0
0
0
0
0
0
0
0
0
0
0
0
0
0
0
0
0
0
0
0
0
0
0
0
0
0
0
0
0
0
0
0
0
0
0
0
0
0
0
0
0
0
0
0
0
0
0
0
0
0
0
0
0
0
0
0
0
0
0
