26
36
0
0
0
0
0
0
0
0
0
0
0
0
0
0
0
0
0
0
0
0
0
0
0
0
0
0
0
0
0
0
0
0
0
0
0
0
0
0
0
0
0
0
0
0
0
0
0
0
0
0
0
0
0
0
41
58
60
48
27
10
3
1
1
1
0
0
1
1
1
3
10
27
48
60
58
41
0
0
0
0
92
128
135
111
67
27
7
2
1
1
1
1
1
1
2
7
27
67
111
135
128
92
0
0
0
0
132
186
200
171
112
51
15
4
1
1
1
1
1
1
4
15
51
112
171
200
186
132
0
0
0
0
142
206
229
208
150
78
27
7
2
1
1
1
1
2
7
27
78
150
208
229
205
140
0
0
0
0
128
198
233
227
180
108
45
12
3
2
1
1
2
3
13
45
108
180
227
232
195
124
0
0
0
0
101
174
225
236
204
139
68
22
6
2
1
1
2
6
22
68
139
204
235
223
171
97
0
0
0
0
72
143
207
236
222
169
95
37
10
3
2
2
3
10
37
96
169
222
236
206
141
70
0
0
0
0
47
111
183
229
233
195
126
57
18
5
2
2
5
19
59
127
195
233
227
180
108
45
0
0
0
0
28
80
152
212
236
215
156
83
30
8
3
4
10
34
89
161
217
235
210
148
76
27
0
0
0
0
15
52
118
188
230
228
184
112
48
14
5
6
18
56
123
192
231
228
184
114
49
14
0
0
0
0
8
31
84
157
215
233
206
142
71
25
8
10
31
83
156
215
235
212
152
80
29
7
0
0
0
0
4
17
54
121
190
229
222
171
98
40
14
17
49
112
184
229
229
187
117
51
15
4
0
0
0
0
2
8
32
86
159
216
230
197
129
62
25
29
72
142
207
234
215
157
84
30
7
2
0
0
0
0
1
4
17
58
126
195
230
217
162
91
45
47
99
171
222
230
192
123
56
17
4
1
0
0
0
0
1
2
9
36
93
166
219
229
192
126
73
74
130
196
230
217
162
89
34
8
2
1
0
0
0
0
1
1
4
20
63
132
199
230
214
159
108
108
160
214
229
195
127
60
19
4
1
1
0
0
0
0
1
1
2
10
39
98
171
221
226
189
149
149
189
224
218
165
93
36
9
2
1
1
0
0
0
0
1
1
1
5
23
68
138
203
229
217
195
195
216
227
197
131
62
20
4
1
1
1
0
0
0
0
1
1
1
3
12
43
104
175
223
235
230
230
234
220
170
98
39
10
2
1
1
1
0
0
0
0
1
1
1
2
6
25
72
143
207
238
246
246
236
202
138
68
23
5
2
1
1
1
0
0
0
0
0
1
1
1
3
14
47
111
182
229
246
245
225
174
103
43
12
3
1
1
1
0
0
0
0
0
0
1
1
1
2
7
29
80
152
212
240
238
205
142
72
25
6
2
1
1
1
0
0
0
0
0
0
1
1
1
2
4
18
59
129
197
232
224
178
108
46
13
3
1
1
1
1
0
0
0
0
0
0
1
1
1
2
4
18
58
128
195
225
205
146
76
27
7
2
1
1
1
0
0
0
0
0
0
1
1
1
2
3
9
30
80
151
207
219
180
112
49
15
4
2
1
1
1
0
0
0
0
0
0
1
2
3
4
9
24
60
121
185
219
205
149
79
29
8
3
1
1
1
0
0
0
0
0
0
0
6
11
14
19
32
62
112
171
214
219
179
112
50
16
4
2
1
1
1
0
0
0
0
0
0
0
23
42
55
66
87
126
173
213
225
200
141
75
28
8
2
1
1
1
1
0
0
0
0
0
0
0
55
99
130
147
166
193
218
228
210
161
97
43
14
4
2
1
1
1
0
0
0
0
0
0
0
0
82
147
191
209
219
227
226
207
165
108
54
20
6
2
1
1
1
0
0
0
0
0
0
0
0
0
84
149
193
210
213
207
187
150
102
56
23
8
3
1
1
1
0
0
0
0
0
0
0
0
0
0
59
105
136
148
148
138
114
80
45
20
7
3
1
1
1
1
0
0
0
0
0
0
0
0
0
0
0
0
0
0
0
0
0
0
0
0
0
0
0
0
0
0
0
0
0
0
0
0
0
0
0
0
0
0
0
0
0
0
0
0
0
0
0
0
0
0
0
0
0
0
0
0
0
0
0
0
