27
47
0
0
0
0
0
0
0
0
0
0
0
0
0
0
0
0
0
0
0
0
0
0
0
0
0
0
0
0
0
0
0
0
0
0
0
0
0
0
0
0
0
0
0
0
0
0
0
0
0
0
0
0
0
0
0
0
33
66
92
96
76
43
16
4
1
1
1
0
0
1
1
1
4
16
43
76
96
92
66
0
0
0
0
55
112
156
164
134
80
32
8
2
1
1
1
1
1
1
2
8
32
80
134
164
155
112
0
0
0
0
70
141
198
212
180
115
51
15
3
1
1
1
1
1
1
3
15
51
115
180
212
198
141
0
0
0
0
72
148
211
232
207
143
71
23
5
2
1
1
1
1
2
5
23
71
143
207
232
211
147
0
0
0
0
66
141
208
236
221
166
92
34
8
2
1
1
1
1
2
8
34
92
166
221
236
206
138
0
0
0
0
56
126
197
234
231
187
115
48
13
3
2
1
1
1
3
13
48
115
187
231
233
193
120
0
0
0
0
42
103
177
227
237
205
138
65
21
5
2
1
1
2
5
21
65
138
205
237
226
174
98
0
0
0
0
28
79
153
214
238
219
161
86
31
8
3
1
1
2
8
31
86
161
219
238
214
151
77
0
0
0
0
17
59
129
199
236
229
182
108
44
12
3
2
2
3
12
44
108
182
229
235
198
128
58
0
0
0
0
11
42
105
180
229
236
200
131
60
18
5
2
3
5
19
61
132
200
235
226
177
102
41
0
0
0
0
7
29
82
156
216
237
215
154
79
28
7
3
3
9
31
84
158
217
237
213
152
78
27
0
0
0
0
4
18
60
130
199
235
226
175
101
39
11
4
5
14
47
110
183
229
234
196
126
56
16
0
0
0
0
3
11
41
104
178
228
233
194
123
54
17
6
7
22
65
137
204
236
226
174
100
39
10
0
0
0
0
2
6
27
79
154
215
235
210
146
72
25
8
10
32
86
161
219
237
211
149
75
25
6
0
0
0
0
1
4
17
57
126
195
232
222
168
93
36
13
15
45
108
181
229
232
192
121
53
15
3
0
0
0
0
1
2
10
38
99
173
224
230
188
115
50
19
22
61
130
200
235
224
171
96
36
9
2
0
0
0
0
1
1
5
25
75
149
212
233
205
139
69
28
32
79
152
214
236
211
148
74
24
5
1
0
0
0
0
1
1
3
16
55
125
195
232
219
164
92
44
47
100
174
225
232
193
122
54
15
3
1
0
0
0
0
1
1
2
10
39
100
174
224
230
188
119
65
67
123
193
231
223
169
95
36
9
2
1
0
0
0
0
1
1
1
6
25
75
148
211
234
208
145
89
90
146
209
233
209
144
71
23
5
1
1
0
0
0
0
1
1
1
3
15
54
122
193
231
220
168
116
116
168
220
230
190
118
51
14
3
1
1
0
0
0
0
1
1
1
2
9
37
97
172
223
227
189
147
147
189
226
220
166
92
34
8
2
1
1
0
0
0
0
0
1
1
1
5
25
75
148
211
231
212
184
184
211
229
205
139
68
22
5
1
1
1
0
0
0
0
0
1
1
1
3
16
54
122
192
230
231
218
218
230
228
187
114
48
13
3
1
1
1
0
0
0
0
0
1
1
1
2
9
36
95
169
222
241
241
241
240
220
166
91
34
8
2
1
1
1
0
0
0
0
0
0
1
1
2
5
24
72
145
210
242
249
249
240
206
140
69
22
5
1
1
1
0
0
0
0
0
0
0
1
1
1
3
15
53
121
193
235
249
248
231
185
113
48
14
3
1
1
1
0
0
0
0
0
0
0
1
1
1
2
10
38
97
171
224
245
244
219
162
88
32
8
2
1
1
1
0
0
0
0
0
0
0
1
1
1
2
6
25
73
146
208
239
237
203
137
66
21
5
2
1
1
1
0
0
0
0
0
0
0
0
1
1
1
4
16
55
124
194
232
227
182
111
47
13
3
1
1
1
0
0
0
0
0
0
0
0
0
1
1
1
3
14
49
117
189
226
214
159
86
32
8
2
1
1
1
0
0
0
0
0
0
0
0
1
1
1
2
4
18
59
129
196
224
199
134
64
20
5
2
1
1
1
0
0
0
0
0
0
1
1
1
1
1
3
8
29
80
152
209
220
179
109
46
13
3
2
1
1
1
0
0
0
0
0
0
1
1
1
2
2
5
15
48
110
179
220
211
156
84
31
8
3
1
1
1
0
0
0
0
0
0
0
1
2
3
4
5
12
34
82
148
205
225
195
129
61
19
5
2
1
1
1
0
0
0
0
0
0
0
2
5
9
13
18
34
72
129
189
225
219
171
100
41
12
3
2
1
1
1
0
0
0
0
0
0
0
7
19
35
46
58
83
127
180
221
232
204
141
72
25
7
2
1
1
1
0
0
0
0
0
0
0
0
18
47
84
111
128
151
186
220
236
223
176
108
47
15
4
2
1
1
1
0
0
0
0
0
0
0
0
28
76
136
177
196
211
227
238
231
197
137
72
27
8
3
1
1
1
0
0
0
0
0
0
0
0
0
34
93
166
214
232
239
240
232
205
155
93
41
14
4
2
1
1
1
0
0
0
0
0
0
0
0
0
34
91
162
209
226
228
221
199
157
102
51
19
6
2
1
1
1
0
0
0
0
0
0
0
0
0
0
27
72
128
165
179
179
168
139
96
53
22
8
3
1
1
1
1
0
0
0
0
0
0
0
0
0
0
16
42
75
98
106
105
95
73
44
20
8
3
1
1
1
1
0
0
0
0
0
0
0
0
0
0
0
0
0
0
0
0
0
0
0
0
0
0
0
0
0
0
0
0
0
0
0
0
0
0
0
0
0
0
0
0
0
0
0
0
0
0
0
0
0
0
0
0
0
0
0
0
0
0
0
0
0
0
0
