23
42
0
0
0
0
0
0
0
0
0
0
0
0
0
0
0
0
0
0
0
0
0
0
0
0
0
0
0
0
0
0
0
0
0
0
0
0
0
0
0
0
0
0
0
0
0
0
0
0
44
65
66
46
21
6
1
1
1
0
1
1
1
6
21
46
66
65
44
0
0
0
0
88
130
133
97
46
14
3
1
1
0
1
1
3
14
46
97
133
130
88
0
0
0
0
122
181
190
145
75
24
5
1
1
1
1
1
5
24
75
145
190
181
122
0
0
0
0
132
201
219
178
101
37
9
2
1
1
1
2
9
37
101
178
219
201
132
0
0
0
0
126
200
228
198
126
52
14
3
1
1
1
3
14
52
126
198
227
198
123
0
0
0
0
110
187
228
213
149
71
21
4
1
1
1
4
21
71
149
213
227
184
106
0
0
0
0
87
166
221
224
172
92
32
7
2
1
2
7
32
92
172
223
220
164
84
0
0
0
0
65
142
209
229
191
115
45
11
3
1
3
12
46
115
191
229
208
140
64
0
0
0
0
47
117
193
229
208
139
62
18
4
2
4
18
63
139
207
228
191
115
46
0
0
0
0
32
93
172
224
219
161
82
27
6
3
7
29
86
164
220
222
169
90
31
0
0
0
0
21
70
147
212
226
182
104
39
10
4
12
45
112
188
227
210
143
66
19
0
0
0
0
13
49
121
196
227
200
127
54
16
7
19
63
139
207
228
192
117
47
12
0
0
0
0
7
33
94
174
222
213
150
72
24
11
29
84
163
219
222
169
90
31
7
0
0
0
0
4
21
70
147
211
221
172
93
35
17
41
106
183
226
210
143
66
19
4
0
0
0
0
2
12
48
120
194
224
191
116
49
27
57
129
200
227
193
118
47
12
2
0
0
0
0
2
7
33
95
174
221
207
141
69
41
76
151
213
222
172
93
32
7
1
0
0
0
0
1
4
21
72
150
212
218
167
94
62
99
173
221
211
147
69
20
4
1
0
0
0
0
1
2
13
51
124
196
223
190
122
87
124
192
223
194
119
48
12
2
1
0
0
0
0
1
1
7
34
97
176
221
206
150
117
150
206
219
172
93
32
7
1
1
0
0
0
0
1
1
4
22
74
152
212
217
177
151
177
215
208
146
69
20
4
1
1
0
0
0
0
1
1
3
14
54
127
198
223
206
190
205
221
192
119
48
12
2
1
1
0
0
0
0
1
1
2
8
37
100
177
223
229
224
229
221
172
94
33
7
1
1
1
0
0
0
0
1
1
1
5
24
75
153
216
240
243
239
213
149
72
22
4
1
1
1
0
0
0
0
0
1
1
3
15
55
129
201
239
248
237
196
123
52
14
3
1
1
0
0
0
0
0
0
1
1
2
9
39
104
182
231
245
228
174
96
35
8
2
1
1
0
0
0
0
0
0
1
1
1
5
26
80
158
218
237
214
150
72
22
5
1
1
1
0
0
0
0
0
0
1
1
1
3
17
61
136
205
227
195
123
52
14
3
1
1
1
0
0
0
0
0
0
1
1
1
3
14
55
129
199
217
174
97
36
8
2
1
1
0
0
0
0
0
0
1
1
1
1
4
19
65
141
203
207
150
74
23
5
2
1
1
0
0
0
0
0
0
1
1
1
2
8
31
88
164
210
193
125
54
15
3
1
1
1
0
0
0
0
0
0
1
2
3
5
18
55
122
190
212
173
98
37
9
2
1
1
1
0
0
0
0
0
0
3
6
10
18
43
95
163
211
206
147
72
23
6
2
1
1
0
0
0
0
0
0
0
14
27
38
55
92
149
202
221
188
117
49
14
3
1
1
1
0
0
0
0
0
0
0
38
73
100
123
157
199
225
214
159
85
31
8
2
1
1
0
0
0
0
0
0
0
0
66
127
170
193
213
229
225
187
120
54
17
4
2
1
1
0
0
0
0
0
0
0
0
83
158
209
229
234
228
198
142
77
29
8
2
1
1
1
0
0
0
0
0
0
0
0
79
151
199
215
212
190
146
89
40
13
3
1
1
1
0
0
0
0
0
0
0
0
0
58
109
144
155
149
124
83
42
16
5
1
1
1
1
0
0
0
0
0
0
0
0
0
0
0
0
0
0
0
0
0
0
0
0
0
0
0
0
0
0
0
0
0
0
0
0
0
0
0
0
0
0
0
0
0
0
0
0
0
0
0
0
0
0
0
0
0
