21
35
0
0
0
0
0
0
0
0
0
0
0
0
0
0
0
0
0
0
0
0
0
0
0
0
0
0
0
0
0
0
0
0
0
0
0
0
0
0
0
0
0
0
0
0
66
113
122
86
37
9
2
1
1
1
2
9
37
86
122
113
66
0
0
0
0
95
165
183
136
64
18
3
1
1
1
3
18
64
136
183
164
95
0
0
0
0
101
182
213
171
90
29
6
2
1
2
6
29
90
171
212
181
100
0
0
0
0
90
174
219
193
116
44
10
2
2
2
10
44
116
193
218
171
88
0
0
0
0
71
153
213
208
141
61
16
4
2
4
16
61
141
208
212
150
68
0
0
0
0
50
126
200
217
165
83
26
6
3
6
26
83
165
217
199
124
49
0
0
0
0
34
99
181
219
186
106
38
9
4
10
39
108
187
218
179
97
32
0
0
0
0
21
74
157
214
203
131
54
14
5
16
58
136
204
212
153
71
20
0
0
0
0
12
52
129
201
213
156
74
22
9
26
82
164
216
199
125
49
11
0
0
0
0
6
34
100
181
215
177
96
33
15
40
108
187
218
178
96
32
6
0
0
0
0
3
20
73
154
209
194
120
48
24
56
133
202
211
151
69
19
3
0
0
0
0
2
11
50
126
197
206
145
68
38
76
156
212
197
124
48
11
2
0
0
0
0
1
6
33
98
178
211
170
94
59
101
177
213
177
96
32
6
1
0
0
0
0
1
4
21
73
154
208
191
125
88
128
194
207
151
70
19
3
1
0
0
0
0
1
2
12
51
126
196
204
154
120
155
204
193
123
48
11
2
1
0
0
0
0
1
1
7
34
99
177
209
183
158
182
207
173
94
31
6
1
1
0
0
0
0
1
1
4
21
74
154
207
210
200
210
204
148
68
19
3
1
1
0
0
0
0
1
1
2
12
52
126
198
229
232
228
195
122
48
11
2
1
1
0
0
0
0
1
1
2
7
34
100
181
231
244
229
177
96
32
7
2
1
1
0
0
0
0
1
1
1
4
22
75
157
221
241
217
150
70
20
4
1
1
1
0
0
0
0
1
1
1
3
13
54
130
203
230
198
122
49
12
3
1
1
1
0
0
0
0
0
1
1
2
9
39
110
188
216
174
94
32
7
2
1
1
0
0
0
0
0
0
1
1
2
8
39
109
185
202
148
69
19
4
1
1
1
0
0
0
0
0
1
1
1
3
14
54
129
192
188
120
48
11
2
1
1
1
0
0
0
0
0
1
2
3
8
30
85
160
201
169
92
31
7
2
1
1
0
0
0
0
0
0
4
9
14
28
66
132
193
200
142
65
18
4
1
1
1
0
0
0
0
0
0
16
35
55
81
127
183
213
184
110
42
10
2
1
1
1
0
0
0
0
0
0
38
86
129
160
193
218
208
151
75
23
5
1
1
1
0
0
0
0
0
0
0
57
129
188
216
226
216
173
104
42
11
2
1
1
1
0
0
0
0
0
0
0
59
131
189
211
205
172
116
57
18
4
1
1
1
0
0
0
0
0
0
0
0
41
92
132
146
134
100
56
22
6
2
1
1
0
0
0
0
0
0
0
0
0
0
0
0
0
0
0
0
0
0
0
0
0
0
0
0
0
0
0
0
0
0
0
0
0
0
0
0
0
0
0
0
0
0
0
0
0
0
0
0
0
