21
31
0
0
0
0
0
0
0
0
0
0
0
0
0
0
0
0
0
0
0
0
0
0
0
0
0
0
0
0
0
0
0
0
0
0
0
0
0
0
0
0
0
0
0
0
55
73
74
58
30
9
1
0
0
0
0
5
24
55
73
73
55
0
0
0
0
117
163
170
142
85
30
5
0
0
0
1
15
61
128
167
163
117
0
0
0
0
136
206
231
210
142
58
12
0
0
0
5
34
104
185
225
206
136
0
0
0
0
105
190
240
236
175
81
19
1
0
1
15
66
151
222
240
197
109
0
0
0
0
66
151
222
240
197
109
35
5
0
5
34
105
190
240
236
175
81
0
0
0
0
35
109
197
240
221
147
59
12
0
12
59
147
221
246
221
147
59
0
0
0
0
19
81
175
236
236
175
81
19
2
19
81
175
236
240
190
105
34
0
0
0
0
12
59
147
221
240
197
109
35
10
35
109
197
240
222
151
66
15
0
0
0
0
5
35
109
197
240
221
147
59
23
59
147
221
240
197
109
35
5
0
0
0
0
1
19
81
175
236
236
175
82
38
82
175
236
236
175
81
19
1
0
0
0
0
0
12
59
147
221
240
197
114
70
114
197
240
221
147
59
12
0
0
0
0
0
0
5
34
105
190
236
221
162
125
162
222
240
197
109
35
5
0
0
0
0
0
0
1
15
66
151
221
236
205
179
205
240
236
175
81
19
1
0
0
0
0
0
0
0
5
35
109
197
240
237
225
237
246
221
147
59
12
0
0
0
0
0
0
0
0
1
19
81
175
236
251
249
252
243
197
109
35
5
0
0
0
0
0
0
0
0
0
12
59
147
221
251
255
255
237
175
81
19
1
0
0
0
0
0
0
0
0
0
5
35
109
197
244
255
251
221
147
59
12
0
0
0
0
0
0
0
0
0
0
1
19
81
175
237
254
241
190
105
34
5
0
0
0
0
0
0
0
0
0
0
0
13
63
154
225
247
222
151
66
15
1
0
0
0
0
0
0
0
0
0
0
0
10
54
140
215
238
197
109
35
5
0
0
0
0
0
0
0
0
0
0
0
1
16
70
157
225
233
175
81
19
1
0
0
0
0
0
0
0
0
1
5
12
19
45
110
191
236
220
147
59
12
0
0
0
0
0
0
0
0
0
5
24
55
80
114
170
225
236
190
105
34
5
0
0
0
0
0
0
0
0
0
12
55
124
170
198
225
239
214
147
65
15
1
0
0
0
0
0
0
0
0
0
15
73
167
226
243
242
218
162
89
30
5
0
0
0
0
0
0
0
0
0
0
15
73
167
225
236
214
162
93
37
9
1
0
0
0
0
0
0
0
0
0
0
12
55
124
167
171
143
89
37
9
1
0
0
0
0
0
0
0
0
0
0
0
0
0
0
0
0
0
0
0
0
0
0
0
0
0
0
0
0
0
0
0
0
0
0
0
0
0
0
0
0
0
0
0
0
0
0
0
0
0
0
0
