20
31
0
0
0
0
0
0
0
0
0
0
0
0
0
0
0
0
0
0
0
0
0
0
0
0
0
0
0
0
0
0
0
0
0
0
0
0
0
0
0
0
0
0
73
74
58
30
9
1
0
0
0
1
15
61
128
167
163
117
0
0
0
0
156
167
142
89
37
9
1
0
0
4
30
98
182
225
210
142
0
0
0
0
175
213
210
161
89
30
5
0
0
8
44
123
206
241
215
140
0
0
0
0
124
194
232
214
147
65
15
1
0
9
50
133
212
243
221
147
0
0
0
0
70
152
221
236
190
105
34
5
0
13
63
154
225
246
217
141
0
0
0
0
35
109
197
240
221
147
59
12
1
19
81
175
236
240
190
105
0
0
0
0
19
81
175
236
236
175
81
19
6
35
109
197
240
222
151
66
0
0
0
0
12
59
147
221
240
197
109
35
16
59
147
221
240
197
109
35
0
0
0
0
5
35
109
197
240
221
147
59
27
74
171
235
236
175
81
19
0
0
0
0
1
19
81
175
236
236
175
82
39
85
182
236
221
147
59
12
0
0
0
0
0
12
59
147
221
240
197
114
70
114
197
233
197
109
35
5
0
0
0
0
0
5
34
105
190
236
221
162
125
162
221
232
175
81
19
1
0
0
0
0
0
1
15
66
151
221
236
205
179
205
237
224
154
63
13
0
0
0
0
0
0
0
5
34
105
190
236
236
225
237
244
215
140
54
10
0
0
0
0
0
0
0
1
15
65
147
214
243
248
252
250
221
147
59
12
0
0
0
0
0
0
0
0
5
30
90
166
226
251
255
250
217
141
56
11
0
0
0
0
0
0
0
0
1
9
42
113
198
244
255
241
190
105
34
5
0
0
0
0
0
0
0
0
0
1
19
81
175
237
250
222
151
66
15
1
0
0
0
0
0
0
0
0
0
0
13
63
154
225
241
197
109
35
5
0
0
0
0
0
0
0
0
0
0
0
10
54
140
215
234
182
85
20
1
0
0
0
0
0
0
0
0
0
0
1
16
70
157
225
232
171
74
15
0
0
0
0
0
0
0
0
1
5
12
19
45
110
191
236
220
147
59
12
0
0
0
0
0
0
0
0
5
24
55
80
114
170
225
236
190
105
34
5
0
0
0
0
0
0
0
0
12
55
124
170
198
225
239
214
147
65
15
1
0
0
0
0
0
0
0
0
15
70
160
222
243
246
225
166
90
30
5
0
0
0
0
0
0
0
0
0
12
58
142
210
236
229
186
108
41
9
1
0
0
0
0
0
0
0
0
0
5
30
85
142
171
168
128
61
15
1
0
0
0
0
0
0
0
0
0
0
0
0
0
0
0
0
0
0
0
0
0
0
0
0
0
0
0
0
0
0
0
0
0
0
0
0
0
0
0
0
0
0
0
0
0
0
0
