21
32
0
0
0
0
0
0
0
0
0
0
0
0
0
0
0
0
0
0
0
0
0
0
0
0
0
0
0
0
0
0
0
0
0
0
0
0
0
0
0
0
0
0
0
0
1
5
11
11
5
1
0
0
0
0
0
5
30
85
142
156
117
0
0
0
0
15
34
56
55
30
9
1
0
0
0
1
15
65
146
206
202
136
0
0
0
0
61
104
141
136
85
30
5
0
0
0
5
34
105
190
229
196
109
0
0
0
0
121
182
216
206
142
58
12
0
0
1
15
66
151
221
232
175
81
0
0
0
0
137
211
245
236
175
81
19
1
0
4
30
99
186
236
224
154
63
0
0
0
0
104
186
234
240
197
113
42
9
1
7
41
116
202
239
212
133
50
0
0
0
0
61
132
191
227
221
166
90
30
5
5
35
109
197
236
206
123
44
0
0
0
0
24
65
124
194
232
214
147
65
15
7
39
115
200
233
193
102
31
0
0
0
0
5
22
70
152
221
236
190
105
34
16
59
147
220
232
175
81
19
0
0
0
0
0
5
35
109
197
240
221
147
60
30
81
175
232
220
147
59
12
0
0
0
0
0
1
19
81
175
236
236
176
88
57
107
194
233
200
115
39
6
0
0
0
0
0
0
12
58
143
214
236
200
135
110
146
211
237
200
115
39
6
0
0
0
0
0
0
5
30
89
162
214
224
198
178
187
223
242
217
141
56
11
0
0
0
0
0
0
1
9
37
94
166
221
237
230
227
240
246
217
141
56
11
0
0
0
0
0
0
0
1
9
42
113
198
243
252
249
252
243
197
109
35
5
0
0
0
0
0
0
0
0
1
19
81
175
237
255
255
255
237
175
81
19
1
0
0
0
0
0
0
0
0
0
12
58
143
214
247
255
252
225
154
63
13
0
0
0
0
0
0
0
0
0
0
5
30
90
166
226
251
248
212
133
50
9
0
0
0
0
0
0
0
0
0
0
1
9
41
109
191
241
246
206
123
44
8
0
0
0
0
0
0
0
0
0
0
0
1
16
70
157
226
240
193
102
31
4
0
0
0
0
0
0
0
0
0
0
0
0
10
54
140
214
230
175
81
19
1
0
0
0
0
0
0
0
0
0
0
0
1
16
70
157
221
217
147
59
12
0
0
0
0
0
0
0
0
0
0
1
5
15
44
110
191
229
196
109
35
5
0
0
0
0
0
0
0
0
0
0
5
24
61
109
170
225
232
175
81
19
1
0
0
0
0
0
0
0
0
0
0
12
55
128
186
225
239
213
143
58
12
0
0
0
0
0
0
0
0
0
0
0
15
73
168
229
246
225
166
90
30
5
0
0
0
0
0
0
0
0
0
0
0
15
73
167
225
229
186
108
41
9
1
0
0
0
0
0
0
0
0
0
0
0
12
55
124
167
168
128
61
15
1
0
0
0
0
0
0
0
0
0
0
0
0
0
0
0
0
0
0
0
0
0
0
0
0
0
0
0
0
0
0
0
0
0
0
0
0
0
0
0
0
0
0
0
0
0
0
0
0
