21
33
0
0
0
0
0
0
0
0
0
0
0
0
0
0
0
0
0
0
0
0
0
0
0
0
0
0
0
0
0
0
0
0
0
0
0
0
0
0
0
0
0
0
0
0
0
0
0
0
0
0
0
0
0
2
12
34
60
80
101
108
76
0
0
0
0
0
0
1
3
5
3
1
0
0
4
23
70
130
169
184
169
108
0
0
0
0
12
15
19
24
27
15
4
1
0
3
25
85
167
221
231
196
118
0
0
0
0
55
73
82
87
78
42
11
1
0
4
27
92
181
236
241
195
111
0
0
0
0
122
164
178
175
143
76
22
3
0
4
31
100
190
240
239
189
105
0
0
0
0
148
206
232
230
190
113
43
10
2
5
34
106
195
243
240
192
109
0
0
0
0
114
180
228
243
220
158
85
32
7
5
33
105
195
243
241
190
103
0
0
0
0
58
120
192
236
240
207
143
70
21
9
40
116
201
244
237
180
88
0
0
0
0
23
74
156
222
248
237
190
113
47
24
55
135
213
247
234
172
80
0
0
0
0
9
46
121
197
240
247
221
163
97
55
71
144
217
248
235
174
81
0
0
0
0
4
26
79
150
209
239
241
214
162
102
87
143
214
246
231
167
75
0
0
0
0
2
10
36
88
156
215
244
242
209
149
117
158
219
245
222
150
63
0
0
0
0
1
2
11
42
105
179
229
247
232
190
161
190
233
246
215
140
56
0
0
0
0
0
0
3
19
64
132
193
232
241
223
207
223
246
249
217
143
59
0
0
0
0
0
0
1
8
32
77
136
200
238
244
240
246
253
248
212
134
53
0
0
0
0
0
0
1
3
10
33
83
160
224
249
253
254
255
244
198
114
40
0
0
0
0
0
0
0
1
2
12
48
122
198
241
253
255
255
240
189
102
32
0
0
0
0
0
0
0
0
1
4
26
80
154
213
244
254
254
240
188
101
32
0
0
0
0
0
0
0
0
0
2
10
38
95
165
221
248
253
235
177
90
27
0
0
0
0
0
0
0
0
0
1
2
13
49
117
191
237
248
225
158
72
18
0
0
0
0
0
0
0
0
0
0
1
4
25
82
164
224
244
219
148
62
14
0
0
0
0
0
0
0
0
0
0
0
1
15
65
150
218
243
219
146
61
14
0
0
0
0
0
0
0
0
1
1
2
2
14
64
151
220
241
210
132
52
10
0
0
0
0
0
0
0
1
2
6
13
17
34
88
172
232
240
194
106
34
5
0
0
0
0
0
0
0
1
4
16
39
65
93
141
205
243
237
178
84
21
2
0
0
0
0
0
0
0
1
4
23
67
128
174
207
236
247
225
159
68
15
1
0
0
0
0
0
0
0
1
3
20
74
156
217
242
245
227
184
117
47
9
0
0
0
0
0
0
0
0
1
2
16
65
148
212
232
216
172
114
59
20
4
0
0
0
0
0
0
0
0
0
1
12
48
109
156
169
145
94
47
17
5
1
0
0
0
0
0
0
0
0
0
0
0
0
0
0
0
0
0
0
0
0
0
0
0
0
0
0
0
0
0
0
0
0
0
0
0
0
0
0
0
0
0
0
0
0
0
