21
30
0
0
0
0
0
0
0
0
0
0
0
0
0
0
0
0
0
0
0
0
0
0
0
0
0
0
0
0
0
0
0
0
0
0
0
0
0
0
0
0
0
0
0
0
117
163
170
142
85
30
5
0
0
0
0
5
24
55
73
73
55
0
0
0
0
136
206
231
210
142
58
12
0
0
0
1
15
61
128
167
163
117
0
0
0
0
105
190
240
236
175
81
19
1
0
0
5
34
104
185
225
206
136
0
0
0
0
66
151
222
240
197
109
35
5
0
1
15
66
151
222
240
197
109
0
0
0
0
35
109
197
240
221
147
59
12
0
5
34
105
190
240
236
175
81
0
0
0
0
19
81
175
236
236
175
81
19
1
12
59
147
221
246
221
147
59
0
0
0
0
13
63
154
225
241
197
109
35
6
19
81
175
236
240
190
105
34
0
0
0
0
10
54
140
215
243
217
141
57
19
42
113
197
236
215
147
65
15
0
0
0
0
12
59
147
221
246
221
148
68
48
94
167
221
221
166
90
30
5
0
0
0
0
11
56
141
217
243
215
144
84
99
162
218
232
190
109
41
9
1
0
0
0
0
5
34
105
190
237
225
169
128
159
215
242
221
151
66
15
1
0
0
0
0
0
1
15
66
151
221
236
205
179
205
241
243
197
109
35
5
0
0
0
0
0
0
0
5
35
109
197
240
237
225
237
250
237
175
81
19
1
0
0
0
0
0
0
0
1
19
81
175
236
251
249
252
250
221
147
59
12
0
0
0
0
0
0
0
0
0
12
59
147
221
251
255
255
244
197
109
35
5
0
0
0
0
0
0
0
0
0
5
35
109
197
244
255
255
237
175
81
19
1
0
0
0
0
0
0
0
0
0
1
19
81
175
237
255
251
221
147
59
12
0
0
0
0
0
0
0
0
0
0
0
13
63
154
225
251
241
190
105
34
5
0
0
0
0
0
0
0
0
0
0
1
14
60
143
215
241
215
147
65
15
1
0
0
0
0
0
0
0
0
0
1
9
38
98
172
221
215
162
89
30
5
0
0
0
0
0
0
0
0
0
12
19
42
94
163
214
217
166
94
37
9
1
0
0
0
0
0
0
0
0
0
55
80
113
167
218
232
190
109
41
9
1
0
0
0
0
0
0
0
0
0
0
124
170
198
225
239
214
147
65
15
1
0
0
0
0
0
0
0
0
0
0
0
167
226
243
242
218
162
89
30
5
0
0
0
0
0
0
0
0
0
0
0
0
167
225
236
214
162
93
37
9
1
0
0
0
0
0
0
0
0
0
0
0
0
124
167
171
143
89
37
9
1
0
0
0
0
0
0
0
0
0
0
0
0
0
0
0
0
0
0
0
0
0
0
0
0
0
0
0
0
0
0
0
0
0
0
0
0
0
0
0
0
0
0
0
0
0
0
0
0
0
0
0
0
0
