22
30
0
0
0
0
0
0
0
0
0
0
0
0
0
0
0
0
0
0
0
0
0
0
0
0
0
0
0
0
0
0
0
0
0
0
0
0
0
0
0
0
0
0
0
0
0
0
11
51
117
156
142
89
37
9
1
0
0
0
0
1
4
7
4
1
0
0
0
0
12
58
142
206
211
161
89
30
5
0
0
0
0
5
20
36
30
19
0
0
0
0
9
50
133
211
239
211
137
55
11
0
0
1
5
22
58
98
99
80
0
0
0
0
8
44
123
206
242
221
147
59
12
0
0
5
24
65
119
170
182
160
0
0
0
0
4
31
102
193
237
215
140
54
10
0
1
15
61
132
190
223
216
176
0
0
0
0
1
19
81
175
233
224
154
63
13
0
5
34
104
186
234
240
200
128
0
0
0
0
0
12
59
147
220
232
175
81
19
1
12
59
147
221
250
237
176
85
0
0
0
0
0
6
39
115
200
234
197
109
35
6
19
81
175
236
246
214
143
58
0
0
0
0
0
5
35
109
197
239
217
141
57
19
42
113
197
236
219
162
89
30
0
0
0
0
0
7
41
116
202
241
221
148
68
48
94
167
221
221
167
94
37
9
0
0
0
0
0
4
31
102
193
237
215
144
84
99
162
218
232
190
109
41
9
1
0
0
0
0
0
1
19
81
175
233
225
169
128
159
215
242
221
151
66
15
1
0
0
0
0
0
0
0
12
59
147
220
236
205
179
205
241
243
197
109
35
5
0
0
0
0
0
0
0
0
6
39
115
200
241
237
225
237
250
237
175
81
19
1
0
0
0
0
0
0
0
0
5
35
109
197
243
252
249
251
246
214
143
58
12
0
0
0
0
0
0
0
0
0
7
41
116
202
246
255
255
251
226
166
90
30
5
0
0
0
0
0
0
0
0
0
4
31
102
193
243
255
255
241
191
109
41
9
1
0
0
0
0
0
0
0
0
0
1
19
81
175
237
255
251
222
151
66
15
1
0
0
0
0
0
0
0
0
0
0
0
13
63
154
225
251
241
190
105
34
5
0
0
0
0
0
0
0
0
0
0
0
1
14
60
143
215
241
215
147
65
15
1
0
0
0
0
0
0
0
0
0
12
15
20
43
99
172
221
215
162
89
30
5
0
0
0
0
0
0
0
0
0
0
55
73
85
113
167
214
217
166
94
37
9
1
0
0
0
0
0
0
0
0
0
0
124
167
182
198
225
232
190
109
41
9
1
0
0
0
0
0
0
0
0
0
0
0
167
225
241
243
242
214
147
65
15
1
0
0
0
0
0
0
0
0
0
0
0
0
167
225
240
236
214
161
89
30
5
0
0
0
0
0
0
0
0
0
0
0
0
0
124
167
178
171
143
89
37
9
1
0
0
0
0
0
0
0
0
0
0
0
0
0
0
0
0
0
0
0
0
0
0
0
0
0
0
0
0
0
0
0
0
0
0
0
0
0
0
0
0
0
0
0
0
0
0
0
0
0
0
0
0
0
0
0
