25
31
0
0
0
0
0
0
0
0
0
0
0
0
0
0
0
0
0
0
0
0
0
0
0
0
0
0
0
0
0
0
0
0
0
0
0
0
0
0
0
0
0
0
0
0
0
0
0
0
0
0
0
0
0
0
3
19
64
126
159
145
98
52
18
4
1
0
0
0
0
0
0
0
0
0
0
0
0
0
0
2
19
71
150
208
214
175
113
48
11
1
0
0
1
3
7
9
5
1
0
0
0
0
0
0
2
15
59
137
210
240
221
158
74
20
2
0
1
3
15
36
46
33
20
0
0
0
0
0
0
2
13
53
127
204
242
232
172
83
23
3
1
2
13
45
94
120
104
81
0
0
0
0
0
0
2
12
53
129
207
243
230
167
79
21
2
2
10
39
94
160
196
190
167
0
0
0
0
0
0
1
9
46
122
202
242
233
174
86
24
4
7
31
84
155
213
238
230
195
0
0
0
0
0
0
1
7
40
112
191
238
239
190
104
34
7
16
59
131
202
241
247
220
159
0
0
0
0
0
0
0
7
38
107
186
235
240
196
111
39
15
36
94
172
229
249
237
190
111
0
0
0
0
0
0
0
5
33
100
183
235
238
188
101
38
33
76
141
206
240
239
206
143
69
0
0
0
0
0
0
0
3
25
88
178
235
239
188
100
48
71
138
198
234
240
211
152
84
31
0
0
0
0
0
0
0
2
22
85
177
236
243
197
117
77
115
188
235
247
226
171
98
39
10
0
0
0
0
0
0
0
3
24
88
180
238
245
207
145
124
164
220
247
241
200
128
57
16
3
0
0
0
0
0
0
0
2
20
81
173
235
245
216
177
178
211
240
242
213
154
82
29
6
1
0
0
0
0
0
0
0
1
15
67
156
225
246
231
212
221
241
247
223
164
93
38
10
2
1
0
0
0
0
0
0
0
1
12
60
148
221
248
246
240
245
250
237
191
115
46
12
2
1
0
0
0
0
0
0
0
0
1
13
63
151
223
251
254
253
251
241
206
143
70
21
3
1
0
0
0
0
0
0
0
0
0
1
12
58
144
218
250
255
254
246
214
154
84
32
7
1
0
0
0
0
0
0
0
0
0
0
1
8
46
124
204
245
255
252
230
177
103
41
10
2
1
0
0
0
0
0
0
0
1
1
1
1
7
41
116
198
242
252
241
202
132
61
18
3
0
0
0
0
0
0
0
0
0
3
3
2
3
15
58
137
211
245
244
214
155
84
31
7
1
0
0
0
0
0
0
0
0
0
17
22
21
24
45
96
172
230
247
226
168
96
39
10
2
1
0
0
0
0
0
0
0
0
0
56
80
85
90
112
156
209
239
235
193
120
50
13
2
1
0
0
0
0
0
0
0
0
0
0
113
163
180
185
197
216
233
226
193
138
72
23
4
1
0
0
0
0
0
0
0
0
0
0
0
141
209
236
241
244
244
228
184
125
70
29
8
1
0
0
0
0
0
0
0
0
0
0
0
0
127
199
234
244
246
232
191
127
65
25
7
2
1
0
0
0
0
0
0
0
0
0
0
0
0
78
138
174
194
204
183
129
68
26
7
1
0
0
0
0
0
0
0
0
0
0
0
0
0
0
29
57
81
104
122
104
61
24
7
2
1
0
0
0
0
0
0
0
0
0
0
0
0
0
0
0
0
0
0
0
0
0
0
0
0
0
0
0
0
0
0
0
0
0
0
0
0
0
0
0
0
0
0
0
0
0
0
0
0
0
0
0
0
0
0
0
0
0
0
0
0
0
0
