27
37
0
0
0
0
0
0
0
0
0
0
0
0
0
0
0
0
0
0
0
0
0
0
0
0
0
0
0
0
0
0
0
0
0
0
0
0
0
0
0
0
0
0
0
0
0
0
0
0
0
0
0
0
0
0
0
0
19
57
107
136
129
90
40
10
2
1
1
0
0
0
0
0
0
0
0
0
0
0
0
0
0
0
0
27
84
157
199
190
131
58
15
3
1
1
0
0
0
0
0
0
0
0
0
0
0
0
0
0
0
0
30
93
176
224
213
148
65
16
3
1
1
0
0
0
0
0
0
0
0
0
0
0
0
0
0
0
0
30
95
179
229
218
150
65
17
3
1
1
0
0
0
0
0
0
0
0
0
0
0
0
0
0
0
0
30
95
180
230
219
151
66
17
3
1
1
1
1
1
1
1
1
1
0
0
0
0
0
0
0
0
0
30
95
180
230
219
151
66
17
3
2
2
3
3
3
2
2
1
1
1
1
0
0
0
0
0
0
0
30
95
180
230
219
151
66
17
4
5
7
9
9
9
8
5
3
2
1
1
1
0
0
0
0
0
0
30
95
180
230
219
151
67
20
11
18
28
36
38
37
32
22
12
6
2
1
1
1
1
0
0
0
0
30
95
180
230
219
152
70
32
37
61
86
102
108
106
94
71
45
23
9
3
1
1
1
0
0
0
0
30
95
180
230
219
155
86
68
97
137
169
186
191
189
177
150
113
71
35
12
3
1
1
0
0
0
0
30
95
180
230
222
170
123
130
170
202
219
225
227
229
227
215
188
143
88
40
12
3
1
0
0
0
0
30
95
180
231
231
199
177
189
208
208
197
189
190
199
217
232
231
205
154
88
35
9
2
0
0
0
0
30
95
180
233
242
229
215
204
183
148
116
100
100
117
154
198
230
234
205
143
72
23
5
0
0
0
0
30
95
180
234
247
236
206
162
112
70
42
30
30
44
79
136
195
232
231
188
114
46
11
0
0
0
0
30
95
180
233
242
214
157
95
47
20
8
5
5
10
30
76
145
209
236
216
151
72
21
0
0
0
0
30
95
180
232
231
181
105
44
14
4
1
1
1
2
10
38
102
181
230
230
177
95
31
0
0
0
0
30
95
180
231
222
159
75
22
5
2
1
1
1
1
4
21
74
158
222
235
193
111
40
0
0
0
0
30
95
180
230
219
152
67
17
3
1
1
1
1
1
2
14
59
142
213
236
201
122
46
0
0
0
0
30
95
180
230
219
151
66
17
3
1
1
0
1
1
2
11
51
130
206
235
206
128
49
0
0
0
0
30
95
180
230
219
151
66
17
3
1
1
0
1
1
2
10
46
122
201
234
208
130
51
0
0
0
0
30
95
180
230
219
151
66
17
3
1
1
0
1
1
2
10
45
121
200
234
208
130
51
0
0
0
0
30
95
180
230
219
151
66
17
3
1
1
0
1
1
2
11
48
125
203
235
207
129
50
0
0
0
0
30
95
180
230
219
151
66
17
3
1
1
0
1
1
2
13
55
135
209
235
203
125
47
0
0
0
0
30
95
180
230
219
151
67
18
3
1
1
1
1
1
4
19
70
152
218
234
194
113
41
0
0
0
0
30
95
180
230
221
156
73
22
5
2
1
1
1
2
8
34
95
175
228
228
176
93
31
0
0
0
0
30
95
180
231
228
176
100
44
17
7
3
2
3
7
22
63
133
202
234
215
149
70
20
0
0
0
0
30
95
180
233
239
209
154
98
56
31
18
15
17
29
60
115
180
225
230
189
114
45
11
0
0
0
0
30
95
179
233
247
235
208
170
129
92
69
61
66
86
127
178
219
231
206
146
74
24
5
0
0
0
0
30
94
178
230
242
234
224
215
198
174
154
147
151
169
197
223
230
209
158
91
37
10
2
0
0
0
0
28
87
163
209
213
196
185
198
214
218
216
215
216
222
227
222
198
153
95
43
13
3
1
0
0
0
0
20
63
118
150
148
125
110
129
165
194
209
214
215
211
196
169
129
83
40
14
4
1
1
0
0
0
0
10
29
55
70
68
53
42
55
86
118
139
148
148
140
119
89
57
29
11
3
1
1
1
0
0
0
0
3
8
15
19
18
13
10
14
28
45
58
63
63
58
45
29
15
7
3
1
1
1
1
0
0
0
0
0
0
0
0
0
0
0
0
0
0
0
0
0
0
0
0
0
0
0
0
0
0
0
0
0
0
0
0
0
0
0
0
0
0
0
0
0
0
0
0
0
0
0
0
0
0
0
0
0
0
0
0
