31
43
0
0
0
0
0
0
0
0
0
0
0
0
0
0
0
0
0
0
0
0
0
0
0
0
0
0
0
0
0
0
0
0
0
0
0
0
0
0
0
0
0
0
0
0
0
0
0
0
0
0
0
0
0
0
0
0
0
0
0
0
0
0
0
0
24
62
111
143
149
128
85
38
11
3
1
1
1
0
0
0
0
0
0
0
0
0
0
0
0
0
0
0
0
0
0
33
86
154
198
207
178
118
52
15
3
2
1
1
0
0
0
0
0
0
0
0
0
0
0
0
0
0
0
0
0
0
36
95
170
221
231
199
131
58
16
4
2
1
1
0
0
0
0
0
0
0
0
0
0
0
0
0
0
0
0
0
0
36
97
173
226
236
203
133
59
16
4
2
1
1
0
0
0
0
0
0
0
0
0
0
0
0
0
0
0
0
0
0
36
97
174
227
237
204
134
59
16
4
2
1
1
1
1
1
1
1
1
1
0
0
0
0
0
0
0
0
0
0
0
36
97
174
227
238
204
134
59
16
4
2
1
1
1
1
1
1
1
1
1
1
0
0
0
0
0
0
0
0
0
0
36
97
175
227
238
204
134
59
17
4
2
2
2
3
3
3
3
2
2
1
1
1
1
1
0
0
0
0
0
0
0
36
97
175
227
238
204
134
59
17
5
3
4
5
6
7
7
6
5
4
2
2
1
1
1
1
0
0
0
0
0
0
36
97
175
227
238
204
134
59
18
7
8
12
18
22
23
23
22
17
11
7
4
2
1
1
1
1
0
0
0
0
0
36
97
175
227
238
204
135
61
21
16
25
41
57
67
70
70
67
55
39
23
12
6
2
1
1
1
1
0
0
0
0
36
97
175
227
238
204
136
65
36
45
71
100
126
140
145
145
140
123
96
67
40
19
8
3
1
1
1
0
0
0
0
36
97
175
227
238
205
140
81
71
100
140
173
196
208
212
212
208
194
168
135
95
55
26
9
3
1
1
0
0
0
0
36
97
174
227
238
209
156
117
127
166
201
221
230
234
235
236
237
234
222
200
163
114
64
28
9
2
1
0
0
0
0
36
97
174
227
240
220
187
169
184
210
221
215
206
201
200
205
216
231
239
236
216
176
119
63
24
7
2
0
0
0
0
36
97
174
228
244
236
221
212
213
208
187
158
133
121
120
129
153
188
221
239
240
219
172
109
51
16
4
0
0
0
0
36
97
175
228
248
247
238
222
196
160
120
83
58
47
46
55
80
123
174
217
240
239
211
154
86
33
9
0
0
0
0
36
97
175
229
248
246
228
192
143
93
55
29
16
11
10
15
30
63
116
177
222
242
232
190
122
55
17
0
0
0
0
36
97
175
228
246
235
198
141
83
41
17
7
3
2
2
3
9
26
67
130
194
234
241
213
152
79
28
0
0
0
0
36
97
174
228
242
220
164
94
40
14
5
2
1
1
1
1
3
10
36
92
165
222
243
227
175
99
39
0
0
0
0
36
97
174
227
239
209
143
68
22
6
2
1
1
1
1
1
2
5
22
68
143
209
241
234
189
114
47
0
0
0
0
36
97
175
227
238
205
135
60
17
4
2
1
1
1
1
1
2
4
15
55
128
199
237
237
197
124
54
0
0
0
0
36
97
175
227
238
204
134
59
17
4
2
1
1
0
1
1
1
3
12
47
116
190
234
239
203
131
58
0
0
0
0
36
97
175
227
238
204
134
59
17
4
2
1
1
0
1
1
1
3
10
41
107
182
231
239
206
135
61
0
0
0
0
36
97
175
227
238
204
134
59
16
4
2
1
1
0
1
1
1
2
9
38
102
178
229
239
207
136
61
0
0
0
0
36
97
175
227
238
204
134
59
16
4
2
1
1
0
0
1
1
2
9
38
101
177
228
239
207
136
61
0
0
0
0
36
97
175
227
238
204
134
59
17
4
2
1
1
0
1
1
1
2
10
40
106
181
230
239
206
135
61
0
0
0
0
36
97
175
227
238
204
134
59
17
4
2
1
1
0
1
1
1
3
12
45
114
188
233
239
204
132
59
0
0
0
0
36
97
175
227
238
204
134
59
17
4
2
1
1
1
1
1
2
4
15
55
127
197
236
237
197
124
53
0
0
0
0
36
97
175
227
238
205
135
60
18
5
2
1
1
1
1
1
2
6
24
71
145
210
240
231
184
110
45
0
0
0
0
36
97
175
227
239
208
142
69
24
8
4
2
1
1
1
2
4
12
40
97
170
223
241
221
165
90
33
0
0
0
0
36
97
175
228
242
219
164
96
46
20
9
5
3
2
3
4
10
28
70
134
197
234
238
204
139
67
22
0
0
0
0
36
97
175
228
245
234
199
146
95
57
32
18
11
9
10
16
31
64
117
177
222
240
226
178
108
46
13
0
0
0
0
36
97
174
228
248
246
230
200
161
121
85
59
44
40
42
53
80
123
173
215
237
233
200
140
73
27
7
0
0
0
0
36
97
174
227
247
247
241
229
212
188
158
130
113
107
110
123
151
187
218
236
233
207
156
93
40
12
3
0
0
0
0
36
96
171
223
239
235
223
218
222
223
214
199
188
185
187
195
211
228
236
230
205
159
101
49
17
5
2
0
0
0
0
33
87
154
200
212
199
177
168
183
208
223
228
228
228
229
231
233
230
218
191
150
99
51
20
6
2
1
0
0
0
0
24
63
112
145
152
137
111
98
115
150
182
203
214
217
218
216
207
189
161
125
84
46
19
6
2
1
1
0
0
0
0
12
31
56
72
76
66
50
40
51
78
109
136
152
157
158
154
141
117
88
58
33
15
5
2
1
1
1
0
0
0
0
4
10
17
23
24
21
15
11
15
27
45
63
75
79
79
76
67
50
32
18
9
4
2
1
1
1
1
0
0
0
0
0
0
0
0
0
0
0
0
0
0
0
0
0
0
0
0
0
0
0
0
0
0
0
0
0
0
0
0
0
0
0
0
0
0
0
0
0
0
0
0
0
0
0
0
0
0
0
0
0
0
0
0
0
0
0
0
0
0
0
0
