31
37
0
0
0
0
0
0
0
0
0
0
0
0
0
0
0
0
0
0
0
0
0
0
0
0
0
0
0
0
0
0
0
0
0
0
0
0
0
0
0
0
0
0
0
0
0
0
0
0
0
0
0
0
0
0
0
0
0
0
0
0
0
0
0
0
22
58
104
134
139
120
80
35
10
3
1
1
1
0
0
0
0
0
0
0
0
0
0
0
0
0
0
0
0
0
0
32
85
151
195
203
175
116
51
15
3
2
1
1
0
0
0
0
0
0
0
0
0
0
0
0
0
0
0
0
0
0
36
95
170
221
231
198
131
58
16
4
2
1
1
0
0
0
0
0
0
0
0
0
0
0
0
0
0
0
0
0
0
36
97
174
226
236
203
133
59
16
4
2
1
1
1
1
1
1
1
1
0
0
0
0
0
0
0
0
0
0
0
0
36
97
174
227
237
204
134
59
16
4
2
1
1
1
1
1
1
1
1
1
1
1
0
0
0
0
0
0
0
0
0
36
97
175
227
238
204
134
59
17
4
2
2
3
3
3
3
3
2
2
1
1
1
1
1
0
0
0
0
0
0
0
36
97
175
227
238
204
134
59
17
5
4
6
9
10
11
11
10
8
5
3
2
1
1
1
1
0
0
0
0
0
0
36
97
175
227
238
204
134
60
19
10
15
23
33
39
41
41
39
32
22
13
7
4
2
1
1
1
1
0
0
0
0
36
97
175
227
238
204
135
64
30
32
50
73
93
105
108
108
104
91
69
47
28
14
6
2
1
1
1
0
0
0
0
36
97
175
227
238
205
140
79
63
85
119
150
172
185
188
189
184
170
146
115
81
47
22
8
3
1
1
0
0
0
0
36
97
174
227
238
210
157
116
122
156
188
207
217
221
223
225
226
223
211
189
154
109
63
29
10
3
1
0
0
0
0
36
97
174
227
241
223
190
171
182
202
209
201
191
186
186
191
203
220
232
231
214
177
124
69
29
9
2
0
0
0
0
36
97
174
228
245
239
224
211
203
190
165
134
111
100
99
107
131
167
204
230
237
222
182
122
62
22
6
0
0
0
0
36
97
175
228
248
245
231
204
168
127
89
59
40
32
31
38
57
94
145
196
230
239
220
171
103
45
13
0
0
0
0
36
97
174
228
246
238
206
156
102
59
31
16
8
6
5
8
17
40
83
145
202
236
237
205
142
72
24
0
0
0
0
36
97
174
228
243
222
170
102
49
20
8
3
1
1
1
2
4
14
42
98
170
223
242
225
171
96
37
0
0
0
0
36
97
174
227
239
209
144
70
24
7
2
1
1
1
1
1
2
6
22
69
143
209
240
234
189
114
47
0
0
0
0
36
97
175
227
238
205
135
60
17
4
2
1
1
1
1
1
2
3
15
53
125
196
236
238
199
126
55
0
0
0
0
36
97
175
227
238
204
134
59
17
4
2
1
1
0
1
1
1
3
11
44
112
186
232
239
204
133
59
0
0
0
0
36
97
175
227
238
204
134
59
16
4
2
1
1
0
1
1
1
2
10
39
104
180
230
240
206
135
61
0
0
0
0
36
97
175
227
238
204
134
59
16
4
2
1
1
0
0
1
1
2
9
38
102
178
229
239
207
136
61
0
0
0
0
36
97
175
227
238
204
134
59
17
4
2
1
1
0
1
1
1
2
10
41
107
182
231
239
206
134
60
0
0
0
0
36
97
175
227
238
204
134
59
17
4
2
1
1
0
1
1
1
3
13
49
118
191
234
238
201
129
57
0
0
0
0
36
97
175
227
238
204
135
60
17
4
2
1
1
1
1
1
2
5
20
64
137
204
238
234
190
116
49
0
0
0
0
36
97
175
227
239
208
141
68
23
7
3
2
1
1
1
2
4
11
36
91
163
219
240
223
170
95
37
0
0
0
0
36
97
175
228
241
218
164
97
48
23
12
6
4
3
3
5
12
30
70
131
194
232
236
204
140
70
23
0
0
0
0
36
97
174
228
245
235
201
152
104
67
43
27
19
16
17
24
41
74
124
180
222
237
221
172
104
44
13
0
0
0
0
36
97
174
227
247
245
231
206
174
141
108
83
68
63
65
77
103
142
185
219
234
223
185
125
64
23
6
0
0
0
0
36
96
172
224
242
239
230
220
213
202
183
163
150
145
147
158
179
205
225
230
217
181
128
72
30
9
2
0
0
0
0
33
88
157
203
217
207
189
180
192
208
215
214
212
210
212
216
222
225
219
200
165
117
68
31
10
3
1
0
0
0
0
24
64
114
148
156
142
118
107
122
153
181
199
208
211
211
210
203
188
164
132
93
55
26
9
3
1
1
0
0
0
0
12
31
55
71
75
66
50
42
52
76
104
128
142
147
148
144
133
111
85
59
35
17
7
2
1
1
1
0
0
0
0
4
9
16
21
22
19
13
10
14
24
39
53
62
66
66
64
56
43
28
17
9
4
2
1
1
1
1
0
0
0
0
0
0
0
0
0
0
0
0
0
0
0
0
0
0
0
0
0
0
0
0
0
0
0
0
0
0
0
0
0
0
0
0
0
0
0
0
0
0
0
0
0
0
0
0
0
0
0
0
0
0
0
0
0
0
0
0
0
0
0
0
