31
48
0
0
0
0
0
0
0
0
0
0
0
0
0
0
0
0
0
0
0
0
0
0
0
0
0
0
0
0
0
0
0
0
0
0
0
0
0
0
0
0
0
0
0
0
0
0
0
0
0
0
0
0
0
0
0
0
0
0
0
0
0
0
0
0
16
43
76
98
102
88
58
26
8
2
1
1
1
0
0
0
0
0
0
0
0
0
0
0
0
0
0
0
0
0
0
27
72
128
165
172
148
98
44
13
3
1
1
1
0
0
0
0
0
0
0
0
0
0
0
0
0
0
0
0
0
0
34
91
161
208
217
187
124
55
16
4
2
1
1
0
0
0
0
0
0
0
0
0
0
0
0
0
0
0
0
0
0
36
96
172
223
233
200
132
58
16
4
2
1
1
0
0
0
0
0
0
0
0
0
0
0
0
0
0
0
0
0
0
36
96
173
226
236
203
133
59
16
4
2
1
1
0
0
0
0
0
0
0
0
0
0
0
0
0
0
0
0
0
0
36
97
174
227
237
204
134
59
16
4
2
1
1
0
0
0
0
0
0
0
0
0
0
0
0
0
0
0
0
0
0
36
97
174
227
238
204
134
59
16
4
2
1
1
1
1
1
1
1
1
1
1
0
0
0
0
0
0
0
0
0
0
36
97
175
227
238
204
134
59
17
4
2
2
2
2
2
2
2
2
1
1
1
1
1
0
0
0
0
0
0
0
0
36
97
175
227
238
204
134
59
17
4
3
3
4
4
4
4
4
3
2
2
1
1
1
1
0
0
0
0
0
0
0
36
97
175
227
238
204
134
59
17
5
4
5
7
8
9
9
8
7
5
3
2
1
1
1
1
0
0
0
0
0
0
36
97
175
227
238
204
134
60
18
7
9
15
22
27
28
28
26
21
14
8
4
2
1
1
1
1
0
0
0
0
0
36
97
175
227
238
204
135
61
22
16
27
45
63
74
78
78
74
61
42
25
13
6
3
1
1
1
1
0
0
0
0
36
97
175
227
238
204
136
65
34
44
71
103
130
146
151
151
145
127
98
67
39
18
7
3
1
1
1
0
0
0
0
36
97
175
227
238
205
139
78
66
95
136
172
197
210
214
214
209
194
167
131
90
50
22
8
2
1
1
0
0
0
0
36
97
175
227
238
207
150
108
116
157
197
221
233
238
240
241
240
234
220
195
154
103
55
22
7
2
1
0
0
0
0
36
97
174
227
239
216
176
154
172
206
226
228
223
220
220
224
231
240
242
234
208
162
103
50
17
5
1
0
0
0
0
36
97
175
228
243
230
209
201
212
221
211
188
166
156
155
163
184
212
235
245
237
208
155
90
38
11
3
0
0
0
0
36
97
175
228
246
244
235
227
216
194
158
119
89
76
74
85
114
158
203
234
244
233
196
133
67
23
6
0
0
0
0
36
97
175
229
249
249
240
219
182
135
89
54
32
24
23
30
53
96
152
205
236
243
222
171
100
41
11
0
0
0
0
36
97
175
229
248
245
223
181
125
73
37
17
8
5
5
7
18
47
99
164
216
241
237
199
132
62
20
0
0
0
0
36
97
175
228
246
233
192
131
71
31
11
4
2
1
1
2
6
20
58
122
189
232
242
217
158
83
30
0
0
0
0
36
97
174
228
242
218
161
89
36
12
4
1
1
1
1
1
3
9
33
89
163
221
243
228
177
101
39
0
0
0
0
36
97
174
227
239
208
141
67
21
5
2
1
1
1
1
1
2
5
22
68
144
210
241
234
189
114
47
0
0
0
0
36
97
175
227
238
204
135
60
17
4
2
1
1
0
1
1
2
4
16
57
130
201
238
237
196
123
53
0
0
0
0
36
97
175
227
238
204
134
59
17
4
2
1
1
0
1
1
1
3
13
49
119
192
235
239
202
130
57
0
0
0
0
36
97
175
227
238
204
134
59
17
4
2
1
1
0
1
1
1
2
11
43
110
185
232
239
205
134
60
0
0
0
0
36
97
175
227
238
204
134
59
16
4
2
1
1
0
1
1
1
2
10
39
104
179
230
240
207
136
61
0
0
0
0
36
97
175
227
238
204
134
59
16
4
2
1
1
0
0
1
1
2
9
37
101
176
228
239
207
136
61
0
0
0
0
36
97
175
227
238
204
134
59
16
4
2
1
1
0
0
1
1
2
9
38
102
177
229
239
207
136
61
0
0
0
0
36
97
175
227
238
204
134
59
17
4
2
1
1
0
1
1
1
2
10
41
106
182
231
240
206
135
61
0
0
0
0
36
97
175
227
238
204
134
59
17
4
2
1
1
0
1
1
1
3
11
45
114
188
233
239
204
132
59
0
0
0
0
36
97
175
227
238
204
134
59
17
4
2
1
1
0
1
1
2
3
15
53
125
196
236
237
198
125
54
0
0
0
0
36
97
175
227
238
204
134
59
17
4
2
1
1
1
1
1
2
5
21
67
141
207
239
233
188
113
47
0
0
0
0
36
97
175
227
238
206
137
63
20
5
3
1
1
1
1
2
3
9
33
87
162
219
241
225
171
96
36
0
0
0
0
36
97
175
228
240
213
151
79
31
11
5
3
2
2
2
3
6
19
54
117
186
231
240
212
150
76
26
0
0
0
0
36
97
175
228
244
226
180
117
63
31
15
7
4
3
4
7
16
40
89
155
212
239
234
194
125
56
17
0
0
0
0
36
97
174
228
247
240
214
169
119
76
45
26
16
13
14
22
43
82
138
195
231
240
219
166
95
37
10
0
0
0
0
36
97
174
228
248
248
238
215
181
141
103
72
55
49
52
65
96
141
189
225
240
230
191
128
63
21
5
0
0
0
0
36
97
174
227
246
248
243
235
222
201
172
144
126
120
123
137
164
199
227
240
233
203
148
84
34
10
3
0
0
0
0
36
96
172
224
241
236
225
221
226
229
221
207
197
193
195
203
218
234
240
232
205
157
97
45
15
4
1
0
0
0
0
34
89
159
206
219
205
183
174
190
215
230
234
234
234
235
237
239
236
224
198
155
101
51
19
5
2
1
0
0
0
0
26
69
123
159
167
151
122
108
127
163
196
216
227
230
230
228
220
203
176
138
93
51
21
7
2
1
1
0
0
0
0
15
39
69
90
94
82
62
50
63
95
130
159
176
182
182
178
164
139
106
72
41
19
7
2
1
1
1
0
0
0
0
6
14
26
33
35
30
21
16
22
39
64
87
102
108
108
105
92
70
46
26
13
5
2
1
1
1
1
0
0
0
0
0
0
0
0
0
0
0
0
0
0
0
0
0
0
0
0
0
0
0
0
0
0
0
0
0
0
0
0
0
0
0
0
0
0
0
0
0
0
0
0
0
0
0
0
0
0
0
0
0
0
0
0
0
0
0
0
0
0
0
0
