27
43
0
0
0
0
0
0
0
0
0
0
0
0
0
0
0
0
0
0
0
0
0
0
0
0
0
0
0
0
0
0
0
0
0
0
0
0
0
0
0
0
0
0
0
0
0
0
0
0
0
0
0
0
0
0
0
0
21
62
113
142
135
95
44
12
2
1
1
0
0
0
0
0
0
0
0
0
0
0
0
0
0
0
0
29
85
156
197
188
131
60
17
3
1
1
0
0
0
0
0
0
0
0
0
0
0
0
0
0
0
0
32
94
174
220
210
146
67
18
3
1
1
0
0
0
0
0
0
0
0
0
0
0
0
0
0
0
0
32
95
177
225
214
149
68
19
3
1
1
0
0
0
0
0
0
0
0
0
0
0
0
0
0
0
0
32
96
178
226
215
150
68
19
4
1
1
1
1
1
1
1
1
1
0
0
0
0
0
0
0
0
0
32
96
178
227
216
150
68
19
4
1
1
1
1
1
1
1
1
1
0
0
0
0
0
0
0
0
0
32
96
178
227
216
150
68
19
4
2
2
3
3
3
2
2
1
1
1
1
0
0
0
0
0
0
0
32
96
178
227
216
150
68
19
5
4
5
6
7
7
6
4
2
1
1
1
1
0
0
0
0
0
0
32
96
178
227
216
150
68
20
8
10
16
21
23
22
19
12
7
3
2
1
1
1
0
0
0
0
0
32
96
178
227
216
151
70
25
20
35
53
65
70
68
59
41
24
11
4
2
1
1
1
0
0
0
0
32
96
178
227
216
152
76
43
56
88
119
138
144
142
128
100
67
36
15
5
2
1
1
0
0
0
0
32
96
178
227
216
156
93
82
115
159
190
207
212
210
198
172
132
86
43
16
4
1
1
0
0
0
0
32
96
178
227
219
170
128
138
178
211
227
233
235
236
234
223
196
150
92
42
13
3
1
0
0
0
0
32
96
178
228
227
196
176
190
213
217
208
202
202
210
225
236
232
204
149
84
33
9
2
0
0
0
0
32
96
178
230
239
225
214
212
199
170
140
123
123
140
175
213
236
232
196
131
62
20
4
0
0
0
0
32
96
178
232
246
239
220
189
145
99
65
49
49
67
108
165
214
236
223
172
97
37
9
0
0
0
0
32
96
178
232
246
230
191
135
80
41
20
12
12
22
53
108
175
224
234
201
131
58
16
0
0
0
0
32
96
178
231
238
205
143
78
34
12
4
2
2
6
21
63
132
201
234
219
158
79
25
0
0
0
0
32
96
178
229
227
176
100
40
12
3
1
1
1
2
9
36
98
176
227
228
178
98
34
0
0
0
0
32
96
178
227
219
157
76
23
5
2
1
1
1
1
5
23
76
158
220
232
190
111
42
0
0
0
0
32
96
178
227
216
151
69
19
4
1
1
1
1
1
3
17
64
144
213
233
197
120
47
0
0
0
0
32
96
178
227
216
150
68
19
4
1
1
0
1
1
3
14
56
134
206
232
202
126
50
0
0
0
0
32
96
178
227
216
150
68
19
4
1
1
0
1
1
2
12
50
126
201
231
204
129
52
0
0
0
0
32
96
178
227
216
150
68
19
4
1
1
0
1
1
2
11
47
121
197
231
205
130
53
0
0
0
0
32
96
178
227
216
150
68
19
4
1
1
0
1
1
2
11
47
120
197
231
205
130
53
0
0
0
0
32
96
178
227
216
150
68
19
4
1
1
0
1
1
2
12
49
124
200
231
205
130
53
0
0
0
0
32
96
178
227
216
150
68
19
4
1
1
0
1
1
3
14
55
132
205
232
203
127
51
0
0
0
0
32
96
178
227
216
150
68
19
4
1
1
1
1
1
3
18
64
143
211
232
197
120
47
0
0
0
0
32
96
178
227
216
151
69
20
4
2
1
1
1
2
6
25
79
159
220
230
186
107
39
0
0
0
0
32
96
178
227
218
157
77
25
7
3
1
1
2
3
11
39
102
180
227
224
169
89
30
0
0
0
0
32
96
178
228
226
175
102
45
17
7
3
2
3
7
23
66
136
203
232
212
147
69
20
0
0
0
0
32
96
178
230
237
205
148
90
48
24
13
10
12
23
54
109
176
223
230
192
119
49
13
0
0
0
0
32
96
178
231
245
232
199
154
108
71
48
41
45
66
108
163
212
233
215
159
85
30
7
0
0
0
0
32
96
177
230
246
241
228
207
176
142
118
109
114
136
173
211
232
224
182
115
51
15
3
0
0
0
0
32
94
174
225
236
227
220
221
218
205
191
186
189
202
221
233
225
191
132
69
25
6
2
0
0
0
0
29
85
157
201
204
184
173
189
213
225
228
229
230
232
231
218
187
137
78
33
9
2
1
0
0
0
0
21
62
114
145
142
119
104
123
161
193
211
217
217
212
195
165
123
75
35
12
3
1
1
0
0
0
0
11
31
57
72
70
54
44
58
90
124
147
156
156
148
125
93
58
30
11
3
1
1
1
0
0
0
0
4
10
18
22
22
16
13
18
34
55
71
78
78
72
56
36
19
8
3
1
1
1
1
0
0
0
0
0
0
0
0
0
0
0
0
0
0
0
0
0
0
0
0
0
0
0
0
0
0
0
0
0
0
0
0
0
0
0
0
0
0
0
0
0
0
0
0
0
0
0
0
0
0
0
0
0
0
0
0
