24
36
0
0
0
0
0
0
0
0
0
0
0
0
0
0
0
0
0
0
0
0
0
0
0
0
0
0
0
0
0
0
0
0
0
0
0
0
0
0
0
0
0
0
0
0
0
0
0
0
0
0
11
42
92
127
122
80
32
8
2
1
1
0
0
0
0
0
0
0
0
0
0
0
0
0
17
61
134
187
179
117
47
11
2
1
1
0
0
0
0
0
0
0
0
0
0
0
0
0
18
68
151
210
201
131
52
12
2
1
1
0
0
0
0
0
0
0
0
0
0
0
0
0
18
69
153
214
205
133
53
12
2
1
1
0
0
0
0
0
0
0
0
0
0
0
0
0
18
69
154
214
206
133
53
12
2
1
1
1
1
1
1
1
1
0
0
0
0
0
0
0
19
69
154
215
206
133
53
13
3
3
3
3
3
2
1
1
1
1
0
0
0
0
0
0
19
69
154
215
206
133
53
14
5
7
9
9
9
7
4
2
1
1
1
0
0
0
0
0
19
69
154
215
206
134
54
18
17
27
35
38
36
27
16
7
3
1
1
1
0
0
0
0
19
69
154
215
206
135
61
38
55
82
101
107
102
83
55
29
11
3
1
1
0
0
0
0
19
69
154
215
207
141
84
86
124
162
184
190
185
164
126
80
39
13
3
1
0
0
0
0
19
69
154
215
211
161
129
151
190
215
224
227
228
220
196
151
92
40
11
2
0
0
0
0
19
69
154
217
223
195
182
197
206
199
191
192
205
223
229
207
153
84
30
7
0
0
0
0
19
69
154
219
237
225
210
190
158
123
103
105
130
175
217
230
200
133
61
17
0
0
0
0
19
69
154
221
242
227
188
136
84
48
33
34
58
108
173
221
224
175
96
33
0
0
0
0
19
69
154
220
234
199
135
72
31
12
6
7
19
55
122
193
228
202
128
52
0
0
0
0
19
69
154
218
220
163
85
31
9
3
1
2
6
27
82
163
220
216
152
69
0
0
0
0
19
69
154
216
210
141
60
16
3
1
1
1
3
15
59
140
211
222
167
82
0
0
0
0
19
69
154
215
206
134
53
13
3
1
1
1
2
11
48
125
202
224
176
90
0
0
0
0
19
69
154
215
206
133
53
12
2
1
1
1
2
9
42
115
195
224
181
95
0
0
0
0
19
69
154
215
206
133
53
12
2
1
1
1
2
8
38
109
191
223
182
97
0
0
0
0
19
69
154
215
206
133
53
12
2
1
1
1
2
8
37
107
189
222
182
97
0
0
0
0
19
69
154
215
206
133
53
12
2
1
1
1
2
9
39
111
192
223
182
96
0
0
0
0
19
69
154
215
206
133
53
13
2
1
1
1
2
10
45
120
198
224
178
92
0
0
0
0
19
69
154
215
206
134
53
13
3
1
1
1
3
14
56
135
207
222
168
83
0
0
0
0
19
69
154
215
208
139
59
16
4
2
1
2
6
23
75
157
217
215
151
68
0
0
0
0
19
69
154
217
217
159
83
32
11
5
3
5
14
45
109
185
225
201
126
51
0
0
0
0
18
69
154
220
232
195
134
78
41
22
16
21
41
88
156
212
223
176
96
33
0
0
0
0
18
69
153
221
242
228
193
148
105
75
64
71
101
151
202
226
202
136
62
18
0
0
0
0
18
68
152
217
238
232
220
204
181
159
149
156
178
208
225
210
157
87
32
7
0
0
0
0
17
63
139
197
209
194
190
204
215
216
215
217
223
224
205
161
99
43
12
3
0
0
0
0
12
46
101
142
144
123
119
147
183
206
214
213
205
182
143
93
45
15
4
1
0
0
0
0
6
21
47
66
65
51
49
72
107
134
146
145
132
104
69
36
14
4
1
1
0
0
0
0
0
0
0
0
0
0
0
0
0
0
0
0
0
0
0
0
0
0
0
0
0
0
0
0
0
0
0
0
0
0
0
0
0
0
0
0
0
0
0
0
0
0
0
0
0
0
