15
24
0
0
0
0
0
0
0
0
0
0
0
0
0
0
0
0
0
0
0
0
0
0
0
0
0
0
0
0
0
0
0
0
24
55
73
74
59
39
39
59
74
73
55
0
0
0
0
55
124
167
171
147
115
115
147
171
167
124
0
0
0
0
73
167
225
236
221
200
200
221
236
225
167
0
0
0
0
78
178
240
255
250
241
234
236
239
225
167
0
0
0
0
78
178
240
255
247
226
198
182
178
167
124
0
0
0
0
78
178
240
251
226
170
114
85
78
73
55
0
0
0
0
78
178
240
244
198
114
46
20
16
15
12
0
0
0
0
78
178
240
241
182
85
20
1
0
0
0
0
0
0
0
78
178
240
240
178
78
16
0
0
0
0
0
0
0
0
78
178
240
240
178
78
16
0
0
0
0
0
0
0
0
78
178
240
240
178
78
16
0
0
0
0
0
0
0
0
78
178
240
240
178
78
16
0
0
0
0
0
0
0
0
78
178
240
240
178
78
16
0
0
0
0
0
0
0
0
78
178
240
240
178
78
16
0
0
0
0
0
0
0
0
78
178
240
240
178
78
16
0
0
0
0
0
0
0
0
78
178
240
240
178
78
16
0
0
0
0
0
0
0
0
78
178
240
240
178
78
16
0
0
0
0
0
0
0
0
78
178
240
240
178
78
16
0
0
0
0
0
0
0
0
73
167
225
225
167
73
15
0
0
0
0
0
0
0
0
55
124
167
167
124
55
12
0
0
0
0
0
0
0
0
0
0
0
0
0
0
0
0
0
0
0
0
0
0
0
0
0
0
0
0
0
0
0
0
0
0
0
0
