14
24
0
0
0
0
0
0
0
0
0
0
0
0
0
0
0
0
0
0
0
0
0
0
0
0
0
0
0
0
0
0
55
73
74
63
60
94
143
171
167
124
0
0
0
0
124
167
171
154
143
172
214
236
225
167
0
0
0
0
167
225
236
225
215
225
236
240
225
167
0
0
0
0
171
236
254
251
241
222
197
182
167
124
0
0
0
0
147
221
251
251
226
170
114
85
73
55
0
0
0
0
109
197
244
244
198
114
46
20
15
12
0
0
0
0
85
182
241
241
182
85
20
1
0
0
0
0
0
0
78
178
240
240
178
78
16
0
0
0
0
0
0
0
74
171
236
240
182
85
20
1
0
0
0
0
0
0
59
147
221
240
197
109
35
5
0
0
0
0
0
0
35
109
197
240
221
147
59
12
0
0
0
0
0
0
20
85
182
240
236
171
74
15
0
0
0
0
0
0
16
78
178
240
240
178
78
16
0
0
0
0
0
0
16
78
178
240
240
178
78
16
0
0
0
0
0
0
15
74
171
236
240
182
85
20
1
0
0
0
0
0
12
59
147
221
240
197
109
35
5
0
0
0
0
0
5
35
109
197
240
221
147
59
12
0
0
0
0
0
1
20
85
182
239
232
165
71
15
0
0
0
0
0
0
15
73
167
221
210
142
58
12
0
0
0
0
0
0
12
55
124
160
142
85
30
5
0
0
0
0
0
0
0
0
0
0
0
0
0
0
0
0
0
0
0
0
0
0
0
0
0
0
0
0
0
0
0
