15
24
0
0
0
0
0
0
0
0
0
0
0
0
0
0
0
0
0
0
0
0
0
0
0
0
0
0
0
0
0
0
0
0
12
19
32
46
45
53
92
142
160
130
71
0
0
0
0
56
80
104
125
125
132
170
213
224
188
114
0
0
0
0
124
169
193
207
207
209
227
242
237
207
141
0
0
0
0
152
214
240
247
247
245
241
224
196
165
117
0
0
0
0
134
211
248
255
252
241
212
164
112
79
53
0
0
0
0
109
194
242
253
244
212
154
90
41
19
11
0
0
0
0
86
169
230
250
236
185
107
42
10
2
0
0
0
0
0
57
135
211
246
238
185
98
31
5
1
0
0
0
0
0
39
114
199
245
243
193
106
35
6
1
0
0
0
0
0
33
103
191
241
244
200
118
47
11
2
0
0
0
0
0
26
86
169
230
244
213
142
68
21
4
0
0
0
0
0
14
57
135
211
244
231
174
93
30
5
0
0
0
0
0
7
39
114
199
244
242
195
111
39
7
1
0
0
0
0
5
33
103
191
241
247
211
135
57
14
2
0
0
0
0
4
26
86
169
230
249
230
169
86
26
4
0
0
0
0
2
14
57
135
211
247
241
191
103
33
5
0
0
0
0
1
7
39
111
195
242
244
199
114
39
7
0
0
0
0
0
5
30
93
174
231
244
211
135
57
14
0
0
0
0
0
4
21
68
141
208
233
216
157
79
24
0
0
0
0
0
2
11
45
108
169
186
171
131
71
23
0
0
0
0
0
0
0
0
0
0
0
0
0
0
0
0
0
0
0
0
0
0
0
0
0
0
0
0
0
0
0
0
