16
24
0
0
0
0
0
0
0
0
0
0
0
0
0
0
0
0
0
0
0
0
0
0
0
0
0
0
0
0
0
0
0
0
0
0
5
24
55
73
74
59
39
39
59
71
58
30
0
0
0
0
12
55
124
167
171
147
115
115
147
165
142
85
0
0
0
0
15
73
167
225
236
221
200
200
221
232
210
142
0
0
0
0
20
85
182
241
254
246
234
230
235
238
221
160
0
0
0
0
35
109
197
243
247
226
198
182
178
178
167
124
0
0
0
0
59
147
221
246
226
170
114
85
78
78
73
55
0
0
0
0
74
171
236
243
198
114
46
20
16
16
15
12
0
0
0
0
78
178
240
241
182
85
20
1
0
0
0
0
0
0
0
0
78
178
240
240
178
78
16
0
0
0
0
0
0
0
0
0
78
178
240
240
178
78
16
0
0
0
0
0
0
0
0
0
78
178
240
240
178
78
16
0
0
0
0
0
0
0
0
0
78
178
240
240
178
78
16
0
0
0
0
0
0
0
0
0
78
178
240
240
178
78
16
0
0
0
0
0
0
0
0
0
78
178
240
240
178
78
16
0
0
0
0
0
0
0
0
0
85
182
240
236
171
74
15
0
0
0
0
0
0
0
0
0
109
197
240
221
147
59
12
0
0
0
0
0
0
0
0
0
147
221
240
197
109
35
5
0
0
0
0
0
0
0
0
0
171
236
240
182
85
20
1
0
0
0
0
0
0
0
0
0
167
225
225
167
73
15
0
0
0
0
0
0
0
0
0
0
124
167
167
124
55
12
0
0
0
0
0
0
0
0
0
0
0
0
0
0
0
0
0
0
0
0
0
0
0
0
0
0
0
0
0
0
0
0
0
0
0
0
0
0
0
0
