17
23
0
0
0
0
0
0
0
0
0
0
0
0
0
0
0
0
0
0
0
0
0
0
0
0
0
0
0
0
0
0
0
0
0
0
0
0
0
5
30
85
142
161
128
66
30
35
59
70
55
0
0
0
0
0
12
58
142
210
226
190
128
95
109
147
160
124
0
0
0
0
0
15
74
171
236
250
232
201
186
197
221
221
167
0
0
0
0
0
16
78
178
240
255
250
240
230
229
236
227
173
0
0
0
0
0
16
78
178
240
255
247
226
198
182
182
182
148
0
0
0
0
1
20
85
182
240
247
219
167
113
85
85
98
93
0
0
0
0
5
35
109
197
240
226
167
95
42
20
20
30
36
0
0
0
0
12
59
147
221
240
198
113
42
9
1
1
4
7
0
0
0
0
15
74
171
236
240
182
85
20
1
0
0
0
0
0
0
0
0
16
78
178
240
240
178
78
16
0
0
0
0
0
0
0
0
0
20
85
182
241
240
178
78
16
0
0
0
0
0
0
0
0
0
35
109
197
243
236
171
74
15
0
0
0
0
0
0
0
0
0
59
147
221
246
221
147
59
12
0
0
0
0
0
0
0
0
0
74
171
236
243
197
109
35
5
0
0
0
0
0
0
0
0
0
78
178
240
241
182
85
20
1
0
0
0
0
0
0
0
0
0
78
178
240
240
178
78
16
0
0
0
0
0
0
0
0
0
0
85
182
241
240
178
78
16
0
0
0
0
0
0
0
0
0
0
98
182
228
225
167
73
15
0
0
0
0
0
0
0
0
0
0
93
148
173
167
124
55
12
0
0
0
0
0
0
0
0
0
0
0
0
0
0
0
0
0
0
0
0
0
0
0
0
0
0
0
0
0
0
0
0
0
0
0
0
0
0
0
0
0
0
