19
22
0
0
0
0
0
0
0
0
0
0
0
0
0
0
0
0
0
0
0
0
0
0
0
0
0
0
0
0
0
0
0
0
0
0
0
0
0
0
0
0
0
0
4
26
80
144
175
174
151
108
71
66
70
58
31
0
0
0
0
0
1
7
38
108
189
231
237
220
184
154
157
164
142
87
0
0
0
0
0
2
14
57
135
211
248
255
248
232
220
226
231
208
146
0
0
0
0
0
4
26
86
169
230
252
253
247
239
234
237
240
226
169
0
0
0
0
0
5
33
103
191
241
253
244
224
202
187
183
192
191
146
0
0
0
0
1
7
39
114
199
245
250
226
180
133
99
89
102
113
86
0
0
0
0
2
14
57
135
211
247
243
202
131
69
33
23
31
41
31
0
0
0
0
4
26
86
169
230
249
230
171
91
32
7
2
4
7
5
0
0
0
0
5
33
103
191
241
247
211
135
57
14
2
0
0
0
0
0
0
0
0
7
39
114
199
244
242
194
109
38
7
1
0
0
0
0
0
0
0
0
14
57
135
211
244
230
169
86
26
4
0
0
0
0
0
0
0
0
0
26
86
169
230
244
211
135
57
14
2
0
0
0
0
0
0
0
0
0
35
104
191
241
244
199
114
39
7
1
0
0
0
0
0
0
0
0
0
47
118
200
244
241
191
103
33
5
0
0
0
0
0
0
0
0
0
0
68
142
213
244
230
169
86
26
4
0
0
0
0
0
0
0
0
0
0
93
174
231
244
211
135
57
14
2
0
0
0
0
0
0
0
0
0
0
99
179
227
233
195
113
39
7
1
0
0
0
0
0
0
0
0
0
0
75
137
174
186
165
97
33
5
0
0
0
0
0
0
0
0
0
0
0
0
0
0
0
0
0
0
0
0
0
0
0
0
0
0
0
0
0
0
0
0
0
0
0
0
0
0
0
0
0
0
0
0
0
0
0
