32
37
0
0
0
0
0
0
0
0
0
0
0
0
0
0
0
0
0
0
0
0
0
0
0
0
0
0
0
0
0
0
0
0
0
0
0
0
0
0
0
0
0
0
0
0
0
0
0
0
0
0
0
0
0
0
0
0
0
0
0
0
0
0
0
0
0
0
6
20
42
58
64
65
65
65
65
65
65
65
65
65
64
56
42
28
19
12
6
3
1
1
1
1
0
0
0
0
0
0
13
45
96
134
148
150
151
151
151
151
151
151
151
151
148
137
114
90
70
49
28
13
5
2
1
1
1
1
0
0
0
0
18
66
139
195
216
219
218
216
216
216
216
216
216
216
215
208
193
174
153
123
86
50
23
8
3
1
1
1
0
0
0
0
20
72
155
218
241
238
227
217
213
213
213
213
213
213
214
218
223
223
217
198
164
118
70
32
11
3
1
1
0
0
0
0
20
73
157
222
241
223
186
156
145
143
143
143
143
143
147
161
185
206
221
228
219
189
139
83
36
11
3
1
0
0
0
0
20
73
158
222
236
200
134
82
62
58
58
58
58
58
62
77
105
135
167
202
226
227
200
147
83
33
9
2
0
0
0
0
20
73
158
222
234
189
109
45
19
14
13
13
13
13
15
22
37
57
89
136
188
224
230
200
139
70
23
5
0
0
0
0
20
73
158
222
233
187
104
36
9
3
2
2
2
2
2
4
8
16
33
69
127
188
227
228
186
113
46
12
0
0
0
0
20
73
158
222
233
187
104
35
8
2
1
1
1
1
1
1
2
4
9
27
70
138
203
233
215
153
74
23
0
0
0
0
20
73
158
222
233
187
103
35
7
2
1
1
0
1
1
1
1
1
3
9
34
92
169
224
230
183
103
37
0
0
0
0
20
73
158
222
233
187
103
35
7
2
1
1
0
0
0
0
1
1
1
4
17
59
136
208
234
204
129
52
0
0
0
0
20
73
158
222
233
187
103
35
7
2
1
1
0
0
0
0
0
1
1
2
9
41
112
192
233
217
150
68
0
0
0
0
20
73
158
222
233
187
103
35
7
2
1
1
0
0
0
0
0
1
1
2
6
31
94
178
230
225
166
82
0
0
0
0
20
73
158
222
233
187
103
35
7
2
1
1
0
0
0
0
0
1
1
1
5
24
81
166
225
230
178
94
0
0
0
0
20
73
158
222
233
187
103
35
7
2
1
1
0
0
0
0
0
0
1
1
4
20
73
157
222
233
186
102
0
0
0
0
20
73
158
222
233
187
103
35
7
2
1
1
0
0
0
0
0
0
1
1
3
19
69
153
220
233
189
106
0
0
0
0
20
73
158
222
233
187
103
35
7
2
1
1
0
0
0
0
0
0
1
1
3
18
69
153
220
233
189
106
0
0
0
0
20
73
158
222
233
187
103
35
7
2
1
1
0
0
0
0
0
0
1
1
3
19
69
153
220
233
188
104
0
0
0
0
20
73
158
222
233
187
103
35
7
2
1
1
0
0
0
0
0
0
1
1
4
20
73
157
222
231
183
99
0
0
0
0
20
73
158
222
233
187
103
35
7
2
1
1
0
0
0
0
0
1
1
1
5
24
82
166
225
229
176
92
0
0
0
0
20
73
158
222
233
187
103
35
7
2
1
1
0
0
0
0
0
1
1
2
7
32
96
179
230
225
166
81
0
0
0
0
20
73
158
222
233
187
103
35
7
2
1
1
0
0
0
0
1
1
1
2
11
45
117
196
234
217
150
68
0
0
0
0
20
73
158
222
233
187
103
35
7
2
1
1
0
0
0
1
1
1
2
4
20
67
145
213
235
203
128
52
0
0
0
0
20
73
158
222
233
187
103
35
7
2
1
1
0
1
1
1
1
2
3
10
38
100
177
228
229
180
100
36
0
0
0
0
20
73
158
222
233
187
104
35
8
2
1
1
1
1
1
1
2
4
10
29
75
145
208
234
210
145
69
21
0
0
0
0
20
73
158
222
233
187
104
36
9
3
2
2
2
2
2
4
9
17
35
73
131
192
229
224
176
103
40
10
0
0
0
0
20
73
158
222
234
189
109
45
19
14
13
13
13
13
15
22
38
60
93
140
191
225
228
192
128
60
19
4
0
0
0
0
20
73
158
222
236
200
134
82
62
58
58
58
58
58
62
77
105
137
171
205
227
227
196
139
74
28
7
2
0
0
0
0
20
73
157
222
241
223
186
156
145
143
143
143
143
143
147
161
185
208
223
229
219
188
136
78
32
9
2
1
0
0
0
0
20
72
155
218
241
238
227
217
213
213
213
213
213
213
214
218
223
224
217
198
164
118
69
31
10
3
1
1
0
0
0
0
18
66
139
195
216
219
218
216
216
216
216
216
216
216
215
208
193
174
153
123
86
50
23
8
3
1
1
1
0
0
0
0
13
45
96
134
148
150
151
151
151
151
151
151
151
151
148
137
114
90
70
49
28
13
5
2
1
1
1
0
0
0
0
0
6
20
42
58
64
65
65
65
65
65
65
65
65
65
64
56
42
28
19
12
6
3
1
1
1
1
0
0
0
0
0
0
0
0
0
0
0
0
0
0
0
0
0
0
0
0
0
0
0
0
0
0
0
0
0
0
0
0
0
0
0
0
0
0
0
0
0
0
0
0
0
0
0
0
0
0
0
0
0
0
0
0
0
0
0
0
0
0
0
0
0
0
0
0
