38
43
0
0
0
0
0
0
0
0
0
0
0
0
0
0
0
0
0
0
0
0
0
0
0
0
0
0
0
0
0
0
0
0
0
0
0
0
0
0
0
0
0
0
0
0
0
0
0
0
0
0
0
0
0
0
0
0
0
0
0
0
0
0
0
0
0
0
0
0
0
0
0
0
0
0
0
0
0
0
8
25
49
69
78
79
80
80
80
80
80
80
80
80
80
80
80
76
66
49
34
24
17
10
5
3
1
1
1
1
1
0
0
0
0
0
0
0
16
49
98
136
154
158
158
158
158
158
158
158
158
158
159
159
158
154
139
116
93
75
58
39
21
10
4
2
1
1
1
1
1
0
0
0
0
0
22
68
135
189
213
219
219
219
218
218
218
218
218
218
218
218
218
215
206
189
170
152
129
98
65
37
17
7
3
1
1
1
1
0
0
0
0
0
24
75
150
210
238
243
240
235
230
228
228
228
228
228
228
228
228
229
230
228
223
215
198
170
133
91
53
25
9
3
1
1
1
1
0
0
0
0
24
76
152
215
242
243
229
208
192
185
184
184
184
184
184
184
185
190
202
218
228
234
233
222
198
159
111
64
29
11
3
1
1
1
0
0
0
0
24
76
153
215
242
236
203
158
124
110
107
107
106
106
106
107
108
115
135
161
185
205
224
235
233
213
175
123
69
30
10
3
1
1
0
0
0
0
24
76
153
216
242
229
181
115
65
44
40
39
39
39
39
39
40
46
62
87
113
142
177
211
233
237
220
180
123
65
25
7
2
1
0
0
0
0
24
76
153
216
241
226
172
97
40
16
11
10
9
9
9
9
9
12
19
32
47
71
110
157
202
231
237
219
174
111
52
17
5
2
0
0
0
0
24
76
153
216
241
226
171
95
35
10
4
3
2
2
2
2
2
3
5
8
14
26
52
95
151
203
233
237
211
155
87
34
10
3
0
0
0
0
24
76
153
216
241
226
172
95
35
9
3
2
1
1
1
1
1
1
2
3
4
8
19
47
98
161
214
238
231
190
123
56
18
5
0
0
0
0
24
76
153
216
241
226
172
94
34
8
2
1
1
1
1
1
1
1
1
1
2
3
7
20
56
117
184
228
239
214
153
80
28
7
0
0
0
0
24
76
153
216
241
226
172
94
34
8
2
1
1
1
0
0
1
1
1
1
1
2
3
9
30
80
151
211
239
228
178
104
42
11
0
0
0
0
24
76
153
216
241
226
172
94
34
8
3
1
1
1
0
0
0
0
0
1
1
1
2
4
17
54
122
193
234
236
197
127
57
17
0
0
0
0
24
76
153
216
241
226
172
94
34
8
3
1
1
1
0
0
0
0
0
0
1
1
1
3
10
39
101
177
228
239
210
145
71
23
0
0
0
0
24
76
153
216
241
226
172
94
34
8
3
1
1
1
0
0
0
0
0
0
1
1
1
2
8
31
87
163
221
241
220
160
83
29
0
0
0
0
24
76
153
216
241
226
172
94
34
8
3
1
1
1
0
0
0
0
0
0
1
1
1
2
6
25
75
150
214
240
226
172
95
35
0
0
0
0
24
76
153
216
241
226
172
94
34
8
3
1
1
1
0
0
0
0
0
0
0
1
1
2
5
20
66
140
207
239
231
181
105
41
0
0
0
0
24
76
153
216
241
226
172
94
34
8
3
1
1
1
0
0
0
0
0
0
0
1
1
2
4
18
60
134
203
238
233
186
111
45
0
0
0
0
24
76
153
216
241
226
172
94
34
8
3
1
1
1
0
0
0
0
0
0
0
1
1
2
4
17
59
132
202
238
233
188
112
46
0
0
0
0
24
76
153
216
241
226
172
94
34
8
3
1
1
1
0
0
0
0
0
0
0
1
1
2
4
17
58
132
202
238
233
188
112
46
0
0
0
0
24
76
153
216
241
226
172
94
34
8
3
1
1
1
0
0
0
0
0
0
0
1
1
2
4
17
59
132
202
238
233
186
111
45
0
0
0
0
24
76
153
216
241
226
172
94
34
8
3
1
1
1
0
0
0
0
0
0
0
1
1
2
4
18
60
134
203
238
231
183
107
42
0
0
0
0
24
76
153
216
241
226
172
94
34
8
3
1
1
1
0
0
0
0
0
0
0
1
1
2
5
20
66
140
207
239
229
178
101
39
0
0
0
0
24
76
153
216
241
226
172
94
34
8
3
1
1
1
0
0
0
0
0
0
1
1
1
2
6
25
75
151
214
240
225
171
93
34
0
0
0
0
24
76
153
216
241
226
172
94
34
8
3
1
1
1
0
0
0
0
0
0
1
1
1
3
8
32
89
165
222
241
220
160
83
28
0
0
0
0
24
76
153
216
241
226
172
94
34
8
3
1
1
1
0
0
0
0
0
0
1
1
2
3
12
44
107
181
230
240
211
146
71
23
0
0
0
0
24
76
153
216
241
226
172
94
34
8
3
1
1
1
0
0
0
0
0
1
1
1
2
5
20
62
132
200
237
236
197
127
57
17
0
0
0
0
24
76
153
216
241
226
172
94
34
8
2
1
1
1
0
0
1
1
1
1
1
2
3
10
35
89
161
218
241
227
177
103
41
11
0
0
0
0
24
76
153
216
241
226
172
94
34
8
2
1
1
1
1
1
1
1
1
1
2
3
7
22
62
125
192
232
239
210
148
77
27
7
0
0
0
0
24
76
153
216
241
226
172
95
35
9
3
2
1
1
1
1
1
1
2
3
5
9
21
50
103
168
218
239
227
181
113
50
16
4
0
0
0
0
24
76
153
216
241
226
171
95
35
10
4
3
2
2
2
2
2
3
5
9
15
28
55
100
156
207
235
234
203
143
76
29
8
3
0
0
0
0
24
76
153
216
241
226
172
97
40
16
11
10
9
9
9
9
9
12
20
32
49
76
114
161
205
232
236
213
163
99
44
14
4
2
0
0
0
0
24
76
153
216
242
229
181
115
65
44
40
39
39
39
39
39
40
46
63
88
115
146
181
213
234
236
216
172
112
56
21
6
2
1
0
0
0
0
24
76
153
215
242
236
203
158
124
110
107
107
106
106
106
107
108
115
135
162
187
208
226
236
233
212
171
116
62
25
8
2
1
1
0
0
0
0
24
76
152
215
242
243
229
208
192
185
184
184
184
184
184
184
185
190
202
218
229
235
234
222
197
158
109
61
26
9
3
1
1
1
0
0
0
0
24
75
150
210
238
243
240
235
230
228
228
228
228
228
228
228
228
229
230
228
223
215
198
170
133
91
52
24
9
3
1
1
1
1
0
0
0
0
22
68
135
189
213
219
219
219
218
218
218
218
218
218
218
218
218
215
206
189
170
152
129
98
65
36
17
7
3
1
1
1
1
0
0
0
0
0
16
49
98
136
154
158
158
158
158
158
158
158
158
158
159
159
158
154
139
116
93
75
58
39
21
10
4
2
1
1
1
1
0
0
0
0
0
0
8
25
49
69
78
79
80
80
80
80
80
80
80
80
80
80
80
76
66
49
34
24
17
10
5
3
1
1
1
1
1
0
0
0
0
0
0
0
0
0
0
0
0
0
0
0
0
0
0
0
0
0
0
0
0
0
0
0
0
0
0
0
0
0
0
0
0
0
0
0
0
0
0
0
0
0
0
0
0
0
0
0
0
0
0
0
0
0
0
0
0
0
0
0
0
0
0
0
0
0
0
0
0
0
0
0
0
0
0
0
0
0
