37
37
0
0
0
0
0
0
0
0
0
0
0
0
0
0
0
0
0
0
0
0
0
0
0
0
0
0
0
0
0
0
0
0
0
0
0
0
0
0
0
0
0
0
0
0
0
0
0
0
0
0
0
0
0
0
0
0
0
0
0
0
0
0
0
0
0
0
0
0
0
0
0
0
0
0
0
0
7
21
42
58
66
67
67
67
67
67
67
67
67
67
67
67
67
65
56
43
30
22
16
10
5
3
1
1
1
1
1
0
0
0
0
0
0
16
47
92
129
145
149
150
150
150
149
149
149
149
149
149
150
149
145
133
112
92
76
60
42
25
13
6
3
1
1
1
1
1
0
0
0
0
22
67
134
187
211
216
216
214
213
212
212
212
212
212
212
212
212
210
203
189
173
158
137
109
77
48
25
11
4
2
1
1
1
0
0
0
0
24
75
150
210
238
241
234
223
214
210
209
209
209
209
209
209
210
212
216
220
220
217
206
185
153
114
74
40
18
6
2
1
1
0
0
0
0
24
76
152
215
242
239
215
181
155
145
142
142
142
142
142
142
143
149
164
185
202
215
224
226
213
186
145
97
53
22
8
2
1
0
0
0
0
24
76
153
216
242
231
188
129
84
65
61
60
60
60
60
60
61
67
84
108
132
157
186
213
229
227
205
163
109
58
23
7
2
0
0
0
0
24
76
153
216
241
227
174
101
46
22
17
16
15
15
15
15
15
18
27
41
57
79
115
158
200
227
232
213
169
108
52
18
5
0
0
0
0
24
76
153
216
241
226
172
95
36
11
5
3
3
2
2
2
3
3
6
10
16
27
51
90
143
194
228
235
211
159
93
38
11
0
0
0
0
24
76
153
216
241
226
172
95
35
9
3
2
1
1
1
1
1
1
2
2
4
7
16
40
84
145
202
234
233
197
133
65
22
0
0
0
0
24
76
153
216
241
226
172
94
34
8
3
2
1
1
0
1
1
1
1
1
1
2
5
15
43
97
165
218
239
221
167
94
36
0
0
0
0
24
76
153
216
241
226
172
94
34
8
3
1
1
1
0
0
0
0
1
1
1
1
2
6
21
62
130
198
235
234
192
121
53
0
0
0
0
24
76
153
216
241
226
172
94
34
8
3
1
1
1
0
0
0
0
0
0
1
1
1
3
11
41
104
178
228
239
209
144
70
0
0
0
0
24
76
153
216
241
226
172
94
34
8
3
1
1
1
0
0
0
0
0
0
1
1
1
2
7
30
85
161
220
240
220
162
85
0
0
0
0
24
76
153
216
241
226
172
94
34
8
3
1
1
1
0
0
0
0
0
0
1
1
1
2
5
23
72
147
212
240
228
175
99
0
0
0
0
24
76
153
216
241
226
172
94
34
8
3
1
1
1
0
0
0
0
0
0
0
1
1
2
4
19
63
137
205
239
232
184
108
0
0
0
0
24
76
153
216
241
226
172
94
34
8
3
1
1
1
0
0
0
0
0
0
0
1
1
2
4
17
59
133
202
238
233
187
112
0
0
0
0
24
76
153
216
241
226
172
94
34
8
3
1
1
1
0
0
0
0
0
0
0
1
1
2
4
17
59
132
202
238
233
187
112
0
0
0
0
24
76
153
216
241
226
172
94
34
8
3
1
1
1
0
0
0
0
0
0
0
1
1
2
4
17
59
133
202
238
232
185
110
0
0
0
0
24
76
153
216
241
226
172
94
34
8
3
1
1
1
0
0
0
0
0
0
0
1
1
2
4
19
63
137
205
238
230
181
104
0
0
0
0
24
76
153
216
241
226
172
94
34
8
3
1
1
1
0
0
0
0
0
0
1
1
1
2
6
23
72
147
212
240
226
173
96
0
0
0
0
24
76
153
216
241
226
172
94
34
8
3
1
1
1
0
0
0
0
0
0
1
1
1
2
8
31
87
163
220
240
220
161
84
0
0
0
0
24
76
153
216
241
226
172
94
34
8
3
1
1
1
0
0
0
0
0
1
1
1
2
4
13
45
109
182
230
239
209
144
70
0
0
0
0
24
76
153
216
241
226
172
94
34
8
3
1
1
1
0
0
0
1
1
1
1
1
2
7
24
69
139
204
237
233
191
121
53
0
0
0
0
24
76
153
216
241
226
172
94
34
8
3
2
1
1
0
1
1
1
1
1
2
3
6
17
48
106
174
224
239
219
163
91
35
0
0
0
0
24
76
153
216
241
226
172
95
35
9
3
2
1
1
1
1
1
1
2
3
4
8
18
43
90
152
208
235
230
190
125
60
20
0
0
0
0
24
76
153
216
241
226
172
95
36
11
5
3
3
2
2
2
3
4
6
10
17
29
54
94
147
198
230
232
204
148
82
33
10
0
0
0
0
24
76
153
216
241
227
174
101
46
22
17
16
15
15
15
15
15
18
27
41
59
83
119
162
202
228
231
207
158
97
44
15
4
0
0
0
0
24
76
153
216
242
231
188
129
84
65
61
60
60
60
60
60
61
67
84
108
134
161
190
215
230
226
201
156
100
50
18
5
2
0
0
0
0
24
76
152
215
242
239
215
181
155
145
142
142
142
142
142
142
143
149
164
186
204
217
226
226
213
185
142
91
47
19
6
2
1
0
0
0
0
24
75
150
210
238
241
234
223
214
210
209
209
209
209
209
209
210
212
216
220
221
217
206
185
153
114
73
38
16
5
2
1
1
0
0
0
0
22
67
134
187
211
216
216
214
213
212
212
212
212
212
212
212
212
210
203
189
173
158
137
109
77
48
25
11
4
2
1
1
1
0
0
0
0
16
47
92
129
145
149
150
150
150
149
149
149
149
149
149
150
149
145
133
112
92
76
60
42
25
13
6
3
1
1
1
1
0
0
0
0
0
7
21
42
58
66
67
67
67
67
67
67
67
67
67
67
67
67
65
56
43
30
23
16
10
5
3
1
1
1
1
1
0
0
0
0
0
0
0
0
0
0
0
0
0
0
0
0
0
0
0
0
0
0
0
0
0
0
0
0
0
0
0
0
0
0
0
0
0
0
0
0
0
0
0
0
0
0
0
0
0
0
0
0
0
0
0
0
0
0
0
0
0
0
0
0
0
0
0
0
0
0
0
0
0
0
0
0
0
0
