38
49
0
0
0
0
0
0
0
0
0
0
0
0
0
0
0
0
0
0
0
0
0
0
0
0
0
0
0
0
0
0
0
0
0
0
0
0
0
0
0
0
0
0
0
0
0
0
0
0
0
0
0
0
0
0
0
0
0
0
0
0
0
0
0
0
0
0
0
0
0
0
0
0
0
0
0
0
0
0
4
13
26
37
41
42
42
42
42
42
42
42
42
42
42
42
42
40
34
23
14
9
6
4
2
1
1
1
1
1
1
0
0
0
0
0
0
0
11
34
67
93
105
107
107
107
107
107
107
107
107
107
107
107
107
103
90
68
48
34
24
14
7
3
2
1
1
1
1
0
0
0
0
0
0
0
19
57
112
156
176
181
181
181
181
181
181
181
181
181
181
182
181
177
162
137
112
92
71
47
26
12
5
2
1
1
1
1
1
0
0
0
0
0
24
72
142
198
223
229
230
230
229
229
229
229
229
229
229
229
229
227
218
202
184
166
141
107
71
39
18
7
3
1
1
1
1
0
0
0
0
0
25
76
151
212
240
246
244
239
236
234
234
234
234
234
234
234
234
235
236
235
230
221
204
176
136
92
51
23
8
3
1
1
1
1
0
0
0
0
24
76
152
215
243
245
233
215
201
195
194
194
194
194
194
194
195
200
211
226
235
239
236
224
197
156
105
58
25
8
3
1
1
1
0
0
0
0
24
76
152
215
242
237
208
167
137
124
122
122
121
121
121
121
123
131
150
178
201
219
233
240
233
208
166
110
58
23
7
2
1
1
0
0
0
0
24
76
153
216
242
230
184
121
74
55
51
50
50
50
50
50
51
59
78
107
136
165
197
225
239
236
212
166
106
52
18
5
2
1
0
0
0
0
24
76
153
216
241
226
173
99
43
20
14
13
13
13
13
13
14
17
29
46
67
96
138
184
221
239
236
208
156
91
39
12
3
2
0
0
0
0
24
76
153
216
241
226
171
95
36
11
5
4
3
3
3
3
3
4
8
14
24
42
77
127
181
222
240
232
195
133
67
24
7
2
0
0
0
0
24
76
153
216
241
226
172
95
35
9
3
2
2
2
2
2
2
2
3
4
7
14
34
73
131
190
229
240
221
170
100
41
12
3
0
0
0
0
24
76
153
216
241
226
172
95
35
9
3
1
1
1
1
1
1
1
1
2
3
5
13
36
84
150
208
238
235
198
131
62
20
5
0
0
0
0
24
76
153
216
241
226
172
94
34
8
2
1
1
1
0
0
1
1
1
1
2
3
5
17
50
110
180
227
240
217
158
83
30
7
0
0
0
0
24
76
153
216
241
226
172
94
34
8
2
1
1
1
0
0
0
1
1
1
1
2
3
8
28
78
149
211
239
229
179
105
42
11
0
0
0
0
24
76
153
216
241
226
172
94
34
8
3
1
1
1
0
0
0
0
0
1
1
1
2
4
17
55
123
195
235
236
196
125
55
16
0
0
0
0
24
76
153
216
241
226
172
94
34
8
3
1
1
1
0
0
0
0
0
0
1
1
1
3
11
41
105
180
230
239
209
142
68
21
0
0
0
0
24
76
153
216
241
226
172
94
34
8
3
1
1
1
0
0
0
0
0
0
1
1
1
2
8
33
91
168
224
241
217
156
79
27
0
0
0
0
24
76
153
216
241
226
172
94
34
8
3
1
1
1
0
0
0
0
0
0
1
1
1
2
7
27
80
156
217
241
224
167
90
32
0
0
0
0
24
76
153
216
241
226
172
94
34
8
3
1
1
1
0
0
0
0
0
0
0
1
1
2
5
22
70
145
210
240
229
177
100
38
0
0
0
0
24
76
153
216
241
226
172
94
34
8
3
1
1
1
0
0
0
0
0
0
0
1
1
2
4
19
63
137
205
239
232
184
108
43
0
0
0
0
24
76
153
216
241
226
172
94
34
8
3
1
1
1
0
0
0
0
0
0
0
1
1
2
4
17
59
133
202
238
233
187
112
45
0
0
0
0
24
76
153
216
241
226
172
94
34
8
3
1
1
1
0
0
0
0
0
0
0
1
1
2
4
17
58
132
202
238
233
188
113
46
0
0
0
0
24
76
153
216
241
226
172
94
34
8
3
1
1
1
0
0
0
0
0
0
0
1
1
2
4
17
58
132
202
238
233
188
112
46
0
0
0
0
24
76
153
216
241
226
172
94
34
8
3
1
1
1
0
0
0
0
0
0
0
1
1
2
4
17
59
132
202
238
233
187
111
45
0
0
0
0
24
76
153
216
241
226
172
94
34
8
3
1
1
1
0
0
0
0
0
0
0
1
1
2
4
17
59
133
202
238
232
184
108
43
0
0
0
0
24
76
153
216
241
226
172
94
34
8
3
1
1
1
0
0
0
0
0
0
0
1
1
2
4
19
63
137
205
238
230
180
103
40
0
0
0
0
24
76
153
216
241
226
172
94
34
8
3
1
1
1
0
0
0
0
0
0
0
1
1
2
5
22
70
145
210
239
227
175
97
36
0
0
0
0
24
76
153
216
241
226
172
94
34
8
3
1
1
1
0
0
0
0
0
0
1
1
1
2
7
27
80
156
217
240
223
167
89
32
0
0
0
0
24
76
153
216
241
226
172
94
34
8
3
1
1
1
0
0
0
0
0
0
1
1
1
3
9
35
93
169
224
241
217
156
80
27
0
0
0
0
24
76
153
216
241
226
172
94
34
8
3
1
1
1
0
0
0
0
0
0
1
1
1
3
13
46
111
185
232
240
209
143
68
21
0
0
0
0
24
76
153
216
241
226
172
94
34
8
3
1
1
1
0
0
0
0
0
1
1
1
2
5
20
63
134
202
238
236
196
125
55
16
0
0
0
0
24
76
153
216
241
226
172
94
34
8
2
1
1
1
0
0
0
1
1
1
1
2
3
9
33
87
160
218
241
228
178
104
42
11
0
0
0
0
24
76
153
216
241
226
172
94
34
8
2
1
1
1
0
0
1
1
1
1
2
3
6
19
55
119
188
231
240
214
153
80
29
7
0
0
0
0
24
76
153
216
241
226
172
95
35
9
3
1
1
1
1
1
1
1
1
2
3
6
14
39
90
157
213
239
232
190
123
56
18
5
0
0
0
0
24
76
153
216
241
226
172
95
35
9
3
2
2
2
2
2
2
2
3
5
8
16
36
78
137
195
232
239
215
159
89
35
10
3
0
0
0
0
24
76
153
216
241
226
171
95
36
11
5
4
3
3
3
3
3
4
8
15
25
45
81
132
185
225
239
227
185
120
57
19
5
2
0
0
0
0
24
76
153
216
241
226
173
99
43
20
14
13
13
13
13
13
14
18
29
47
70
101
143
188
223
239
233
201
144
80
31
9
2
1
0
0
0
0
24
76
153
216
242
230
184
121
74
55
51
50
50
50
50
50
51
59
79
108
138
170
201
227
240
235
208
157
96
44
14
4
1
1
0
0
0
0
24
76
152
215
242
237
208
167
137
124
122
122
121
121
121
121
123
131
151
178
202
221
235
241
233
207
162
104
52
19
6
2
1
1
0
0
0
0
24
76
152
215
243
245
233
215
201
195
194
194
194
194
194
194
195
200
211
226
236
240
237
224
197
155
104
55
22
7
2
1
1
1
0
0
0
0
25
76
151
212
240
246
244
239
236
234
234
234
234
234
234
234
234
235
236
235
230
221
205
176
136
91
51
22
8
3
1
1
1
1
0
0
0
0
24
72
142
198
223
229
230
230
229
229
229
229
229
229
229
229
229
227
218
202
184
166
141
107
71
39
18
7
3
1
1
1
1
0
0
0
0
0
19
57
112
156
176
181
181
181
181
181
181
181
181
181
181
182
181
177
162
137
112
92
71
47
26
12
5
2
1
1
1
1
0
0
0
0
0
0
11
34
67
93
105
107
107
107
107
107
107
107
107
107
107
107
107
103
90
68
48
34
24
14
7
3
2
1
1
1
1
0
0
0
0
0
0
0
4
13
26
37
41
42
42
42
42
42
42
42
42
42
42
42
42
40
34
23
14
9
6
4
2
1
1
1
1
1
0
0
0
0
0
0
0
0
0
0
0
0
0
0
0
0
0
0
0
0
0
0
0
0
0
0
0
0
0
0
0
0
0
0
0
0
0
0
0
0
0
0
0
0
0
0
0
0
0
0
0
0
0
0
0
0
0
0
0
0
0
0
0
0
0
0
0
0
0
0
0
0
0
0
0
0
0
0
0
0
0
0
