32
43
0
0
0
0
0
0
0
0
0
0
0
0
0
0
0
0
0
0
0
0
0
0
0
0
0
0
0
0
0
0
0
0
0
0
0
0
0
0
0
0
0
0
0
0
0
0
0
0
0
0
0
0
0
0
0
0
0
0
0
0
0
0
0
0
0
0
7
24
50
70
78
79
80
80
80
80
80
80
80
80
77
68
51
34
22
13
7
3
1
1
1
1
0
0
0
0
0
0
15
49
100
139
155
158
158
158
158
158
158
158
159
158
155
143
118
92
70
48
27
12
5
2
1
1
1
1
0
0
0
0
20
67
138
193
215
219
219
218
218
218
218
218
218
218
216
208
190
168
145
113
75
41
18
6
2
1
1
1
0
0
0
0
22
74
154
215
239
241
236
231
229
228
228
228
228
228
229
230
228
222
209
183
144
96
52
21
7
2
1
1
0
0
0
0
22
75
156
220
241
233
211
193
186
184
184
184
184
184
188
199
215
228
233
227
204
161
107
55
21
6
2
1
0
0
0
0
22
75
157
220
236
211
164
126
110
107
106
106
106
107
112
129
158
187
211
229
232
212
167
107
51
17
4
1
0
0
0
0
22
75
157
220
232
193
124
68
44
40
39
39
39
39
43
58
85
116
153
193
224
233
212
161
95
39
11
3
0
0
0
0
22
75
157
220
230
186
107
43
16
10
9
9
9
9
11
17
31
51
84
134
187
224
231
203
142
72
25
6
0
0
0
0
22
75
157
220
230
185
105
39
10
4
3
2
2
2
3
4
8
16
35
75
134
194
229
226
181
108
44
12
0
0
0
0
22
75
157
220
230
185
105
38
9
3
2
1
1
1
1
2
3
5
12
35
84
153
211
233
208
142
67
20
0
0
0
0
22
75
157
220
230
185
104
38
9
2
1
1
1
1
1
1
1
2
4
15
48
112
184
228
223
170
91
31
0
0
0
0
22
75
157
220
230
185
104
38
9
2
1
1
0
0
1
1
1
1
2
7
27
79
155
216
230
190
113
44
0
0
0
0
22
75
157
220
230
185
104
38
9
2
1
1
0
0
0
0
1
1
1
4
15
56
130
202
231
205
133
58
0
0
0
0
22
75
157
220
230
185
104
38
9
2
1
1
0
0
0
0
0
1
1
2
10
42
111
189
230
215
150
70
0
0
0
0
22
75
157
220
230
185
104
38
9
2
1
1
0
0
0
0
0
1
1
2
8
34
97
178
227
222
163
82
0
0
0
0
22
75
157
220
230
185
104
38
9
2
1
1
0
0
0
0
0
1
1
2
6
28
86
168
224
226
173
92
0
0
0
0
22
75
157
220
230
185
104
38
9
2
1
1
0
0
0
0
0
0
1
1
5
24
78
159
220
229
182
101
0
0
0
0
22
75
157
220
230
185
104
38
9
2
1
1
0
0
0
0
0
0
1
1
4
21
72
154
218
230
186
106
0
0
0
0
22
75
157
220
230
185
104
38
9
2
1
1
0
0
0
0
0
0
1
1
4
20
71
152
217
231
188
107
0
0
0
0
22
75
157
220
230
185
104
38
9
2
1
1
0
0
0
0
0
0
1
1
4
20
71
152
217
230
187
107
0
0
0
0
22
75
157
220
230
185
104
38
9
2
1
1
0
0
0
0
0
0
1
1
4
20
71
152
217
230
186
106
0
0
0
0
22
75
157
220
230
185
104
38
9
2
1
1
0
0
0
0
0
0
1
1
4
21
72
154
218
229
183
102
0
0
0
0
22
75
157
220
230
185
104
38
9
2
1
1
0
0
0
0
0
0
1
1
5
24
77
159
220
228
179
97
0
0
0
0
22
75
157
220
230
185
104
38
9
2
1
1
0
0
0
0
0
1
1
2
6
28
86
168
224
226
172
90
0
0
0
0
22
75
157
220
230
185
104
38
9
2
1
1
0
0
0
0
0
1
1
2
8
35
99
179
228
222
163
81
0
0
0
0
22
75
157
220
230
185
104
38
9
2
1
1
0
0
0
0
1
1
1
3
12
46
116
193
231
215
150
70
0
0
0
0
22
75
157
220
230
185
104
38
9
2
1
1
0
0
0
1
1
1
1
4
18
62
138
207
233
205
133
58
0
0
0
0
22
75
157
220
230
185
104
38
9
2
1
1
0
0
1
1
1
1
3
8
30
87
164
221
231
189
112
44
0
0
0
0
22
75
157
220
230
185
104
38
9
2
1
1
1
1
1
1
1
2
5
17
53
119
191
230
221
165
87
30
0
0
0
0
22
75
157
220
230
185
105
38
9
3
2
1
1
1
1
2
3
5
13
37
89
159
215
232
202
134
61
18
0
0
0
0
22
75
157
220
230
185
105
39
10
4
3
2
2
2
3
4
9
17
38
78
139
198
230
221
171
98
38
10
0
0
0
0
22
75
157
220
230
186
107
43
16
10
9
9
9
9
11
18
32
54
88
138
190
226
229
195
131
63
20
5
0
0
0
0
22
75
157
220
232
193
124
68
44
40
39
39
39
39
43
58
86
119
157
196
226
232
207
152
85
33
9
2
0
0
0
0
22
75
157
220
236
211
164
126
110
107
106
106
106
107
112
130
159
188
213
230
232
210
163
100
45
14
4
1
0
0
0
0
22
75
156
220
241
233
211
193
186
184
184
184
184
184
188
199
216
229
234
227
203
160
105
52
19
5
2
1
0
0
0
0
22
74
154
215
239
241
236
231
229
228
228
228
228
228
229
230
228
222
209
183
144
96
51
20
6
2
1
1
0
0
0
0
20
67
138
193
215
219
219
218
218
218
218
218
218
218
216
208
190
168
145
113
75
41
18
6
2
1
1
1
0
0
0
0
15
49
100
139
155
158
158
158
158
158
158
158
159
158
155
143
118
92
70
48
27
12
5
2
1
1
1
0
0
0
0
0
7
24
50
70
78
79
80
80
80
80
80
80
80
80
77
68
51
34
22
13
7
3
1
1
1
1
0
0
0
0
0
0
0
0
0
0
0
0
0
0
0
0
0
0
0
0
0
0
0
0
0
0
0
0
0
0
0
0
0
0
0
0
0
0
0
0
0
0
0
0
0
0
0
0
0
0
0
0
0
0
0
0
0
0
0
0
0
0
0
0
0
0
0
0
