28
37
0
0
0
0
0
0
0
0
0
0
0
0
0
0
0
0
0
0
0
0
0
0
0
0
0
0
0
0
0
0
0
0
0
0
0
0
0
0
0
0
0
0
0
0
0
0
0
0
0
0
0
0
0
0
0
0
0
0
15
36
55
64
65
65
65
65
65
65
65
65
59
46
30
18
10
5
2
1
1
1
1
0
0
0
0
0
33
82
127
146
150
151
151
151
151
151
151
150
141
120
92
68
44
23
9
3
1
1
1
1
0
0
0
0
48
119
184
213
218
217
216
216
216
216
216
215
210
196
175
149
113
71
35
13
4
1
1
1
0
0
0
0
53
133
206
237
235
223
215
213
213
213
213
214
217
222
222
213
188
144
91
44
15
4
1
1
0
0
0
0
54
135
209
233
212
174
151
144
143
143
143
146
157
179
203
220
224
204
159
98
44
13
3
1
0
0
0
0
54
135
209
225
181
114
72
60
58
58
58
61
73
98
132
170
206
224
209
159
91
35
9
2
0
0
0
0
54
135
208
221
166
84
32
16
14
13
13
15
20
34
58
96
149
201
225
204
143
69
21
4
0
0
0
0
54
135
208
220
163
77
23
6
3
2
2
2
4
8
17
39
86
152
209
224
184
108
41
9
0
0
0
0
54
135
208
220
163
77
22
5
2
1
1
1
1
2
4
13
41
100
175
221
210
144
64
17
0
0
0
0
54
135
208
220
163
77
22
4
2
1
0
1
1
1
2
5
18
61
136
205
221
171
88
27
0
0
0
0
54
135
208
220
163
77
22
4
2
1
0
0
1
1
1
2
9
38
105
186
223
191
110
39
0
0
0
0
54
135
208
220
163
77
22
4
2
1
0
0
0
1
1
2
5
25
84
169
221
204
129
50
0
0
0
0
54
135
208
220
163
77
22
4
2
1
0
0
0
1
1
1
4
19
70
155
217
212
143
61
0
0
0
0
54
135
208
220
163
77
22
4
2
1
0
0
0
0
1
1
3
15
61
143
212
217
155
70
0
0
0
0
54
135
208
220
163
77
22
4
2
1
0
0
0
0
1
1
3
13
55
135
208
220
162
76
0
0
0
0
54
135
208
220
163
77
22
4
2
1
0
0
0
0
1
1
3
12
52
132
206
220
165
79
0
0
0
0
54
135
208
220
163
77
22
4
2
1
0
0
0
0
1
1
3
12
52
131
206
220
165
79
0
0
0
0
54
135
208
220
163
77
22
4
2
1
0
0
0
0
1
1
3
12
52
132
206
220
163
77
0
0
0
0
54
135
208
220
163
77
22
4
2
1
0
0
0
0
1
1
3
13
55
135
208
218
159
73
0
0
0
0
54
135
208
220
163
77
22
4
2
1
0
0
0
0
1
1
3
15
61
143
212
216
152
67
0
0
0
0
54
135
208
220
163
77
22
4
2
1
0
0
0
1
1
1
4
20
72
156
217
211
142
60
0
0
0
0
54
135
208
220
163
77
22
4
2
1
0
0
0
1
1
2
6
28
89
172
222
204
129
50
0
0
0
0
54
135
208
220
163
77
22
4
2
1
0
0
1
1
1
3
10
42
113
192
225
191
110
39
0
0
0
0
54
135
208
220
163
77
22
4
2
1
0
1
1
1
2
5
20
67
145
211
221
169
86
27
0
0
0
0
54
135
208
220
163
77
22
5
2
1
1
1
1
2
5
14
44
106
180
223
206
137
60
16
0
0
0
0
54
135
208
220
163
77
23
6
3
2
2
2
4
8
18
42
90
156
211
221
176
99
36
8
0
0
0
0
54
135
208
221
166
84
32
16
14
13
13
15
21
35
60
100
153
203
224
198
133
61
18
3
0
0
0
0
54
135
209
225
181
114
72
60
58
58
58
61
73
99
135
174
209
225
206
152
83
30
7
2
0
0
0
0
54
135
209
233
212
174
151
144
143
143
143
146
157
180
205
222
225
204
156
94
40
12
3
1
0
0
0
0
53
133
206
237
235
223
215
213
213
213
213
214
217
222
223
214
188
144
90
42
14
4
1
1
0
0
0
0
48
119
184
213
218
217
216
216
216
216
216
215
210
196
175
149
113
71
35
13
4
1
1
1
0
0
0
0
33
82
127
146
150
151
151
151
151
151
151
150
141
120
92
68
44
23
9
3
1
1
1
1
0
0
0
0
15
36
55
64
65
65
65
65
65
65
65
65
59
46
30
18
10
5
2
1
1
1
1
0
0
0
0
0
0
0
0
0
0
0
0
0
0
0
0
0
0
0
0
0
0
0
0
0
0
0
0
0
0
0
0
0
0
0
0
0
0
0
0
0
0
0
0
0
0
0
0
0
0
0
0
0
0
0
0
0
0
0
