21
25
0
0
0
0
0
0
0
0
0
0
0
0
0
0
0
0
0
0
0
0
0
0
0
0
0
0
0
0
0
0
0
0
0
0
0
0
0
0
0
0
0
0
0
0
0
1
5
15
34
59
74
78
78
78
74
59
34
15
5
1
0
0
0
0
0
1
9
30
65
105
147
171
178
178
178
171
147
105
65
30
9
1
0
0
0
0
9
37
89
147
190
221
236
240
240
240
236
221
190
146
85
30
5
0
0
0
0
30
89
161
214
236
240
240
240
240
241
243
246
240
212
146
65
15
0
0
0
0
58
143
214
242
231
201
183
178
178
182
198
226
246
240
190
105
34
0
0
0
0
70
160
221
228
190
128
88
78
78
85
114
170
226
246
221
147
59
0
0
0
0
55
124
167
168
129
71
38
31
32
36
61
125
202
244
236
171
74
0
0
0
0
24
56
78
85
73
58
64
74
78
79
93
139
205
245
240
178
78
0
0
0
0
6
20
45
73
92
114
148
171
178
178
183
201
232
251
240
178
78
0
0
0
0
9
37
89
143
175
197
221
236
240
240
241
244
251
255
240
178
78
0
0
0
0
37
93
162
214
236
240
240
240
240
240
241
244
251
255
240
178
78
0
0
0
0
89
162
218
242
240
222
197
182
178
178
183
201
232
251
240
178
78
0
0
0
0
143
214
242
231
195
152
109
85
78
78
89
132
201
244
240
178
78
0
0
0
0
171
236
244
205
135
74
36
20
17
21
42
100
187
241
240
178
78
0
0
0
0
171
236
244
202
124
57
25
17
20
35
71
128
201
244
240
178
78
0
0
0
0
147
221
246
226
170
114
85
78
85
109
152
195
232
251
240
178
78
0
0
0
0
105
190
240
246
226
198
182
178
182
197
222
241
251
255
240
178
78
0
0
0
0
65
146
212
240
246
243
241
239
236
233
237
243
251
255
240
178
78
0
0
0
0
30
85
146
190
221
236
240
236
221
197
185
197
221
236
225
167
73
0
0
0
0
9
30
65
105
147
171
178
171
147
109
91
109
147
171
167
124
55
0
0
0
0
1
5
15
34
59
74
78
74
59
35
24
35
59
74
73
55
24
0
0
0
0
0
0
0
0
0
0
0
0
0
0
0
0
0
0
0
0
0
0
0
0
0
0
0
0
0
0
0
0
0
0
0
0
0
0
0
0
0
0
0
0
