22
24
0
0
0
0
0
0
0
0
0
0
0
0
0
0
0
0
0
0
0
0
0
0
0
0
0
0
0
0
0
0
0
0
0
0
0
0
0
0
0
0
0
0
0
0
0
0
1
5
15
34
59
74
85
109
147
165
147
105
66
34
15
5
1
0
0
0
0
0
5
24
61
104
147
171
182
197
221
232
221
190
151
104
61
24
5
0
0
0
0
0
15
61
131
186
221
236
240
240
240
240
240
236
221
186
131
61
15
1
0
0
0
0
34
104
186
233
246
243
237
221
197
185
198
225
242
233
186
104
34
5
0
0
0
0
59
147
221
246
232
201
176
147
109
91
114
170
226
246
221
147
59
12
0
0
0
0
70
160
221
228
190
128
85
64
46
39
61
125
202
244
236
171
74
15
0
0
0
0
55
124
167
168
129
71
41
45
64
76
93
139
205
245
240
178
78
16
0
0
0
0
24
56
78
85
73
58
71
105
147
171
183
201
232
251
240
178
78
16
0
0
0
0
6
20
45
73
92
114
152
190
221
236
241
244
251
255
240
178
78
16
0
0
0
0
9
37
89
143
175
197
221
236
240
240
241
244
251
255
240
178
78
16
0
0
0
0
37
93
162
214
236
240
236
221
197
182
183
201
232
251
240
178
78
16
0
0
0
0
89
162
218
242
240
222
190
151
109
85
89
132
201
244
241
182
85
20
0
0
0
0
137
211
242
235
201
156
106
66
35
21
35
96
186
241
244
197
109
35
0
0
0
0
141
217
243
221
163
96
43
21
16
20
46
114
198
244
251
221
147
59
0
0
0
0
105
190
237
229
177
105
50
40
59
81
114
170
226
251
255
236
171
74
0
0
0
0
66
151
221
242
219
167
119
115
147
175
198
226
247
255
255
240
178
78
0
0
0
0
34
105
190
240
246
226
201
200
220
232
233
237
243
251
255
240
178
78
0
0
0
0
15
65
146
212
240
246
243
241
236
221
197
185
197
221
236
225
167
73
0
0
0
0
5
30
85
146
190
221
232
221
190
151
109
91
109
147
171
167
124
55
0
0
0
0
1
9
30
65
105
147
165
147
105
66
35
24
35
59
74
73
55
24
0
0
0
0
0
0
0
0
0
0
0
0
0
0
0
0
0
0
0
0
0
0
0
0
0
0
0
0
0
0
0
0
0
0
0
0
0
0
0
0
0
0
0
0
0
0
