21
24
0
0
0
0
0
0
0
0
0
0
0
0
0
0
0
0
0
0
0
0
0
0
0
0
0
0
0
0
0
0
0
0
0
0
0
0
0
0
0
0
0
0
0
0
5
15
34
59
74
85
109
147
165
147
105
66
34
15
5
1
0
0
0
0
0
24
61
104
147
171
182
197
221
232
221
190
151
105
65
30
9
1
0
0
0
0
55
128
185
221
236
240
240
240
240
240
236
221
190
146
85
30
5
0
0
0
0
80
171
229
246
243
237
221
197
185
198
225
242
240
211
142
58
12
0
0
0
0
109
197
240
232
201
176
147
109
91
114
170
226
250
236
171
74
15
0
0
0
0
146
216
229
191
128
85
64
46
39
61
125
202
245
241
182
85
20
0
0
0
0
156
202
185
132
67
34
42
63
76
93
139
205
245
244
197
109
35
0
0
0
0
117
137
109
72
43
46
90
143
171
183
201
232
251
251
221
147
59
0
0
0
0
52
63
64
73
85
114
166
214
236
241
244
251
255
255
236
171
74
0
0
0
0
15
41
90
143
175
198
225
242
243
241
241
244
251
255
240
178
78
0
0
0
0
15
65
146
211
236
240
236
221
197
182
183
201
232
251
240
178
78
0
0
0
0
41
109
190
236
240
222
190
151
109
85
88
128
195
241
240
182
85
0
0
0
0
84
162
221
231
201
156
106
66
35
21
31
81
162
227
241
197
109
0
0
0
0
113
196
236
220
163
96
43
21
16
20
40
89
159
220
244
221
147
0
0
0
0
102
193
240
230
177
105
50
40
59
81
110
156
201
236
251
236
171
0
0
0
0
81
175
236
246
219
167
119
115
147
175
197
222
241
251
255
240
178
0
0
0
0
59
147
221
250
247
226
201
200
220
232
233
237
242
246
243
226
167
0
0
0
0
34
104
185
230
243
246
244
244
242
225
198
185
193
202
193
170
124
0
0
0
0
15
61
128
171
197
221
236
236
214
166
113
91
102
116
102
80
55
0
0
0
0
5
24
55
80
109
147
171
171
143
90
42
24
31
41
31
19
12
0
0
0
0
0
0
0
0
0
0
0
0
0
0
0
0
0
0
0
0
0
0
0
0
0
0
0
0
0
0
0
0
0
0
0
0
0
0
0
0
0
0
0
0
