23
25
0
0
0
0
0
0
0
0
0
0
0
0
0
0
0
0
0
0
0
0
0
0
0
0
0
0
0
0
0
0
0
0
0
0
0
0
0
0
0
0
0
0
0
0
0
0
0
0
0
1
3
8
17
35
59
81
104
126
121
103
85
66
36
11
2
0
0
0
0
0
0
1
7
22
45
73
107
147
175
194
208
204
192
174
141
83
30
5
1
0
0
0
0
0
7
30
74
122
162
193
221
237
243
244
241
238
230
199
133
59
16
2
1
0
0
0
0
26
76
145
199
228
238
240
240
237
228
222
233
244
230
178
103
40
10
2
0
0
0
0
62
133
202
240
247
231
201
183
173
160
158
192
232
244
217
154
75
22
3
0
0
0
0
102
180
233
250
236
190
127
89
76
74
94
153
217
247
239
188
104
36
6
0
0
0
0
123
202
240
237
204
139
70
37
34
52
94
159
219
249
247
210
134
57
14
0
0
0
0
128
196
214
187
140
86
55
61
80
110
158
205
238
252
252
230
169
86
26
0
0
0
0
101
146
145
110
76
61
85
136
173
197
223
243
252
255
255
241
191
103
33
0
0
0
0
47
67
71
71
80
102
146
201
233
243
246
245
247
252
255
245
199
114
39
0
0
0
0
11
23
53
104
153
185
211
235
242
237
222
205
210
232
249
247
211
135
57
0
0
0
0
3
24
81
161
217
238
238
224
201
178
150
124
138
188
234
249
230
169
86
0
0
0
0
8
42
117
199
243
248
223
171
119
85
63
52
81
150
217
248
241
191
103
0
0
0
0
12
57
140
215
247
236
184
107
48
23
22
42
90
159
220
249
245
199
114
0
0
0
0
19
75
162
227
247
222
156
78
32
23
43
93
153
205
239
253
248
211
135
0
0
0
0
25
86
173
233
247
222
166
110
84
85
114
167
215
242
252
255
252
230
168
0
0
0
0
23
77
158
222
246
238
211
187
178
181
197
223
240
244
246
247
243
226
174
0
0
0
0
12
47
113
187
232
247
244
239
238
240
242
237
217
200
203
207
194
172
129
0
0
0
0
4
21
67
136
192
225
239
243
241
240
233
205
154
117
118
124
104
80
56
0
0
0
0
1
8
31
75
119
158
183
193
187
180
170
138
82
44
41
45
32
19
12
0
0
0
0
1
2
10
26
45
69
91
102
93
82
74
57
28
10
7
8
5
1
0
0
0
0
0
0
0
0
0
0
0
0
0
0
0
0
0
0
0
0
0
0
0
0
0
0
0
0
0
0
0
0
0
0
0
0
0
0
0
0
0
0
0
0
0
0
0
0
0
