22
25
0
0
0
0
0
0
0
0
0
0
0
0
0
0
0
0
0
0
0
0
0
0
0
0
0
0
0
0
0
0
0
0
0
0
0
0
0
0
0
0
0
0
0
0
0
0
0
0
0
1
5
15
34
59
74
78
78
78
74
58
30
9
1
0
0
0
0
0
1
5
12
19
35
66
105
147
171
178
178
178
171
142
85
30
5
0
0
0
0
0
5
24
55
80
109
151
190
221
236
240
240
240
236
211
146
65
15
1
0
0
0
0
12
55
124
170
196
217
229
236
239
240
241
244
250
240
190
105
34
5
0
0
0
0
15
70
160
222
239
227
200
183
178
178
182
198
226
242
221
151
66
15
0
0
0
0
12
58
142
210
226
190
128
88
78
78
85
114
170
225
236
190
105
34
0
0
0
0
5
30
85
142
161
129
71
38
31
32
36
61
125
202
241
221
147
59
0
0
0
0
1
9
31
63
81
73
58
64
74
78
79
93
139
205
244
236
171
74
0
0
0
0
1
6
20
45
73
92
114
148
171
178
178
183
201
232
251
240
178
78
0
0
0
0
9
30
65
105
147
175
197
221
236
240
240
241
244
251
255
240
178
78
0
0
0
0
30
85
146
190
221
236
240
240
240
240
240
241
244
251
255
240
178
78
0
0
0
0
58
142
211
240
246
240
222
197
182
178
178
183
201
232
251
240
178
78
0
0
0
0
81
175
236
246
226
191
151
109
85
78
79
93
139
205
245
240
178
78
0
0
0
0
102
193
240
229
177
114
67
35
21
21
31
60
125
202
244
236
171
74
0
0
0
0
116
202
240
217
149
75
35
21
21
35
66
110
170
226
246
221
147
59
0
0
0
0
99
186
236
228
177
117
85
78
85
109
151
191
226
247
243
197
109
35
0
0
0
0
65
147
214
239
225
198
182
178
182
197
222
241
251
255
241
182
85
20
0
0
0
0
30
89
162
218
242
243
241
239
236
233
237
243
251
255
240
178
78
16
0
0
0
0
9
37
93
162
214
236
240
236
221
197
185
197
222
241
235
177
78
16
0
0
0
0
1
9
37
89
143
171
178
171
147
109
91
109
151
190
206
163
73
15
0
0
0
0
0
1
9
30
58
74
78
74
59
35
24
35
66
105
136
117
55
12
0
0
0
0
0
0
0
0
0
0
0
0
0
0
0
0
0
0
0
0
0
0
0
0
0
0
0
0
0
0
0
0
0
0
0
0
0
0
0
0
0
0
0
0
0
0
