22
25
0
0
0
0
0
0
0
0
0
0
0
0
0
0
0
0
0
0
0
0
0
0
0
0
0
0
0
0
0
0
0
0
0
0
0
0
0
0
0
0
0
0
0
0
0
0
0
1
5
15
34
66
105
147
165
147
109
85
74
58
30
9
1
0
0
0
0
0
0
5
24
61
104
151
190
221
232
221
197
182
171
143
89
37
9
1
0
0
0
0
0
12
55
128
185
221
236
241
243
246
243
241
236
214
162
93
37
9
0
0
0
0
0
15
73
168
228
242
225
201
200
221
237
244
250
246
219
162
89
30
0
0
0
0
0
15
73
167
221
214
166
119
115
147
175
198
226
246
246
214
143
58
0
0
0
0
0
12
55
124
160
144
95
56
49
64
82
114
170
226
250
236
171
74
0
0
0
0
0
5
25
59
81
77
65
65
61
46
39
61
125
202
245
240
178
78
0
0
0
0
1
6
20
45
73
92
114
142
141
109
85
93
139
205
245
240
178
78
0
0
0
0
15
34
66
105
147
175
197
217
217
197
182
183
201
232
251
240
178
78
0
0
0
0
61
104
151
190
220
232
233
236
239
240
240
241
244
251
255
240
178
78
0
0
0
0
128
185
221
236
236
221
197
185
197
221
237
244
251
255
255
236
171
74
0
0
0
0
168
229
246
231
195
152
109
91
109
147
176
201
232
251
251
221
147
59
0
0
0
0
171
236
244
205
135
74
36
24
35
59
85
132
201
244
244
197
109
35
0
0
0
0
147
221
241
202
124
57
24
14
11
17
41
100
187
241
241
182
85
20
0
0
0
0
109
197
240
226
170
114
81
59
39
39
71
128
201
244
240
178
78
16
0
0
0
0
81
175
236
246
226
198
175
147
115
115
152
195
232
250
236
171
74
15
0
0
0
0
58
143
214
246
250
244
237
221
200
200
222
241
251
250
221
147
59
12
0
0
0
0
30
89
161
214
236
240
239
235
229
230
240
250
255
244
197
109
35
5
0
0
0
0
9
37
89
143
171
178
178
178
178
182
197
221
237
229
177
84
20
1
0
0
0
0
1
9
30
58
74
78
78
78
78
85
109
147
175
182
148
70
15
0
0
0
0
0
0
1
5
12
15
16
16
16
16
20
35
59
81
98
93
48
12
0
0
0
0
0
0
0
0
0
0
0
0
0
0
0
0
0
0
0
0
0
0
0
0
0
0
0
0
0
0
0
0
0
0
0
0
0
0
0
0
0
0
0
0
0
0
0
