23
26
0
0
0
0
0
0
0
0
0
0
0
0
0
0
0
0
0
0
0
0
0
0
0
0
0
0
0
0
0
0
0
0
0
0
0
0
0
0
0
0
0
0
0
0
0
0
0
0
0
1
3
7
15
26
49
77
93
89
81
74
59
35
19
13
7
3
1
0
0
0
0
0
2
12
35
64
93
128
165
185
185
180
171
147
109
81
60
33
11
2
0
0
0
0
1
6
31
86
145
182
208
228
239
240
240
236
221
197
174
139
80
28
5
0
0
0
0
1
9
47
120
192
231
245
246
242
240
240
243
246
243
233
198
128
56
16
0
0
0
0
1
9
42
105
171
217
231
223
203
187
183
197
223
242
247
229
177
105
44
0
0
0
0
1
5
20
53
99
145
167
159
131
100
90
110
156
201
234
243
220
163
88
0
0
0
0
1
2
7
20
42
73
93
93
73
48
38
50
87
148
211
244
243
202
126
0
0
0
0
3
11
24
40
56
80
101
109
98
85
76
69
78
132
204
245
247
212
136
0
0
0
0
16
45
82
114
136
160
180
189
185
180
171
151
135
162
216
247
244
201
120
0
0
0
0
43
104
162
197
213
227
235
237
238
239
236
222
207
215
238
251
241
191
106
0
0
0
0
71
154
216
242
246
241
228
220
227
238
243
246
245
247
252
251
231
173
92
0
0
0
0
96
182
237
252
242
212
171
148
158
176
197
223
243
252
255
248
213
142
68
0
0
0
0
121
203
245
249
220
160
95
63
66
82
111
159
205
238
252
245
200
118
47
0
0
0
0
143
218
249
244
202
126
56
20
15
25
51
100
161
218
248
241
191
104
35
0
0
0
0
136
211
246
243
205
140
79
38
25
36
64
104
160
218
245
230
169
86
26
0
0
0
0
99
175
228
245
231
197
154
110
93
107
137
165
201
235
244
211
135
57
14
0
0
0
0
52
118
190
236
248
241
222
197
186
195
212
225
239
250
244
199
114
39
7
0
0
0
0
19
64
137
203
233
240
239
237
235
236
244
250
253
254
241
191
103
33
5
0
0
0
0
5
27
78
137
170
182
195
212
212
212
230
248
255
252
230
169
86
26
4
0
0
0
0
1
8
28
57
74
85
106
132
134
139
177
219
238
236
206
134
57
14
2
0
0
0
0
0
1
5
12
15
20
34
50
52
62
104
151
177
187
168
103
37
7
1
0
0
0
0
0
0
0
0
0
1
5
9
10
17
38
63
82
101
106
69
25
4
0
0
0
0
0
0
0
0
0
0
0
0
0
0
0
0
0
0
0
0
0
0
0
0
0
0
0
0
0
0
0
0
0
0
0
0
0
0
0
0
0
0
0
0
0
0
0
0
0
