21
23
0
0
0
0
0
0
0
0
0
0
0
0
0
0
0
0
0
0
0
0
0
0
0
0
0
0
0
0
0
0
0
0
0
0
0
0
0
0
0
0
0
0
0
0
0
1
5
15
34
66
105
147
171
178
171
147
105
65
30
9
1
0
0
0
0
0
5
24
61
104
151
190
221
236
240
236
221
190
147
89
37
9
0
0
0
0
1
15
61
131
186
221
236
240
240
240
240
240
236
214
161
89
30
0
0
0
0
5
34
104
186
233
242
225
198
182
178
182
198
225
239
214
147
65
0
0
0
0
15
66
151
221
242
219
167
113
85
78
85
114
170
225
236
190
105
0
0
0
0
34
105
190
236
225
167
95
42
20
16
20
45
109
186
225
206
136
0
0
0
0
59
147
221
240
198
113
42
9
1
0
1
15
61
128
167
163
117
0
0
0
0
74
171
236
240
182
85
20
1
0
0
0
5
24
55
73
73
55
0
0
0
0
78
178
240
240
178
78
16
0
0
0
0
1
5
12
15
15
12
0
0
0
0
78
178
240
240
178
78
16
0
0
0
0
0
0
0
0
0
0
0
0
0
0
78
178
240
240
178
78
16
0
0
0
0
1
5
12
15
15
12
0
0
0
0
74
171
236
240
182
85
20
1
0
0
0
5
24
55
73
73
55
0
0
0
0
59
147
221
240
198
113
42
9
1
0
1
15
61
128
167
163
117
0
0
0
0
34
105
190
236
225
167
95
42
20
16
20
45
109
186
225
206
136
0
0
0
0
15
66
151
221
242
219
167
113
85
78
85
114
170
225
236
190
105
0
0
0
0
5
34
104
186
233
242
225
198
182
178
182
198
225
239
214
147
65
0
0
0
0
1
15
61
131
186
221
236
240
240
240
240
240
236
214
161
89
30
0
0
0
0
0
5
24
61
104
151
190
221
236
240
236
221
190
147
89
37
9
0
0
0
0
0
1
5
15
34
66
105
147
171
178
171
147
105
65
30
9
1
0
0
0
0
0
0
0
0
0
0
0
0
0
0
0
0
0
0
0
0
0
0
0
0
0
0
0
0
0
0
0
0
0
0
0
0
0
0
0
0
0
0
0
0
