21
23
0
0
0
0
0
0
0
0
0
0
0
0
0
0
0
0
0
0
0
0
0
0
0
0
0
0
0
0
0
0
0
0
0
0
0
0
0
0
0
0
0
0
0
0
1
5
15
34
66
105
147
171
178
171
147
105
66
34
15
5
1
0
0
0
0
5
24
61
104
151
190
221
236
240
236
221
190
151
105
65
30
9
0
0
0
0
11
51
121
182
221
240
246
243
241
239
236
229
217
189
147
89
37
0
0
0
0
12
58
143
214
246
246
226
198
182
178
182
197
221
232
214
161
89
0
0
0
0
10
54
140
214
241
219
167
113
85
78
85
114
170
220
231
200
132
0
0
0
0
16
70
157
221
222
167
95
42
20
16
20
45
105
168
185
167
117
0
0
0
0
34
105
190
229
197
113
42
9
1
0
1
15
55
97
99
80
55
0
0
0
0
59
147
221
236
182
85
20
1
0
0
0
5
20
36
30
19
12
0
0
0
0
74
171
236
239
178
78
16
0
0
0
0
1
4
7
4
1
0
0
0
0
0
78
178
240
240
178
78
16
0
0
0
0
0
1
5
12
15
12
0
0
0
0
78
178
240
240
178
78
16
0
0
0
0
1
9
30
58
70
55
0
0
0
0
78
178
240
241
182
85
20
1
0
0
0
5
30
85
142
156
117
0
0
0
0
74
171
236
243
198
113
42
9
1
0
1
15
65
146
206
202
136
0
0
0
0
58
142
211
236
221
166
95
42
20
16
20
45
110
191
229
196
109
0
0
0
0
30
85
147
194
224
214
167
113
85
78
85
114
170
225
232
175
81
0
0
0
0
9
30
69
124
190
226
221
197
182
178
182
198
226
242
220
147
59
0
0
0
0
1
5
22
65
132
185
217
229
236
239
241
243
246
233
186
104
34
0
0
0
0
0
0
5
24
61
104
151
190
221
236
240
236
221
186
131
61
15
0
0
0
0
0
0
1
5
15
34
66
105
147
171
178
171
147
104
61
24
5
0
0
0
0
0
0
0
0
0
0
0
0
0
0
0
0
0
0
0
0
0
0
0
0
0
0
0
0
0
0
0
0
0
0
0
0
0
0
0
0
0
0
0
0
