21
24
0
0
0
0
0
0
0
0
0
0
0
0
0
0
0
0
0
0
0
0
0
0
0
0
0
0
0
0
0
0
0
0
0
0
0
0
0
0
0
0
0
0
0
0
0
1
5
15
34
66
105
147
165
147
105
66
34
15
5
1
0
0
0
0
0
1
9
30
65
105
151
190
221
232
221
190
151
104
61
24
5
0
0
0
0
0
9
37
89
147
190
222
240
246
242
237
229
217
185
132
65
22
5
0
0
0
0
27
83
157
214
240
246
240
222
197
185
197
221
226
190
123
65
24
0
0
0
0
43
119
199
242
246
226
191
151
109
91
114
170
216
216
176
117
50
0
0
0
0
50
133
211
240
219
167
109
66
35
24
45
105
167
182
160
114
50
0
0
0
0
70
157
221
222
167
95
41
15
5
2
15
55
97
99
80
55
24
0
0
0
0
105
190
229
197
113
42
9
1
0
0
5
20
36
30
19
12
5
0
0
0
0
147
221
237
185
91
24
2
0
0
0
1
4
7
4
1
0
0
0
0
0
0
165
232
242
197
109
35
5
0
0
0
0
0
1
5
12
15
12
0
0
0
0
147
221
246
221
147
59
12
0
0
0
0
1
9
30
58
70
55
0
0
0
0
109
197
243
236
171
74
15
0
0
0
0
5
30
85
142
156
117
0
0
0
0
85
182
241
241
182
85
20
1
0
0
1
15
65
146
206
202
136
0
0
0
0
74
171
236
243
198
113
43
14
13
15
20
45
110
191
229
196
109
0
0
0
0
58
142
211
236
221
166
99
60
63
74
85
114
170
225
232
175
81
0
0
0
0
30
85
147
194
224
214
173
143
154
171
182
198
225
239
213
143
58
0
0
0
0
9
30
69
124
190
226
225
215
225
236
241
243
242
218
162
89
30
0
0
0
0
1
5
22
65
132
185
218
233
242
242
241
236
214
162
93
37
9
0
0
0
0
0
0
5
24
61
104
151
186
202
193
182
171
143
89
37
9
1
0
0
0
0
0
0
1
5
15
34
66
99
116
102
85
74
58
30
9
1
0
0
0
0
0
0
0
0
0
0
0
0
0
0
0
0
0
0
0
0
0
0
0
0
0
0
0
0
0
0
0
0
0
0
0
0
0
0
0
0
0
0
0
0
0
