23
24
0
0
0
0
0
0
0
0
0
0
0
0
0
0
0
0
0
0
0
0
0
0
0
0
0
0
0
0
0
0
0
0
0
0
0
0
0
0
0
0
0
0
0
0
0
0
0
0
0
1
1
5
14
33
59
74
81
89
93
77
49
26
14
6
2
1
0
0
0
0
0
1
4
13
29
59
101
146
171
180
185
185
165
128
91
62
33
11
2
1
0
0
0
0
4
19
50
89
137
183
219
236
240
240
238
228
207
180
142
86
33
7
1
0
0
0
0
10
45
107
164
207
232
242
241
239
235
234
241
244
236
205
140
62
16
2
0
0
0
0
18
71
153
214
241
238
215
191
178
172
180
209
236
244
222
163
80
23
3
0
0
0
0
36
102
185
236
247
220
163
108
82
79
97
143
190
207
184
134
69
22
3
0
0
0
0
66
144
213
247
245
203
124
54
22
18
33
70
112
126
102
66
32
10
2
0
0
0
0
88
172
231
251
238
185
99
31
5
1
6
21
41
47
32
17
7
3
1
0
0
0
0
90
177
234
249
224
158
73
19
2
0
1
3
7
9
5
1
0
0
0
0
0
0
0
92
179
235
246
213
137
55
12
1
0
0
0
0
1
5
12
15
13
7
0
0
0
0
93
175
232
246
215
142
61
15
2
0
0
1
3
12
32
59
71
59
32
0
0
0
0
80
156
220
246
231
171
87
27
4
1
1
3
15
46
95
145
162
135
75
0
0
0
0
59
134
209
247
242
195
111
40
9
2
1
8
37
99
167
216
224
184
105
0
0
0
0
43
115
197
242
247
211
137
66
30
13
5
16
62
140
211
245
241
196
114
0
0
0
0
28
87
166
225
245
227
177
123
86
54
33
45
100
174
229
246
226
169
90
0
0
0
0
13
49
116
190
235
242
224
198
170
131
103
115
164
215
241
233
188
118
52
0
0
0
0
4
21
71
148
210
241
247
243
231
209
193
199
224
244
243
206
135
63
20
0
0
0
0
1
9
39
97
160
209
236
245
243
242
240
240
240
238
219
164
84
27
5
0
0
0
0
1
3
16
46
91
142
180
199
205
218
228
220
197
178
154
105
44
10
1
0
0
0
0
0
1
4
13
32
62
93
113
123
143
159
145
109
83
65
41
16
3
0
0
0
0
0
0
0
0
0
0
0
0
0
0
0
0
0
0
0
0
0
0
0
0
0
0
0
0
0
0
0
0
0
0
0
0
0
0
0
0
0
0
0
0
0
0
0
0
0
