21
24
0
0
0
0
0
0
0
0
0
0
0
0
0
0
0
0
0
0
0
0
0
0
0
0
0
0
0
0
0
0
0
0
0
0
0
0
0
0
0
0
0
0
0
0
0
0
5
24
55
73
78
85
109
147
165
143
90
41
15
5
1
0
0
0
0
0
1
15
61
128
168
178
182
197
221
232
214
166
109
65
30
9
0
0
0
0
0
5
34
104
185
229
239
236
233
236
239
236
221
190
147
89
37
0
0
0
0
1
15
66
151
222
250
247
226
198
182
182
197
221
232
214
161
89
0
0
0
0
9
41
109
190
236
240
215
166
113
85
85
113
167
218
239
213
143
0
0
0
0
30
90
166
221
227
195
148
90
42
20
20
43
99
173
228
232
171
0
0
0
0
58
143
214
236
200
128
70
30
9
1
1
13
56
132
201
218
167
0
0
0
0
74
171
236
240
183
88
27
5
1
0
0
8
40
100
152
163
124
0
0
0
0
78
178
240
240
178
78
16
0
0
0
0
4
20
48
70
72
55
0
0
0
0
78
178
240
240
178
78
16
0
0
0
0
1
5
12
15
15
12
0
0
0
0
78
178
240
240
178
78
16
0
0
0
0
0
0
0
0
0
0
0
0
0
0
78
178
240
240
178
78
16
0
0
0
1
5
12
15
15
12
5
0
0
0
0
74
171
236
240
182
85
20
1
0
0
5
24
55
73
73
55
24
0
0
0
0
59
147
221
240
198
114
46
20
16
16
27
66
128
167
163
117
51
0
0
0
0
34
104
186
229
221
170
114
85
78
78
88
128
190
225
206
136
55
0
0
0
0
15
61
131
186
217
217
197
182
178
178
183
201
231
236
190
105
34
0
0
0
0
5
24
61
109
170
221
240
241
239
236
233
236
235
211
146
65
15
0
0
0
0
1
5
15
44
109
186
229
240
236
225
212
206
186
146
85
30
5
0
0
0
0
0
0
1
15
61
128
168
178
171
154
133
123
99
65
30
9
1
0
0
0
0
0
0
0
5
24
55
73
78
74
63
50
44
30
15
5
1
0
0
0
0
0
0
0
0
0
0
0
0
0
0
0
0
0
0
0
0
0
0
0
0
0
0
0
0
0
0
0
0
0
0
0
0
0
0
0
0
0
0
0
0
0
