22
24
0
0
0
0
0
0
0
0
0
0
0
0
0
0
0
0
0
0
0
0
0
0
0
0
0
0
0
0
0
0
0
0
0
0
0
0
0
0
0
0
0
0
0
0
0
0
0
1
2
10
29
54
73
100
131
135
107
81
59
32
12
3
1
0
0
0
0
0
1
3
10
34
82
132
162
187
210
214
196
175
145
97
52
24
10
3
0
0
0
0
4
14
39
82
146
201
227
237
244
247
244
237
217
177
128
83
44
16
0
0
0
0
10
38
89
146
202
238
246
237
228
232
238
242
242
230
205
164
104
41
0
0
0
0
17
65
140
201
237
247
231
195
166
166
177
192
216
239
243
218
153
65
0
0
0
0
31
94
177
232
250
240
197
131
82
72
80
105
157
216
247
237
177
84
0
0
0
0
59
132
206
244
248
219
155
77
29
16
19
40
100
183
237
242
196
110
0
0
0
0
95
174
231
249
233
183
109
42
9
1
1
15
64
147
212
234
210
138
0
0
0
0
112
196
243
247
212
139
64
18
3
1
1
7
38
97
153
187
188
137
0
0
0
0
113
199
245
243
196
113
40
8
1
0
0
3
15
40
71
101
118
90
0
0
0
0
119
203
244
236
183
101
34
6
0
0
0
1
3
8
17
32
44
34
0
0
0
0
135
213
244
227
169
91
30
5
0
1
2
3
2
1
1
5
8
6
0
0
0
0
137
213
244
229
172
94
33
7
1
3
11
21
21
18
15
12
5
1
0
0
0
0
116
197
240
240
199
130
65
25
8
11
36
69
81
80
73
55
26
6
0
0
0
0
86
170
229
247
231
188
132
78
41
41
84
140
171
178
167
127
62
17
0
0
0
0
59
133
199
235
244
233
203
158
115
110
151
203
230
234
215
163
82
24
0
0
0
0
30
78
136
188
229
247
243
224
199
196
216
239
245
229
192
136
68
20
0
0
0
0
9
27
63
118
184
227
242
246
243
242
244
246
227
181
122
71
32
9
0
0
0
0
1
5
19
59
119
165
195
221
234
231
224
216
182
119
58
22
8
2
0
0
0
0
0
1
4
20
49
76
108
147
168
165
154
143
110
59
20
4
1
1
0
0
0
0
0
0
0
0
0
0
0
0
0
0
0
0
0
0
0
0
0
0
0
0
0
0
0
0
0
0
0
0
0
0
0
0
0
0
0
0
0
0
0
0
0
0
