32
37
0
0
0
0
0
0
0
0
0
0
0
0
0
0
0
0
0
0
0
0
0
0
0
0
0
0
0
0
0
0
0
0
0
0
0
0
0
0
0
0
0
0
0
0
0
0
0
0
0
0
0
0
0
0
0
0
0
0
0
0
0
0
0
0
0
0
6
20
42
59
63
57
39
18
5
1
1
1
1
0
0
0
0
1
1
1
6
20
43
58
58
42
20
6
0
0
0
0
13
46
97
134
146
135
99
51
17
4
1
1
1
0
0
0
0
1
1
3
14
47
97
133
133
97
46
13
0
0
0
0
19
67
141
196
215
205
165
99
40
10
2
1
1
1
0
0
0
1
1
4
20
68
142
194
193
141
67
19
0
0
0
0
21
74
157
220
242
239
211
149
75
25
6
2
1
1
1
0
0
1
1
4
22
75
158
217
217
157
74
21
0
0
0
0
21
75
160
224
248
250
235
191
119
51
14
3
1
1
1
0
0
1
1
4
22
76
161
221
221
160
75
21
0
0
0
0
21
75
160
225
249
252
247
222
166
92
35
9
2
1
1
1
0
1
1
4
22
77
162
222
221
160
75
21
0
0
0
0
21
75
160
225
248
249
247
238
205
141
69
23
5
1
1
1
0
1
1
4
22
77
162
223
222
160
75
21
0
0
0
0
21
75
160
224
242
235
229
234
228
186
116
50
14
3
1
1
1
1
1
4
22
77
162
223
222
160
75
21
0
0
0
0
21
75
160
223
233
208
190
206
228
218
164
91
34
8
2
1
1
1
1
4
22
77
162
223
222
160
75
21
0
0
0
0
21
75
160
222
225
181
144
162
208
230
204
140
69
22
4
1
1
1
1
4
22
77
162
223
222
160
75
21
0
0
0
0
21
75
160
222
223
168
110
115
172
221
228
187
116
49
13
2
1
1
1
4
22
77
162
223
222
160
75
21
0
0
0
0
21
75
160
222
223
164
90
74
124
192
230
220
166
91
33
7
1
1
1
4
22
77
162
223
222
160
75
21
0
0
0
0
21
75
160
222
223
163
81
45
77
148
210
233
208
143
69
21
4
1
1
4
22
77
162
223
222
160
75
21
0
0
0
0
21
75
160
222
223
162
78
30
41
99
172
224
231
189
115
47
12
3
2
4
22
77
162
223
222
160
75
21
0
0
0
0
21
75
160
222
223
162
77
25
20
56
124
194
232
221
164
87
31
7
3
4
22
77
162
223
222
160
75
21
0
0
0
0
21
75
160
222
223
162
77
23
10
27
76
149
212
233
204
136
64
20
5
5
22
77
162
223
222
160
75
21
0
0
0
0
21
75
160
222
223
162
77
22
6
11
39
100
176
227
229
184
110
46
14
7
22
77
162
223
222
160
75
21
0
0
0
0
21
75
160
222
223
162
77
22
5
4
17
58
131
201
235
219
160
86
32
11
23
77
162
223
222
160
75
21
0
0
0
0
21
75
160
222
223
162
77
22
4
2
7
28
83
159
218
234
202
135
65
23
25
77
162
223
222
160
75
21
0
0
0
0
21
75
160
222
223
162
77
22
4
2
2
11
43
108
182
228
228
181
109
48
33
78
162
223
222
160
75
21
0
0
0
0
21
75
160
222
223
162
77
22
4
1
1
3
17
61
132
200
232
216
158
87
50
83
163
223
222
160
75
21
0
0
0
0
21
75
160
222
223
162
77
22
4
1
1
1
6
28
81
156
214
231
199
134
81
93
164
223
222
160
75
21
0
0
0
0
21
75
160
222
223
162
77
22
4
1
1
1
2
10
42
105
178
224
224
180
124
115
170
223
222
160
75
21
0
0
0
0
21
75
160
222
223
162
77
22
4
1
1
1
1
3
17
60
130
197
229
214
171
152
185
226
222
160
75
21
0
0
0
0
21
75
160
222
223
162
77
22
4
1
1
1
1
1
6
28
81
155
213
230
213
198
212
234
223
161
75
21
0
0
0
0
21
75
160
222
223
162
77
22
4
1
1
1
1
1
2
11
43
106
178
225
236
233
237
243
224
160
75
21
0
0
0
0
21
75
160
222
223
162
77
22
4
1
1
0
1
1
1
4
19
61
131
199
236
247
250
248
225
160
75
21
0
0
0
0
21
75
160
221
222
162
77
22
4
1
1
0
1
1
1
2
7
30
83
156
216
244
252
249
225
160
75
21
0
0
0
0
21
75
160
221
221
161
76
22
4
1
1
0
0
1
1
1
3
12
44
107
180
229
248
248
224
160
75
21
0
0
0
0
21
74
157
217
217
158
75
22
4
1
1
0
0
0
1
1
1
5
20
62
132
198
234
241
219
157
74
21
0
0
0
0
19
67
141
193
194
142
68
20
4
1
1
0
0
0
1
1
1
2
7
30
82
148
197
212
196
141
67
19
0
0
0
0
13
46
97
133
133
97
47
14
3
1
1
0
0
0
0
1
1
1
3
12
39
86
127
144
134
97
46
13
0
0
0
0
6
20
42
58
58
43
20
6
1
1
1
0
0
0
0
0
1
1
1
4
13
33
53
62
58
42
20
6
0
0
0
0
0
0
0
0
0
0
0
0
0
0
0
0
0
0
0
0
0
0
0
0
0
0
0
0
0
0
0
0
0
0
0
0
0
0
0
0
0
0
0
0
0
0
0
0
0
0
0
0
0
0
0
0
0
0
0
0
0
0
0
0
0
0
