37
43
0
0
0
0
0
0
0
0
0
0
0
0
0
0
0
0
0
0
0
0
0
0
0
0
0
0
0
0
0
0
0
0
0
0
0
0
0
0
0
0
0
0
0
0
0
0
0
0
0
0
0
0
0
0
0
0
0
0
0
0
0
0
0
0
0
0
0
0
0
0
0
0
0
0
0
0
8
25
49
69
77
77
67
47
23
8
2
1
1
1
1
0
0
0
0
0
1
1
1
2
7
23
47
67
75
69
49
25
8
0
0
0
0
16
49
98
136
153
154
139
103
57
22
6
2
1
1
1
0
0
0
0
0
1
1
1
3
15
45
93
133
149
136
98
49
16
0
0
0
0
22
68
135
189
213
215
201
162
102
47
15
4
2
1
1
1
0
0
0
0
1
1
2
5
20
62
128
184
206
188
135
68
22
0
0
0
0
24
75
150
210
238
243
235
205
148
81
31
9
3
1
1
1
1
0
0
0
1
1
2
5
22
69
142
205
230
210
150
75
24
0
0
0
0
24
76
152
215
244
250
247
230
187
121
58
20
5
2
1
1
1
0
0
0
1
1
2
5
22
70
145
209
235
214
152
76
24
0
0
0
0
24
76
153
216
245
252
251
244
217
162
95
40
12
3
1
1
1
1
0
0
1
1
2
5
22
70
145
210
236
215
153
76
24
0
0
0
0
24
76
153
216
246
252
253
250
236
200
138
73
28
8
2
1
1
1
1
0
1
1
2
5
22
70
146
211
236
215
153
76
24
0
0
0
0
24
76
153
216
245
251
250
249
245
226
181
116
55
19
5
2
1
1
1
0
1
1
2
5
22
70
146
211
236
215
153
76
24
0
0
0
0
24
76
153
216
244
244
237
234
239
238
213
160
93
39
12
3
1
1
1
0
1
1
2
5
22
70
146
211
236
215
153
76
24
0
0
0
0
24
76
153
216
240
232
210
201
216
234
232
199
138
72
27
7
2
1
1
1
1
1
2
5
22
70
146
211
236
215
153
76
24
0
0
0
0
24
76
153
215
237
219
180
158
178
215
236
225
181
115
54
18
4
1
1
1
1
1
2
5
22
70
146
211
236
215
153
76
24
0
0
0
0
24
76
153
215
236
212
159
119
134
184
226
237
214
160
92
39
11
3
1
1
1
1
2
5
22
70
146
211
236
215
153
76
24
0
0
0
0
24
76
153
215
236
211
150
94
93
143
201
234
233
200
138
72
26
7
1
1
1
1
2
5
22
70
146
211
236
215
153
76
24
0
0
0
0
24
76
153
215
236
211
148
80
61
99
164
216
238
227
183
116
54
17
4
1
1
1
2
5
22
70
146
211
236
215
153
76
24
0
0
0
0
24
76
153
215
236
211
146
74
40
60
119
184
228
239
217
163
94
39
11
2
1
1
2
5
22
70
146
211
236
215
153
76
24
0
0
0
0
24
76
153
215
236
211
146
71
28
33
76
142
202
236
236
202
140
72
26
6
2
2
2
5
22
70
146
211
236
215
153
76
24
0
0
0
0
24
76
153
215
236
211
146
70
24
17
43
97
164
218
240
228
182
114
51
16
4
2
2
5
22
70
146
211
236
215
153
76
24
0
0
0
0
24
76
153
215
236
211
146
70
23
10
21
58
119
185
229
239
214
158
88
35
11
4
3
5
22
70
146
211
236
215
153
76
24
0
0
0
0
24
76
153
215
236
211
146
70
22
7
10
30
76
143
204
236
234
197
133
67
25
8
4
6
22
70
146
211
236
215
153
76
24
0
0
0
0
24
76
153
215
236
211
146
70
22
6
5
14
42
98
168
221
241
226
177
110
50
17
6
6
22
70
146
211
236
215
153
76
24
0
0
0
0
24
76
153
215
236
211
146
70
22
6
3
6
21
60
126
193
233
240
212
155
88
37
12
7
22
70
146
211
236
215
153
76
24
0
0
0
0
24
76
153
215
236
211
146
70
22
5
2
3
9
32
84
153
212
239
234
195
132
68
26
11
23
70
146
211
236
215
153
76
24
0
0
0
0
24
76
153
215
236
211
146
70
22
5
2
2
3
14
47
107
176
225
241
224
175
109
51
20
25
70
146
211
236
215
153
76
24
0
0
0
0
24
76
153
215
236
211
146
70
22
5
2
1
1
5
22
64
130
194
233
238
210
153
87
39
31
71
146
211
236
215
153
76
24
0
0
0
0
24
76
153
215
236
211
146
70
22
5
2
1
1
2
8
33
84
152
209
237
231
193
131
69
44
75
147
211
236
215
153
76
24
0
0
0
0
24
76
153
215
236
211
146
70
22
5
2
1
1
1
3
14
46
104
172
221
238
222
174
110
68
83
148
211
236
215
153
76
24
0
0
0
0
24
76
153
215
236
211
146
70
22
5
2
1
1
1
1
5
21
62
126
191
230
236
208
153
102
99
152
211
236
215
153
76
24
0
0
0
0
24
76
153
215
236
211
146
70
22
5
2
1
1
1
1
2
9
32
81
149
207
235
229
192
144
127
163
213
236
215
153
76
24
0
0
0
0
24
76
153
215
236
211
146
70
22
5
2
1
1
1
1
1
3
14
46
104
171
219
236
221
187
167
185
221
237
215
153
76
24
0
0
0
0
24
76
153
215
236
211
146
70
22
5
2
1
1
1
1
1
2
6
22
63
127
190
228
236
222
209
215
233
240
216
153
76
24
0
0
0
0
24
76
153
215
236
211
146
70
22
5
2
1
1
0
1
1
1
2
10
33
83
150
207
236
241
238
239
245
244
216
153
76
24
0
0
0
0
24
76
153
215
236
211
146
70
22
5
2
1
1
0
1
1
1
2
4
15
47
105
171
221
243
249
250
251
245
216
153
76
24
0
0
0
0
24
76
153
215
236
211
146
70
22
5
2
1
1
0
0
1
1
1
2
6
23
64
128
191
232
248
252
252
246
216
153
76
24
0
0
0
0
24
76
153
215
236
210
145
70
22
5
2
1
1
0
0
1
1
1
1
3
10
34
84
151
208
240
250
251
245
216
153
76
24
0
0
0
0
24
76
152
214
235
209
145
70
22
5
2
1
1
0
0
0
1
1
1
2
4
16
48
106
173
222
244
249
243
215
152
76
24
0
0
0
0
24
75
150
210
230
205
142
69
22
5
2
1
1
0
0
0
0
1
1
1
2
7
23
65
128
190
228
241
238
210
150
75
24
0
0
0
0
22
68
135
188
206
184
128
62
20
5
2
1
1
0
0
0
0
1
1
1
1
3
10
34
82
143
191
212
212
189
135
68
22
0
0
0
0
16
49
98
136
149
133
93
45
15
3
1
1
1
0
0
0
0
0
1
1
1
2
4
15
43
87
128
150
153
136
98
49
16
0
0
0
0
8
25
49
69
75
67
47
23
7
2
1
1
1
0
0
0
0
0
0
1
1
1
2
5
17
38
61
75
77
69
49
25
8
0
0
0
0
0
0
0
0
0
0
0
0
0
0
0
0
0
0
0
0
0
0
0
0
0
0
0
0
0
0
0
0
0
0
0
0
0
0
0
0
0
0
0
0
0
0
0
0
0
0
0
0
0
0
0
0
0
0
0
0
0
0
0
0
0
0
0
0
0
0
0
0
0
0
0
0
