37
37
0
0
0
0
0
0
0
0
0
0
0
0
0
0
0
0
0
0
0
0
0
0
0
0
0
0
0
0
0
0
0
0
0
0
0
0
0
0
0
0
0
0
0
0
0
0
0
0
0
0
0
0
0
0
0
0
0
0
0
0
0
0
0
0
0
0
0
0
0
0
0
0
0
0
0
0
7
21
41
58
65
65
57
40
21
7
2
1
1
1
1
0
0
0
0
0
1
1
1
2
6
19
40
57
64
58
41
21
7
0
0
0
0
15
47
92
129
145
146
132
99
57
23
7
2
1
1
1
0
0
0
0
0
1
1
1
3
14
43
88
126
141
128
92
46
15
0
0
0
0
22
67
134
187
211
214
201
165
108
53
18
5
2
1
1
1
0
0
0
0
1
1
2
5
20
61
127
182
204
186
133
67
22
0
0
0
0
24
75
150
210
238
243
237
212
160
95
41
13
4
1
1
1
1
0
0
0
1
1
2
5
22
69
142
205
230
210
149
75
24
0
0
0
0
25
76
153
215
244
251
249
236
202
143
78
32
10
3
1
1
1
1
0
0
1
1
2
5
22
70
145
210
235
214
152
76
24
0
0
0
0
24
76
153
216
245
252
252
247
230
189
127
66
25
7
2
1
1
1
1
0
1
1
2
5
22
70
146
211
236
215
153
76
24
0
0
0
0
24
76
153
216
245
250
248
246
241
222
177
114
56
20
6
2
1
1
1
0
1
1
2
5
22
70
146
211
236
215
153
76
24
0
0
0
0
24
76
153
216
243
242
231
227
233
235
214
165
101
47
16
4
2
1
1
1
1
1
2
5
22
70
146
211
236
215
153
76
24
0
0
0
0
24
76
153
215
239
227
200
185
201
226
232
206
153
89
38
12
3
1
1
1
1
1
2
5
22
70
146
211
236
215
153
76
24
0
0
0
0
24
76
153
215
237
216
170
137
153
196
229
230
198
140
77
31
9
2
1
1
1
1
2
5
22
70
146
211
236
215
153
76
24
0
0
0
0
24
76
153
215
236
212
154
102
103
152
205
232
227
189
128
66
25
6
1
1
1
1
2
5
22
70
146
211
236
215
153
76
24
0
0
0
0
24
76
153
215
236
211
148
82
64
101
163
213
235
223
179
116
56
19
5
1
1
1
2
5
22
70
146
211
236
215
153
76
24
0
0
0
0
24
76
153
215
236
211
147
74
39
57
112
175
221
236
218
169
103
46
14
3
1
1
2
5
22
70
146
211
236
215
153
76
24
0
0
0
0
24
76
153
215
236
211
146
71
27
28
65
125
187
228
236
211
155
89
36
10
3
2
2
5
22
70
146
211
236
215
153
76
24
0
0
0
0
24
76
153
215
236
211
146
70
23
13
31
75
138
198
232
234
200
139
74
28
8
3
3
5
22
70
146
211
236
215
153
76
24
0
0
0
0
24
76
153
215
236
211
146
70
22
8
13
37
86
151
208
235
228
187
124
62
23
7
4
6
22
70
146
211
236
215
153
76
24
0
0
0
0
24
76
153
215
236
211
146
70
22
6
6
16
45
100
166
218
237
222
175
110
53
19
7
6
22
70
146
211
236
215
153
76
24
0
0
0
0
24
76
153
215
236
211
146
70
22
5
3
6
20
56
117
183
227
238
215
163
98
45
16
9
23
70
146
211
236
215
153
76
24
0
0
0
0
24
76
153
215
236
211
146
70
22
5
2
3
7
26
70
134
196
232
236
206
149
85
37
16
24
70
146
211
236
215
153
76
24
0
0
0
0
24
76
153
215
236
211
146
70
22
5
2
2
2
9
33
82
147
205
235
231
195
136
74
33
29
71
146
211
236
215
153
76
24
0
0
0
0
24
76
153
215
236
211
146
70
22
5
2
1
1
3
12
40
93
159
212
235
225
184
123
65
43
75
147
211
236
215
153
76
24
0
0
0
0
24
76
153
215
236
211
146
70
22
5
2
1
1
1
4
16
48
104
169
217
235
219
173
112
71
85
149
211
236
215
153
76
24
0
0
0
0
24
76
153
215
236
211
146
70
22
5
2
1
1
1
1
5
20
57
116
179
222
233
211
162
113
107
155
212
236
215
153
76
24
0
0
0
0
24
76
153
215
236
211
146
70
22
5
2
1
1
1
1
2
7
25
67
129
190
226
231
203
163
146
174
217
237
215
153
76
24
0
0
0
0
24
76
153
215
236
211
146
70
22
5
2
1
1
1
1
1
2
9
32
79
142
199
230
229
208
193
205
229
239
216
153
76
24
0
0
0
0
24
76
153
215
236
211
146
70
22
5
2
1
1
1
1
1
1
3
13
40
91
155
208
234
236
231
234
243
243
216
153
76
24
0
0
0
0
24
76
153
215
236
211
146
70
22
5
2
1
1
0
1
1
1
2
5
17
48
104
168
216
240
247
249
250
245
216
153
76
24
0
0
0
0
24
76
153
215
236
211
146
70
22
5
2
1
1
0
0
1
1
1
2
6
21
58
117
180
224
245
251
252
245
216
153
76
24
0
0
0
0
24
76
152
214
235
210
145
70
22
5
2
1
1
0
0
1
1
1
1
2
8
27
68
130
191
230
247
250
244
215
153
76
25
0
0
0
0
24
75
149
210
230
205
142
69
22
5
2
1
1
0
0
0
1
1
1
1
3
10
33
79
143
199
231
242
238
210
150
75
24
0
0
0
0
22
67
133
186
204
182
127
61
20
5
2
1
1
0
0
0
0
1
1
1
1
4
13
40
90
148
191
211
210
187
134
67
22
0
0
0
0
15
46
92
128
141
126
88
43
14
3
1
1
1
0
0
0
0
0
1
1
1
2
5
16
44
85
123
142
145
129
92
47
15
0
0
0
0
7
21
41
58
64
57
40
19
6
2
1
1
1
0
0
0
0
0
0
1
1
1
2
5
15
33
52
63
65
58
41
21
7
0
0
0
0
0
0
0
0
0
0
0
0
0
0
0
0
0
0
0
0
0
0
0
0
0
0
0
0
0
0
0
0
0
0
0
0
0
0
0
0
0
0
0
0
0
0
0
0
0
0
0
0
0
0
0
0
0
0
0
0
0
0
0
0
0
0
0
0
0
0
0
0
0
0
0
0
