37
47
0
0
0
0
0
0
0
0
0
0
0
0
0
0
0
0
0
0
0
0
0
0
0
0
0
0
0
0
0
0
0
0
0
0
0
0
0
0
0
0
0
0
0
0
0
0
0
0
0
0
0
0
0
0
0
0
0
0
0
0
0
0
0
0
0
0
0
0
0
0
0
0
0
0
0
0
11
34
66
93
104
104
91
64
32
11
3
1
1
1
1
0
0
0
0
0
1
1
1
3
10
31
63
91
102
93
66
34
11
0
0
0
0
19
57
112
156
176
177
160
120
67
26
8
2
1
1
1
0
0
0
0
0
1
1
1
4
17
52
106
152
170
156
112
57
19
0
0
0
0
23
72
142
198
223
226
212
172
110
50
16
4
2
1
1
1
0
0
0
0
1
1
2
5
21
65
134
193
216
197
142
72
23
0
0
0
0
25
76
151
212
240
245
238
209
151
82
31
9
3
1
1
1
1
0
0
0
1
1
2
5
22
69
144
207
232
212
151
75
25
0
0
0
0
24
76
152
215
243
250
247
230
186
117
54
17
5
2
1
1
1
0
0
0
1
1
2
5
22
70
145
210
235
214
152
75
24
0
0
0
0
24
76
153
216
245
251
251
242
213
155
86
34
10
3
1
1
1
1
0
0
1
1
2
5
22
70
145
210
236
214
152
76
24
0
0
0
0
24
76
153
216
246
252
253
249
233
190
125
61
21
6
2
1
1
1
0
0
1
1
2
5
22
70
146
211
236
215
153
76
24
0
0
0
0
24
76
153
217
246
252
252
251
244
218
165
97
41
12
3
1
1
1
1
0
1
1
2
5
22
70
146
211
236
215
153
76
24
0
0
0
0
24
76
153
216
245
250
247
246
246
235
199
137
71
26
7
2
1
1
1
0
1
1
2
5
22
70
146
211
236
215
153
76
24
0
0
0
0
24
76
153
216
243
241
231
227
235
240
223
176
109
49
15
4
1
1
1
0
1
1
2
5
22
70
146
211
236
215
153
76
24
0
0
0
0
24
76
153
215
239
228
203
192
209
232
236
208
150
81
31
8
2
1
1
1
1
1
2
5
22
70
146
211
236
215
153
76
24
0
0
0
0
24
76
153
215
237
217
175
151
172
213
237
229
187
121
57
19
4
1
1
1
1
1
2
5
22
70
146
211
236
215
153
76
24
0
0
0
0
24
76
153
215
236
212
157
117
132
184
227
238
216
162
93
38
10
2
1
1
1
1
2
5
22
70
146
211
236
215
153
76
24
0
0
0
0
24
76
153
215
236
211
150
95
95
147
205
236
234
198
134
67
23
5
1
1
1
1
2
5
22
70
146
211
236
215
153
76
24
0
0
0
0
24
76
153
215
236
211
148
82
65
108
173
222
240
224
175
106
46
13
3
1
1
1
2
5
22
70
146
211
236
215
153
76
24
0
0
0
0
24
76
153
215
236
211
147
75
44
71
134
197
234
238
209
148
79
29
7
1
1
1
2
5
22
70
146
211
236
215
153
76
24
0
0
0
0
24
76
153
215
236
211
146
72
31
42
94
162
217
241
231
188
120
55
17
4
1
1
2
5
22
70
146
211
236
215
153
76
24
0
0
0
0
24
76
153
215
236
211
146
70
25
23
59
121
188
231
241
218
161
89
34
9
2
2
2
5
22
70
146
211
236
215
153
76
24
0
0
0
0
24
76
153
215
236
211
146
70
23
13
33
82
150
210
240
235
195
128
61
20
5
2
2
5
22
70
146
211
236
215
153
76
24
0
0
0
0
24
76
153
215
236
211
146
70
23
9
17
49
109
178
226
241
221
168
97
40
12
4
3
5
22
70
146
211
236
215
153
76
24
0
0
0
0
24
76
153
215
236
211
146
70
22
7
8
26
71
138
202
237
237
202
139
70
26
8
4
6
22
70
146
211
236
215
153
76
24
0
0
0
0
24
76
153
215
236
211
146
70
22
6
5
13
41
98
168
222
242
227
179
109
49
16
6
6
22
70
146
211
236
215
153
76
24
0
0
0
0
24
76
153
215
236
211
146
70
22
6
3
6
21
63
131
198
236
240
210
151
82
33
11
7
22
70
146
211
236
215
153
76
24
0
0
0
0
24
76
153
215
236
211
146
70
22
5
3
3
10
36
93
164
219
242
232
188
122
58
21
10
23
70
146
211
236
215
153
76
24
0
0
0
0
24
76
153
215
236
211
146
70
22
5
2
2
4
18
58
123
191
233
242
217
162
93
40
15
24
70
146
211
236
215
153
76
24
0
0
0
0
24
76
153
215
236
211
146
70
22
5
2
1
2
8
31
82
152
212
240
235
197
133
68
28
27
71
146
211
236
215
153
76
24
0
0
0
0
24
76
153
215
236
211
146
70
22
5
2
1
1
3
14
48
109
178
226
241
223
173
105
49
34
72
146
211
236
215
153
76
24
0
0
0
0
24
76
153
215
236
211
146
70
22
5
2
1
1
1
6
24
69
137
200
235
237
205
145
81
49
76
147
211
236
215
153
76
24
0
0
0
0
24
76
153
215
236
211
146
70
22
5
2
1
1
1
2
11
38
94
164
218
239
227
183
119
73
85
148
211
236
215
153
76
24
0
0
0
0
24
76
153
215
236
211
146
70
22
5
2
1
1
1
1
4
18
57
121
188
230
238
212
158
105
100
152
211
236
215
153
76
24
0
0
0
0
24
76
153
215
236
211
146
70
22
5
2
1
1
1
1
2
8
30
81
150
209
236
230
193
143
125
161
212
236
215
153
76
24
0
0
0
0
24
76
153
215
236
211
146
70
22
5
2
1
1
1
1
1
3
14
48
109
177
224
237
219
183
161
181
218
237
215
153
76
24
0
0
0
0
24
76
153
215
236
211
146
70
22
5
2
1
1
1
1
1
2
6
25
71
138
199
233
235
217
201
208
230
239
216
153
76
24
0
0
0
0
24
76
153
215
236
211
146
70
22
5
2
1
1
0
1
1
1
3
12
41
97
166
218
239
238
232
234
242
243
216
153
76
24
0
0
0
0
24
76
153
215
236
211
146
70
22
5
2
1
1
0
1
1
1
2
5
21
61
126
191
231
246
247
248
250
245
216
153
76
24
0
0
0
0
24
76
153
215
236
211
146
70
22
5
2
1
1
0
0
1
1
1
3
10
34
86
154
212
241
250
252
252
246
217
153
76
24
0
0
0
0
24
76
153
215
236
211
146
70
22
5
2
1
1
0
0
1
1
1
2
5
17
53
114
181
228
247
252
252
246
216
153
76
24
0
0
0
0
24
76
152
214
236
210
145
70
22
5
2
1
1
0
0
0
1
1
1
3
8
28
75
142
204
239
250
251
245
216
153
76
24
0
0
0
0
24
75
152
214
235
210
145
70
22
5
2
1
1
0
0
0
1
1
1
2
4
14
44
102
170
222
244
249
243
215
152
76
24
0
0
0
0
25
75
151
212
232
207
144
69
22
5
2
1
1
0
0
0
0
1
1
1
2
6
23
65
130
194
231
244
240
212
151
76
25
0
0
0
0
23
72
142
197
216
193
134
65
21
5
2
1
1
0
0
0
0
1
1
1
1
3
11
36
88
153
201
223
222
198
142
72
23
0
0
0
0
19
57
112
156
170
152
106
52
17
4
1
1
1
0
0
0
0
0
1
1
1
2
5
18
51
102
148
172
175
156
112
57
19
0
0
0
0
11
34
66
93
102
91
63
31
10
3
1
1
1
0
0
0
0
0
0
1
1
1
2
7
23
53
83
101
104
93
66
34
11
0
0
0
0
0
0
0
0
0
0
0
0
0
0
0
0
0
0
0
0
0
0
0
0
0
0
0
0
0
0
0
0
0
0
0
0
0
0
0
0
0
0
0
0
0
0
0
0
0
0
0
0
0
0
0
0
0
0
0
0
0
0
0
0
0
0
0
0
0
0
0
0
0
0
0
0
