32
43
0
0
0
0
0
0
0
0
0
0
0
0
0
0
0
0
0
0
0
0
0
0
0
0
0
0
0
0
0
0
0
0
0
0
0
0
0
0
0
0
0
0
0
0
0
0
0
0
0
0
0
0
0
0
0
0
0
0
0
0
0
0
0
0
0
0
8
25
51
70
76
69
47
22
7
2
1
1
1
0
0
0
0
1
1
2
8
26
51
70
69
51
25
8
0
0
0
0
15
50
101
140
152
140
103
53
18
4
1
1
1
0
0
0
0
1
1
3
16
51
102
138
138
101
50
15
0
0
0
0
21
69
140
194
213
202
160
94
38
10
2
1
1
1
0
0
0
1
1
5
22
70
141
191
191
140
69
21
0
0
0
0
23
76
156
216
239
234
201
136
65
20
5
1
1
1
0
0
0
1
1
5
24
77
156
213
212
155
76
23
0
0
0
0
23
77
158
221
246
246
226
173
99
38
10
2
1
1
1
0
0
1
1
5
24
78
159
217
217
158
76
23
0
0
0
0
23
77
159
222
247
251
240
204
137
66
21
5
1
1
1
0
0
1
1
5
24
78
160
219
218
158
77
23
0
0
0
0
23
77
159
223
248
252
248
227
175
102
41
11
3
1
1
1
0
1
1
5
24
78
161
219
219
159
77
23
0
0
0
0
23
77
159
223
247
250
248
239
207
143
71
24
6
1
1
1
0
1
1
5
24
78
161
219
219
159
77
23
0
0
0
0
23
77
159
222
243
239
236
238
226
181
109
46
13
3
1
1
1
1
1
5
24
78
161
219
219
159
77
23
0
0
0
0
23
77
159
220
234
217
206
219
231
210
150
78
27
6
1
1
1
1
1
5
24
78
161
219
219
159
77
23
0
0
0
0
23
77
159
219
225
192
167
186
220
226
187
117
51
14
3
1
1
1
1
5
24
78
161
219
219
159
77
23
0
0
0
0
23
77
159
218
220
174
131
147
197
228
215
158
84
30
7
1
1
1
1
5
24
78
161
219
219
159
77
23
0
0
0
0
23
77
159
218
220
166
107
108
164
217
229
194
125
56
16
3
1
1
1
5
24
78
161
219
219
159
77
23
0
0
0
0
23
77
159
219
220
163
92
75
124
191
229
220
167
92
34
8
1
1
1
5
24
78
161
219
219
159
77
23
0
0
0
0
23
77
159
219
220
162
84
51
85
155
214
232
202
135
63
19
4
1
1
5
24
78
161
219
219
159
77
23
0
0
0
0
23
77
159
219
219
161
80
36
52
114
186
229
225
176
100
38
9
2
2
5
24
78
161
219
219
159
77
23
0
0
0
0
23
77
159
219
219
161
79
29
30
76
148
211
233
207
140
66
20
5
2
5
24
78
161
219
219
159
77
23
0
0
0
0
23
77
159
219
219
161
79
26
16
45
107
180
227
227
179
103
41
11
4
5
24
78
161
219
219
159
77
23
0
0
0
0
23
77
159
219
219
161
78
25
10
23
69
141
206
233
209
145
72
24
7
6
24
78
161
219
219
159
77
23
0
0
0
0
23
77
159
219
219
161
78
24
7
11
40
100
175
226
229
184
111
47
14
8
24
78
161
219
219
159
77
23
0
0
0
0
23
77
159
219
219
161
78
24
6
6
20
65
139
206
234
213
152
79
29
11
25
79
161
219
219
159
77
23
0
0
0
0
23
77
159
219
219
161
78
24
5
3
10
38
99
175
226
231
189
118
53
19
27
79
161
219
219
159
77
23
0
0
0
0
23
77
159
219
219
161
78
24
5
2
4
19
62
134
203
233
217
159
86
35
30
79
161
219
219
159
77
23
0
0
0
0
23
77
159
219
219
161
78
24
5
2
2
8
33
91
167
221
231
194
125
60
39
81
161
220
219
159
77
23
0
0
0
0
23
77
159
219
219
161
78
24
5
1
1
3
15
55
124
194
230
219
165
94
56
86
162
220
219
159
77
23
0
0
0
0
23
77
159
219
219
161
78
24
5
1
1
1
6
28
82
157
214
230
199
134
83
95
163
220
219
159
77
23
0
0
0
0
23
77
159
219
219
161
78
24
5
1
1
1
2
13
48
114
186
227
221
173
117
112
167
220
218
159
77
23
0
0
0
0
23
77
159
219
219
161
78
24
5
1
1
1
1
5
25
75
148
209
229
204
156
139
177
221
218
159
77
23
0
0
0
0
23
77
159
219
219
161
78
24
5
1
1
1
1
2
11
43
106
178
223
224
194
175
196
227
219
159
77
23
0
0
0
0
23
77
159
219
219
161
78
24
5
1
1
1
1
1
5
22
69
140
204
231
224
213
222
235
220
159
77
23
0
0
0
0
23
77
159
219
219
161
78
24
5
1
1
1
1
1
2
11
40
99
172
223
239
239
242
244
222
159
77
23
0
0
0
0
23
77
159
219
219
161
78
24
5
1
1
0
1
1
1
5
20
63
133
200
237
248
250
247
223
159
77
23
0
0
0
0
23
77
159
219
219
161
78
24
5
1
1
0
1
1
1
2
9
36
93
166
222
246
252
248
223
159
77
23
0
0
0
0
23
77
158
218
219
160
78
24
5
1
1
0
0
1
1
1
4
18
58
126
195
236
249
247
222
159
77
23
0
0
0
0
23
76
158
217
217
159
78
24
5
1
1
0
0
1
1
1
2
8
32
86
159
217
243
245
221
158
77
23
0
0
0
0
23
76
155
212
213
156
77
24
5
1
1
0
0
0
1
1
1
4
16
52
118
187
228
238
216
156
76
23
0
0
0
0
21
69
140
191
191
141
70
22
5
1
1
0
0
0
1
1
1
2
7
28
77
143
193
210
194
140
69
21
0
0
0
0
15
50
101
138
138
102
51
16
3
1
1
0
0
0
0
1
1
1
3
13
41
89
131
150
140
101
50
15
0
0
0
0
8
25
51
69
70
51
26
8
2
1
1
0
0
0
0
0
1
1
1
5
17
40
63
75
70
51
25
8
0
0
0
0
0
0
0
0
0
0
0
0
0
0
0
0
0
0
0
0
0
0
0
0
0
0
0
0
0
0
0
0
0
0
0
0
0
0
0
0
0
0
0
0
0
0
0
0
0
0
0
0
0
0
0
0
0
0
0
0
0
0
0
0
0
0
