27
35
0
0
0
0
0
0
0
0
0
0
0
0
0
0
0
0
0
0
0
0
0
0
0
0
0
0
0
0
0
0
0
0
0
0
0
0
0
0
0
0
0
0
0
0
0
0
0
0
0
0
0
0
0
0
0
0
35
84
128
141
122
77
32
8
2
1
1
1
0
1
1
2
8
34
82
123
125
84
35
0
0
0
0
51
123
186
209
189
133
64
19
4
1
1
1
0
1
1
2
12
49
119
179
181
122
51
0
0
0
0
56
137
209
238
227
179
103
39
9
2
1
1
1
1
1
2
13
54
133
201
203
136
56
0
0
0
0
57
139
213
245
243
211
144
68
21
4
1
1
1
1
1
2
13
55
135
205
206
138
56
0
0
0
0
57
139
214
246
249
233
184
108
42
10
2
1
1
1
1
2
13
54
135
205
207
139
56
0
0
0
0
57
139
213
245
248
241
214
152
76
24
5
1
1
1
1
2
13
54
135
205
207
139
57
0
0
0
0
57
139
212
237
233
231
227
190
118
49
13
2
1
1
1
2
13
54
135
205
207
139
57
0
0
0
0
57
139
209
223
203
199
218
214
162
85
29
6
1
1
1
2
13
54
135
205
207
139
57
0
0
0
0
57
139
207
211
171
155
190
220
198
129
56
15
3
1
1
2
13
54
135
205
207
139
57
0
0
0
0
57
139
207
207
151
117
151
207
219
172
95
35
8
2
1
2
13
54
135
205
207
139
57
0
0
0
0
57
139
207
206
142
89
109
176
220
206
141
66
20
4
2
3
13
54
135
205
207
139
57
0
0
0
0
57
139
207
206
138
70
71
134
202
222
182
107
41
10
3
3
13
54
135
205
207
139
57
0
0
0
0
57
139
207
206
136
60
42
90
167
218
211
151
73
23
5
3
13
54
135
205
207
139
57
0
0
0
0
57
139
207
205
136
56
25
53
123
194
222
188
114
45
12
4
13
54
135
205
207
139
57
0
0
0
0
57
139
207
205
135
55
17
27
80
157
214
214
157
80
26
7
13
55
135
205
207
139
57
0
0
0
0
57
139
207
205
135
55
14
13
46
114
189
223
195
123
52
15
15
55
135
205
207
139
57
0
0
0
0
57
139
207
205
135
54
13
6
23
74
152
213
219
166
89
32
19
55
135
205
207
139
57
0
0
0
0
57
139
207
205
135
54
13
4
11
42
110
185
223
201
133
61
28
57
136
205
207
139
57
0
0
0
0
57
139
207
205
135
54
13
3
5
21
68
144
207
220
175
99
48
62
136
205
207
139
57
0
0
0
0
57
139
207
205
135
54
13
3
2
9
37
98
174
220
207
143
79
73
139
206
207
139
57
0
0
0
0
57
139
207
205
135
54
13
3
2
4
17
58
131
199
221
183
118
94
143
206
207
139
57
0
0
0
0
57
139
207
205
135
54
13
2
1
2
6
29
86
163
215
211
160
124
154
207
207
139
57
0
0
0
0
57
139
207
205
135
54
13
2
1
1
3
13
49
119
191
220
197
163
176
213
207
139
57
0
0
0
0
57
139
207
205
135
54
13
2
1
1
1
5
24
76
153
211
221
205
208
225
209
139
57
0
0
0
0
57
139
207
205
135
54
13
2
1
1
1
2
10
43
109
183
226
234
236
238
212
139
57
0
0
0
0
57
139
207
205
135
54
13
2
1
1
1
1
4
20
68
143
209
240
248
245
213
139
57
0
0
0
0
56
139
207
205
135
54
13
2
1
1
1
1
2
9
37
99
176
228
248
246
213
139
57
0
0
0
0
56
138
206
205
135
55
13
2
1
1
1
1
1
4
17
61
133
203
240
244
213
139
57
0
0
0
0
56
136
203
201
133
54
13
2
1
1
0
1
1
2
7
32
90
165
220
236
209
136
56
0
0
0
0
51
122
181
179
119
49
12
2
1
1
0
1
1
1
3
15
52
117
179
206
186
122
51
0
0
0
0
35
84
125
123
82
34
8
2
1
1
0
0
1
1
1
6
24
65
113
138
127
84
35
0
0
0
0
0
0
0
0
0
0
0
0
0
0
0
0
0
0
0
0
0
0
0
0
0
0
0
0
0
0
0
0
0
0
0
0
0
0
0
0
0
0
0
0
0
0
0
0
0
0
0
0
0
0
0
0
