14
29
0
0
0
0
0
0
0
0
0
0
0
0
0
0
0
0
0
0
0
0
0
0
0
0
0
0
0
0
0
0
132
168
164
124
64
20
3
1
0
0
0
0
0
0
181
226
224
179
103
37
7
1
0
0
0
0
0
0
179
233
245
214
143
62
15
2
0
0
0
0
0
0
149
218
246
229
165
76
19
2
0
0
0
0
0
0
124
203
243
234
175
85
24
3
1
0
0
0
0
0
99
181
233
236
190
108
38
7
1
0
0
0
0
0
69
149
218
241
214
143
62
15
2
0
0
0
0
0
49
129
208
244
229
165
76
20
2
1
0
0
0
0
42
118
201
242
234
175
87
26
5
1
0
0
0
0
33
99
181
233
236
190
110
42
10
2
0
0
0
0
19
69
149
218
241
214
144
64
16
2
0
0
0
0
10
49
129
208
244
230
169
82
23
3
0
0
0
0
7
42
118
201
243
239
190
108
38
7
0
0
0
0
6
33
99
181
234
245
214
143
62
15
0
0
0
0
3
19
69
149
218
246
229
165
76
19
0
0
0
0
1
10
49
129
208
245
234
175
85
24
0
0
0
0
0
7
42
118
201
243
239
190
108
38
0
0
0
0
0
6
33
99
181
234
245
214
143
62
0
0
0
0
0
3
19
69
149
218
246
229
165
76
0
0
0
0
0
1
10
47
124
203
243
234
175
85
0
0
0
0
0
0
6
33
99
181
233
236
190
108
0
0
0
0
0
0
3
19
69
149
218
241
214
143
0
0
0
0
0
0
1
10
49
129
208
244
230
168
0
0
0
0
0
0
0
7
42
118
196
231
222
171
0
0
0
0
0
0
0
6
33
93
154
177
169
137
0
0
0
0
0
0
0
0
0
0
0
0
0
0
0
0
0
0
0
0
0
0
0
0
0
0
0
0
0
0
