12
30
0
0
0
0
0
0
0
0
0
0
0
0
0
0
0
0
0
0
0
0
0
0
0
0
0
0
0
0
12
55
117
136
104
61
0
0
0
0
0
0
15
73
163
206
185
128
0
0
0
0
0
1
20
85
181
235
226
161
0
0
0
0
0
5
35
109
197
240
221
147
0
0
0
0
0
12
59
147
221
240
197
109
0
0
0
0
0
15
74
171
236
240
182
85
0
0
0
0
0
16
78
178
240
240
178
78
0
0
0
0
1
20
85
182
241
240
178
78
0
0
0
0
5
35
109
197
243
236
171
74
0
0
0
0
12
59
147
221
246
221
147
59
0
0
0
0
15
74
171
236
243
197
109
35
0
0
0
0
16
78
178
240
241
182
85
20
0
0
0
0
16
78
178
240
240
178
78
16
0
0
0
0
20
85
182
240
236
171
74
15
0
0
0
0
35
109
197
240
221
147
59
12
0
0
0
0
59
147
221
240
197
109
35
5
0
0
0
0
74
171
236
240
182
85
20
1
0
0
0
0
78
178
240
240
178
78
16
0
0
0
0
0
78
178
240
240
178
78
16
0
0
0
0
0
85
182
240
236
171
74
15
0
0
0
0
0
109
197
240
221
147
59
12
0
0
0
0
0
147
221
240
197
109
35
5
0
0
0
0
0
171
236
240
182
85
20
1
0
0
0
0
0
178
240
240
178
78
16
0
0
0
0
0
0
167
225
225
167
73
15
0
0
0
0
0
0
124
167
167
124
55
12
0
0
0
0
0
0
0
0
0
0
0
0
0
0
0
0
0
0
0
0
0
0
0
0
0
0
0
0
