15
30
0
0
0
0
0
0
0
0
0
0
0
0
0
0
0
0
0
0
0
0
0
0
0
0
0
0
0
0
0
0
0
0
0
0
0
0
6
31
86
143
165
140
83
0
0
0
0
0
0
0
1
9
45
118
194
226
205
137
0
0
0
0
0
0
0
3
17
60
136
210
243
226
159
0
0
0
0
0
0
0
6
30
86
160
221
241
214
143
0
0
0
0
0
0
0
7
40
110
188
235
236
190
108
0
0
0
0
0
0
1
10
49
127
205
243
234
175
85
0
0
0
0
0
0
3
19
69
149
218
246
229
165
76
0
0
0
0
0
0
6
33
99
181
234
245
214
143
62
0
0
0
0
0
0
7
42
118
201
243
239
190
108
38
0
0
0
0
0
1
10
49
129
208
245
233
174
85
24
0
0
0
0
0
3
19
69
149
218
244
226
163
75
19
0
0
0
0
0
6
33
99
181
233
242
209
139
61
15
0
0
0
0
0
7
42
118
201
242
237
186
106
38
7
0
0
0
0
1
10
49
129
208
244
230
168
81
23
3
0
0
0
0
3
19
69
149
218
241
214
143
62
15
2
0
0
0
0
6
33
99
181
233
236
190
108
38
7
1
0
0
0
0
10
47
124
203
243
234
175
85
24
3
1
0
0
0
0
19
69
149
218
246
229
165
76
19
2
0
0
0
0
0
33
99
181
234
245
214
143
62
15
2
0
0
0
0
0
42
118
201
243
239
190
108
38
7
1
0
0
0
0
0
49
129
208
245
234
175
85
24
3
1
0
0
0
0
0
69
149
218
246
229
165
76
19
2
0
0
0
0
0
0
99
181
234
245
214
143
62
15
2
0
0
0
0
0
0
112
193
239
238
190
108
38
7
1
0
0
0
0
0
0
90
162
213
216
164
81
23
3
1
0
0
0
0
0
0
44
94
143
156
119
56
14
2
0
0
0
0
0
0
0
0
0
0
0
0
0
0
0
0
0
0
0
0
0
0
0
0
0
0
0
0
0
0
0
0
0
0
0
