32
37
0
0
0
0
0
0
0
0
0
0
0
0
0
0
0
0
0
0
0
0
0
0
0
0
0
0
0
0
0
0
0
0
0
0
0
0
0
0
0
0
0
0
0
0
0
0
0
0
0
0
0
0
0
0
0
0
0
0
0
0
0
0
0
0
0
0
6
20
42
58
61
48
27
9
2
1
1
1
0
0
0
0
0
1
1
2
8
24
46
59
58
42
20
6
0
0
0
0
13
46
97
134
139
111
61
21
4
1
1
1
0
0
0
0
0
1
1
4
17
54
104
136
133
97
46
13
0
0
0
0
19
67
141
195
202
161
89
30
6
2
1
1
0
0
0
0
0
1
1
5
25
79
152
198
194
141
67
19
0
0
0
0
21
74
157
218
227
180
98
33
7
2
1
1
0
0
0
0
0
1
1
5
27
87
170
222
217
157
74
21
0
0
0
0
21
75
160
222
231
184
100
33
7
2
1
1
0
0
0
0
0
1
1
5
27
89
173
227
222
160
75
21
0
0
0
0
21
75
160
223
232
184
100
33
7
2
1
1
0
0
0
0
0
1
1
5
27
89
174
227
222
160
75
21
0
0
0
0
21
75
160
223
232
184
100
33
7
2
1
1
0
0
0
0
0
1
1
5
28
89
174
228
223
160
75
21
0
0
0
0
21
75
160
223
232
184
100
33
7
2
1
1
0
0
0
0
0
1
1
5
28
89
174
228
223
160
75
21
0
0
0
0
21
75
160
223
232
184
100
33
7
2
1
1
0
0
0
0
0
1
1
5
28
89
174
228
223
160
75
21
0
0
0
0
21
75
160
223
232
184
100
33
7
2
1
1
1
1
1
1
1
1
2
5
28
89
174
228
223
160
75
21
0
0
0
0
21
75
160
223
232
184
100
33
7
2
1
1
1
1
1
1
1
1
2
6
28
89
174
228
223
160
75
21
0
0
0
0
21
75
160
223
232
185
101
35
9
4
3
3
3
3
3
3
3
3
4
7
29
90
174
228
223
160
75
21
0
0
0
0
21
75
160
223
233
189
111
50
26
22
21
21
21
21
21
21
21
21
22
25
45
101
180
229
223
160
75
21
0
0
0
0
21
75
160
224
238
206
148
103
85
82
82
82
82
82
82
82
82
82
82
84
99
141
199
235
223
160
75
21
0
0
0
0
21
75
160
225
244
232
205
184
176
175
175
175
175
175
175
175
175
175
175
176
182
202
229
243
224
160
75
21
0
0
0
0
21
75
160
225
248
246
236
228
225
224
224
224
224
224
224
224
224
224
224
224
227
235
245
247
225
160
75
21
0
0
0
0
21
75
160
225
246
238
219
203
198
197
196
196
196
196
196
196
196
196
196
197
202
216
236
245
225
160
75
21
0
0
0
0
21
75
160
224
240
214
166
129
115
113
112
112
112
112
112
112
112
112
113
114
126
160
208
237
224
160
75
21
0
0
0
0
21
75
160
224
234
193
121
64
43
40
39
39
39
39
39
39
39
39
39
42
60
112
184
230
223
160
75
21
0
0
0
0
21
75
160
223
233
185
103
38
13
9
8
8
8
8
8
8
8
8
9
12
33
92
175
228
223
160
75
21
0
0
0
0
21
75
160
223
232
184
100
34
7
3
2
2
2
2
2
2
2
2
2
6
28
89
174
228
223
160
75
21
0
0
0
0
21
75
160
223
232
184
100
33
7
2
1
1
1
1
1
1
1
1
2
6
28
89
174
228
223
160
75
21
0
0
0
0
21
75
160
223
232
184
100
33
7
2
1
1
0
0
0
0
0
1
1
5
28
89
174
228
223
160
75
21
0
0
0
0
21
75
160
223
232
184
100
33
7
2
1
1
0
0
0
0
0
1
1
5
28
89
174
228
223
160
75
21
0
0
0
0
21
75
160
223
232
184
100
33
7
2
1
1
0
0
0
0
0
1
1
5
28
89
174
228
223
160
75
21
0
0
0
0
21
75
160
223
232
184
100
33
7
2
1
1
0
0
0
0
0
1
1
5
28
89
174
228
223
160
75
21
0
0
0
0
21
75
160
223
232
184
100
33
7
2
1
1
0
0
0
0
0
1
1
5
28
89
174
228
223
160
75
21
0
0
0
0
21
75
160
223
232
184
100
33
7
2
1
1
0
0
0
0
0
1
1
5
27
89
174
227
222
160
75
21
0
0
0
0
21
75
160
222
231
184
100
33
7
2
1
1
0
0
0
0
0
1
1
5
27
89
173
227
222
160
75
21
0
0
0
0
21
74
157
218
227
180
98
33
7
2
1
1
0
0
0
0
0
1
1
5
27
87
170
222
217
157
74
21
0
0
0
0
19
67
141
195
202
161
89
30
6
2
1
1
0
0
0
0
0
1
1
5
25
79
152
198
194
141
67
19
0
0
0
0
13
46
97
134
139
111
61
21
4
1
1
1
0
0
0
0
0
1
1
4
17
54
104
136
133
97
46
13
0
0
0
0
6
20
42
58
61
48
27
9
2
1
1
1
0
0
0
0
0
1
1
2
8
24
46
59
58
42
20
6
0
0
0
0
0
0
0
0
0
0
0
0
0
0
0
0
0
0
0
0
0
0
0
0
0
0
0
0
0
0
0
0
0
0
0
0
0
0
0
0
0
0
0
0
0
0
0
0
0
0
0
0
0
0
0
0
0
0
0
0
0
0
0
0
0
0
