37
43
0
0
0
0
0
0
0
0
0
0
0
0
0
0
0
0
0
0
0
0
0
0
0
0
0
0
0
0
0
0
0
0
0
0
0
0
0
0
0
0
0
0
0
0
0
0
0
0
0
0
0
0
0
0
0
0
0
0
0
0
0
0
0
0
0
0
0
0
0
0
0
0
0
0
0
0
8
25
49
69
76
72
55
31
12
3
1
1
1
0
0
0
0
0
0
0
1
1
1
3
10
27
51
70
76
68
49
25
8
0
0
0
0
16
49
98
136
151
142
109
61
23
6
2
1
1
1
0
0
0
0
0
0
1
1
2
5
19
54
102
138
150
136
98
49
16
0
0
0
0
22
68
135
189
209
197
151
84
31
8
2
1
1
1
0
0
0
0
0
0
1
1
2
7
26
74
140
191
208
189
135
68
22
0
0
0
0
24
75
150
210
234
220
168
93
34
9
3
1
1
1
0
0
0
0
0
0
1
1
2
7
28
81
156
213
232
210
150
75
24
0
0
0
0
24
76
152
214
239
225
171
94
35
9
3
2
1
1
0
0
0
0
0
0
1
1
2
7
28
82
159
218
237
214
152
76
24
0
0
0
0
24
76
153
215
241
226
171
94
35
9
3
2
1
1
0
0
0
0
0
0
1
1
2
7
28
82
159
219
238
215
153
76
24
0
0
0
0
24
76
153
216
241
226
172
95
35
9
3
2
1
1
0
0
0
0
0
0
1
1
2
7
28
83
159
219
239
215
153
76
24
0
0
0
0
24
76
153
216
241
226
172
95
35
9
3
2
1
1
0
0
0
0
0
0
1
1
2
7
28
83
160
219
239
216
153
76
24
0
0
0
0
24
76
153
216
241
226
172
95
35
9
3
2
1
1
0
0
0
0
0
0
1
1
2
7
28
83
160
219
239
216
153
76
24
0
0
0
0
24
76
153
216
241
226
172
95
35
9
3
2
1
1
0
0
0
0
0
0
1
1
2
7
28
83
160
219
239
216
153
76
24
0
0
0
0
24
76
153
216
241
226
172
95
35
9
3
2
1
1
0
0
0
0
0
0
1
1
2
7
28
83
160
219
239
216
153
76
24
0
0
0
0
24
76
153
216
241
226
172
95
35
9
3
2
1
1
1
1
1
1
1
1
1
1
2
7
29
83
160
219
239
216
153
76
24
0
0
0
0
24
76
153
216
241
226
172
95
35
9
3
2
1
1
1
1
1
1
1
1
1
2
3
8
29
83
160
219
239
216
153
76
24
0
0
0
0
24
76
153
216
241
226
172
95
36
10
4
3
2
2
2
2
2
2
2
2
2
3
4
8
29
83
160
219
239
216
153
76
24
0
0
0
0
24
76
153
216
241
227
174
100
43
18
13
12
12
11
11
11
11
11
11
11
12
12
13
17
37
89
163
220
239
216
153
76
24
0
0
0
0
24
76
153
216
242
231
187
125
77
56
52
52
51
51
51
51
51
51
51
51
51
52
52
55
72
116
178
225
240
216
153
76
24
0
0
0
0
24
76
153
216
244
240
213
175
145
133
130
130
130
130
130
130
130
130
130
130
130
130
130
132
142
169
207
236
242
216
153
76
24
0
0
0
0
24
76
153
216
245
248
239
224
212
208
207
206
206
206
206
206
206
206
206
206
206
206
207
207
211
222
237
247
245
216
153
76
24
0
0
0
0
24
76
153
216
246
251
248
242
237
235
234
234
234
234
234
234
234
234
234
234
234
234
234
235
236
241
247
251
245
216
153
76
24
0
0
0
0
24
76
153
216
245
248
237
221
209
204
203
203
202
202
202
202
202
202
202
202
202
202
203
203
208
219
235
246
245
216
153
76
24
0
0
0
0
24
76
153
216
243
239
212
173
143
130
128
127
127
127
127
127
127
127
127
127
127
127
128
129
140
167
206
236
242
216
153
76
24
0
0
0
0
24
76
153
216
242
231
187
126
79
59
55
55
54
54
54
54
54
54
54
54
54
54
55
58
74
117
178
225
240
216
153
76
24
0
0
0
0
24
76
153
216
241
227
174
101
45
21
16
15
15
15
15
15
15
15
15
15
15
15
16
20
39
90
163
220
239
216
153
76
24
0
0
0
0
24
76
153
216
241
226
172
95
36
11
5
4
4
4
4
4
4
4
4
4
4
4
5
9
30
84
160
219
239
216
153
76
24
0
0
0
0
24
76
153
216
241
226
172
95
35
9
3
2
2
1
1
1
1
1
1
1
2
2
3
8
29
83
160
219
239
216
153
76
24
0
0
0
0
24
76
153
216
241
226
172
95
35
9
3
2
1
1
1
1
1
1
1
1
1
1
2
7
29
83
160
219
239
216
153
76
24
0
0
0
0
24
76
153
216
241
226
172
95
35
9
3
2
1
1
0
0
0
0
0
0
1
1
2
7
28
83
160
219
239
216
153
76
24
0
0
0
0
24
76
153
216
241
226
172
95
35
9
3
2
1
1
0
0
0
0
0
0
1
1
2
7
28
83
160
219
239
216
153
76
24
0
0
0
0
24
76
153
216
241
226
172
95
35
9
3
2
1
1
0
0
0
0
0
0
1
1
2
7
28
83
160
219
239
216
153
76
24
0
0
0
0
24
76
153
216
241
226
172
95
35
9
3
2
1
1
0
0
0
0
0
0
1
1
2
7
28
83
160
219
239
216
153
76
24
0
0
0
0
24
76
153
216
241
226
172
95
35
9
3
2
1
1
0
0
0
0
0
0
1
1
2
7
28
83
160
219
239
216
153
76
24
0
0
0
0
24
76
153
216
241
226
172
95
35
9
3
2
1
1
0
0
0
0
0
0
1
1
2
7
28
83
160
219
239
216
153
76
24
0
0
0
0
24
76
153
216
241
226
172
95
35
9
3
2
1
1
0
0
0
0
0
0
1
1
2
7
28
83
159
219
239
215
153
76
24
0
0
0
0
24
76
153
215
241
226
171
94
35
9
3
2
1
1
0
0
0
0
0
0
1
1
2
7
28
82
159
219
238
215
153
76
24
0
0
0
0
24
76
152
214
239
225
171
94
35
9
3
2
1
1
0
0
0
0
0
0
1
1
2
7
28
82
159
218
237
214
152
76
24
0
0
0
0
24
75
150
210
234
220
168
93
34
9
3
1
1
1
0
0
0
0
0
0
1
1
2
7
28
81
156
213
232
210
150
75
24
0
0
0
0
22
68
135
189
209
197
151
84
31
8
2
1
1
1
0
0
0
0
0
0
1
1
2
7
26
74
140
191
208
189
135
68
22
0
0
0
0
16
49
98
136
151
142
109
61
23
6
2
1
1
1
0
0
0
0
0
0
1
1
2
5
19
54
102
138
150
136
98
49
16
0
0
0
0
8
25
49
69
76
72
55
31
12
3
1
1
1
0
0
0
0
0
0
0
1
1
1
3
10
27
51
70
76
68
49
25
8
0
0
0
0
0
0
0
0
0
0
0
0
0
0
0
0
0
0
0
0
0
0
0
0
0
0
0
0
0
0
0
0
0
0
0
0
0
0
0
0
0
0
0
0
0
0
0
0
0
0
0
0
0
0
0
0
0
0
0
0
0
0
0
0
0
0
0
0
0
0
0
0
0
0
0
0
