37
37
0
0
0
0
0
0
0
0
0
0
0
0
0
0
0
0
0
0
0
0
0
0
0
0
0
0
0
0
0
0
0
0
0
0
0
0
0
0
0
0
0
0
0
0
0
0
0
0
0
0
0
0
0
0
0
0
0
0
0
0
0
0
0
0
0
0
0
0
0
0
0
0
0
0
0
0
7
21
41
58
65
61
47
26
10
3
1
1
1
1
0
0
0
0
0
0
1
1
1
2
8
23
43
59
64
58
41
21
7
0
0
0
0
15
46
92
128
143
135
103
58
22
5
2
1
1
1
0
0
0
0
0
0
1
1
2
4
18
50
96
130
142
128
92
46
15
0
0
0
0
22
67
133
186
207
195
149
83
31
8
2
1
1
1
0
0
0
0
0
0
1
1
2
6
25
73
138
189
206
186
133
67
22
0
0
0
0
24
75
150
210
234
220
168
93
34
9
3
2
1
1
0
0
0
0
0
0
1
1
2
7
28
81
156
213
232
210
150
75
24
0
0
0
0
25
76
153
215
240
225
171
94
35
9
3
2
1
1
0
0
0
0
0
0
1
1
2
7
28
82
159
218
238
215
152
76
24
0
0
0
0
24
76
153
216
241
226
172
95
35
9
3
2
1
1
0
0
0
0
0
0
1
1
2
7
28
83
160
219
239
215
153
76
24
0
0
0
0
24
76
153
216
241
226
172
95
35
9
3
2
1
1
0
0
0
0
0
0
1
1
2
7
28
83
160
219
239
216
153
76
24
0
0
0
0
24
76
153
216
241
226
172
95
35
9
3
2
1
1
0
0
0
0
0
0
1
1
2
7
28
83
160
219
239
216
153
76
24
0
0
0
0
24
76
153
216
241
226
172
95
35
9
3
2
1
1
0
0
0
0
0
0
1
1
2
7
28
83
160
219
239
216
153
76
24
0
0
0
0
24
76
153
216
241
226
172
95
35
9
3
2
1
1
1
1
1
1
1
1
1
1
2
7
29
83
160
219
239
216
153
76
24
0
0
0
0
24
76
153
216
241
226
172
95
35
9
3
2
1
1
1
1
1
1
1
1
1
2
3
7
29
83
160
219
239
216
153
76
24
0
0
0
0
24
76
153
216
241
226
172
96
37
11
6
5
4
4
4
4
4
4
4
4
4
4
5
10
31
84
160
219
239
216
153
76
24
0
0
0
0
24
76
153
216
242
228
178
108
53
30
25
24
24
24
24
24
24
24
24
24
24
24
25
29
48
97
167
222
239
216
153
76
24
0
0
0
0
24
76
153
216
243
235
198
145
105
88
84
84
84
84
84
84
84
84
84
84
84
84
84
87
101
138
190
230
241
216
153
76
24
0
0
0
0
24
76
153
216
244
244
227
202
182
174
173
172
172
172
172
172
172
172
172
172
172
172
173
174
180
198
223
242
244
216
153
76
24
0
0
0
0
24
76
153
216
245
250
243
232
224
221
220
220
219
219
219
219
219
219
219
219
219
220
220
220
223
231
242
249
245
216
153
76
24
0
0
0
0
24
76
153
216
245
247
234
215
201
195
194
193
193
193
193
193
193
193
193
193
193
193
193
194
199
213
231
245
244
216
153
76
24
0
0
0
0
24
76
153
216
243
238
207
164
130
116
113
113
113
113
113
113
113
113
113
113
113
113
113
115
127
157
200
234
242
216
153
76
24
0
0
0
0
24
76
153
216
242
230
183
118
68
47
42
42
41
41
41
41
41
41
41
41
41
41
42
45
63
108
173
224
240
216
153
76
24
0
0
0
0
24
76
153
216
241
227
173
99
41
16
11
10
9
9
9
9
9
9
9
9
9
10
10
15
35
87
162
220
239
216
153
76
24
0
0
0
0
24
76
153
216
241
226
172
95
36
10
4
3
2
2
2
2
2
2
2
2
2
2
3
8
29
83
160
219
239
216
153
76
24
0
0
0
0
24
76
153
216
241
226
172
95
35
9
3
2
1
1
1
1
1
1
1
1
1
1
2
7
29
83
160
219
239
216
153
76
24
0
0
0
0
24
76
153
216
241
226
172
95
35
9
3
2
1
1
0
0
0
0
0
0
1
1
2
7
28
83
160
219
239
216
153
76
24
0
0
0
0
24
76
153
216
241
226
172
95
35
9
3
2
1
1
0
0
0
0
0
0
1
1
2
7
28
83
160
219
239
216
153
76
24
0
0
0
0
24
76
153
216
241
226
172
95
35
9
3
2
1
1
0
0
0
0
0
0
1
1
2
7
28
83
160
219
239
216
153
76
24
0
0
0
0
24
76
153
216
241
226
172
95
35
9
3
2
1
1
0
0
0
0
0
0
1
1
2
7
28
83
160
219
239
216
153
76
24
0
0
0
0
24
76
153
216
241
226
172
95
35
9
3
2
1
1
0
0
0
0
0
0
1
1
2
7
28
83
160
219
239
216
153
76
24
0
0
0
0
24
76
153
216
241
226
172
95
35
9
3
2
1
1
0
0
0
0
0
0
1
1
2
7
28
83
160
219
239
215
153
76
24
0
0
0
0
25
76
153
215
240
225
171
94
35
9
3
2
1
1
0
0
0
0
0
0
1
1
2
7
28
82
159
218
238
215
152
76
24
0
0
0
0
24
75
150
210
234
220
168
93
34
9
3
2
1
1
0
0
0
0
0
0
1
1
2
7
28
81
156
213
232
210
150
75
24
0
0
0
0
22
67
133
186
207
195
149
83
31
8
2
1
1
1
0
0
0
0
0
0
1
1
2
6
25
73
138
189
206
186
133
67
22
0
0
0
0
15
46
92
128
143
135
103
58
22
5
2
1
1
1
0
0
0
0
0
0
1
1
2
4
18
50
96
130
142
128
92
46
15
0
0
0
0
7
21
41
58
65
61
47
26
10
3
1
1
1
1
0
0
0
0
0
0
1
1
1
2
8
23
43
59
64
58
41
21
7
0
0
0
0
0
0
0
0
0
0
0
0
0
0
0
0
0
0
0
0
0
0
0
0
0
0
0
0
0
0
0
0
0
0
0
0
0
0
0
0
0
0
0
0
0
0
0
0
0
0
0
0
0
0
0
0
0
0
0
0
0
0
0
0
0
0
0
0
0
0
0
0
0
0
0
0
