37
47
0
0
0
0
0
0
0
0
0
0
0
0
0
0
0
0
0
0
0
0
0
0
0
0
0
0
0
0
0
0
0
0
0
0
0
0
0
0
0
0
0
0
0
0
0
0
0
0
0
0
0
0
0
0
0
0
0
0
0
0
0
0
0
0
0
0
0
0
0
0
0
0
0
0
0
0
11
34
66
93
103
97
74
42
16
4
1
1
1
1
0
0
0
0
0
0
1
1
1
3
13
36
69
94
102
93
66
34
11
0
0
0
0
19
57
112
156
173
163
125
70
26
7
2
1
1
1
0
0
0
0
0
0
1
1
2
5
22
61
116
158
172
156
112
57
19
0
0
0
0
23
72
142
198
220
206
158
88
33
8
2
1
1
1
0
0
0
0
0
0
1
1
2
7
27
77
147
200
218
198
142
72
23
0
0
0
0
25
76
151
212
236
222
169
94
35
9
3
1
1
1
0
0
0
0
0
0
1
1
2
7
28
82
157
215
234
212
151
76
25
0
0
0
0
24
76
152
214
239
225
171
94
35
9
3
2
1
1
0
0
0
0
0
0
1
1
2
7
28
82
159
218
237
214
152
76
24
0
0
0
0
24
76
152
215
240
226
171
94
35
9
3
2
1
1
0
0
0
0
0
0
1
1
2
7
28
82
159
219
238
215
152
76
24
0
0
0
0
24
76
153
216
241
226
172
95
35
9
3
2
1
1
0
0
0
0
0
0
1
1
2
7
28
83
160
219
239
215
153
76
24
0
0
0
0
24
76
153
216
241
226
172
95
35
9
3
2
1
1
0
0
0
0
0
0
1
1
2
7
28
83
160
219
239
216
153
76
24
0
0
0
0
24
76
153
216
241
226
172
95
35
9
3
2
1
1
0
0
0
0
0
0
1
1
2
7
28
83
160
219
239
216
153
76
24
0
0
0
0
24
76
153
216
241
226
172
95
35
9
3
2
1
1
0
0
0
0
0
0
1
1
2
7
28
83
160
219
239
216
153
76
24
0
0
0
0
24
76
153
216
241
226
172
95
35
9
3
2
1
1
0
0
0
0
0
0
1
1
2
7
28
83
160
219
239
216
153
76
24
0
0
0
0
24
76
153
216
241
226
172
95
35
9
3
2
1
1
0
0
0
0
0
0
1
1
2
7
28
83
160
219
239
216
153
76
24
0
0
0
0
24
76
153
216
241
226
172
95
35
9
3
2
1
1
1
1
1
1
1
1
1
1
2
7
29
83
160
219
239
216
153
76
24
0
0
0
0
24
76
153
216
241
226
172
95
35
9
3
2
1
1
1
1
1
1
1
1
1
2
3
7
29
83
160
219
239
216
153
76
24
0
0
0
0
24
76
153
216
241
226
172
95
35
9
3
2
2
2
2
2
2
2
2
2
2
2
3
8
29
83
160
219
239
216
153
76
24
0
0
0
0
24
76
153
216
241
226
172
96
37
11
6
5
5
5
5
5
5
5
5
5
5
5
6
10
31
85
161
219
239
216
153
76
24
0
0
0
0
24
76
153
216
242
228
178
107
52
29
24
24
23
23
23
23
23
23
23
23
24
24
24
28
47
97
167
222
240
216
153
76
24
0
0
0
0
24
76
153
216
243
234
196
142
100
83
79
79
79
79
79
79
79
79
79
79
79
79
79
82
96
134
188
229
241
216
153
76
24
0
0
0
0
24
76
153
216
244
243
224
196
173
164
162
162
162
162
162
162
162
162
162
162
162
162
163
164
171
191
220
241
244
216
153
76
24
0
0
0
0
24
76
153
216
245
250
245
236
229
226
225
225
224
224
224
224
224
224
224
224
224
225
225
225
228
234
243
249
245
216
153
76
24
0
0
0
0
24
76
153
216
246
252
250
246
242
241
240
240
240
240
240
240
240
240
240
240
240
240
240
241
242
245
249
251
246
216
153
76
24
0
0
0
0
24
76
153
216
245
248
239
225
213
209
208
208
208
207
207
207
207
207
207
207
208
208
208
209
212
223
237
247
245
216
153
76
24
0
0
0
0
24
76
153
216
244
240
215
179
151
140
138
138
137
137
137
137
137
137
137
137
137
137
138
139
149
174
210
237
243
216
153
76
24
0
0
0
0
24
76
153
216
242
232
190
132
87
69
65
65
64
64
64
64
64
64
64
64
64
64
65
67
83
124
181
227
240
216
153
76
24
0
0
0
0
24
76
153
216
241
227
176
104
49
26
21
20
20
20
20
20
20
20
20
20
20
20
21
24
44
94
165
221
239
216
153
76
24
0
0
0
0
24
76
153
216
241
226
172
96
37
12
7
6
5
5
5
5
5
5
5
5
5
6
6
10
31
85
160
219
239
216
153
76
24
0
0
0
0
24
76
153
216
241
226
172
95
35
10
4
3
2
2
2
2
2
2
2
2
2
3
4
8
29
83
160
219
239
216
153
76
24
0
0
0
0
24
76
153
216
241
226
172
95
35
9
3
2
1
1
1
1
1
1
1
1
1
2
3
7
29
83
160
219
239
216
153
76
24
0
0
0
0
24
76
153
216
241
226
172
95
35
9
3
2
1
1
1
1
1
1
1
1
1
1
2
7
28
83
160
219
239
216
153
76
24
0
0
0
0
24
76
153
216
241
226
172
95
35
9
3
2
1
1
0
0
0
0
0
0
1
1
2
7
28
83
160
219
239
216
153
76
24
0
0
0
0
24
76
153
216
241
226
172
95
35
9
3
2
1
1
0
0
0
0
0
0
1
1
2
7
28
83
160
219
239
216
153
76
24
0
0
0
0
24
76
153
216
241
226
172
95
35
9
3
2
1
1
0
0
0
0
0
0
1
1
2
7
28
83
160
219
239
216
153
76
24
0
0
0
0
24
76
153
216
241
226
172
95
35
9
3
2
1
1
0
0
0
0
0
0
1
1
2
7
28
83
160
219
239
216
153
76
24
0
0
0
0
24
76
153
216
241
226
172
95
35
9
3
2
1
1
0
0
0
0
0
0
1
1
2
7
28
83
160
219
239
216
153
76
24
0
0
0
0
24
76
153
216
241
226
172
95
35
9
3
2
1
1
0
0
0
0
0
0
1
1
2
7
28
83
160
219
239
216
153
76
24
0
0
0
0
24
76
153
216
241
226
172
95
35
9
3
2
1
1
0
0
0
0
0
0
1
1
2
7
28
83
160
219
239
216
153
76
24
0
0
0
0
24
76
153
216
241
226
172
95
35
9
3
2
1
1
0
0
0
0
0
0
1
1
2
7
28
83
160
219
239
215
153
76
24
0
0
0
0
24
76
152
215
240
226
171
94
35
9
3
2
1
1
0
0
0
0
0
0
1
1
2
7
28
82
159
219
238
215
152
76
24
0
0
0
0
24
76
152
214
239
225
171
94
35
9
3
2
1
1
0
0
0
0
0
0
1
1
2
7
28
82
159
218
237
214
152
76
24
0
0
0
0
25
76
151
212
236
222
169
94
35
9
3
1
1
1
0
0
0
0
0
0
1
1
2
7
28
82
157
215
234
212
151
76
25
0
0
0
0
23
72
142
198
220
206
158
88
33
8
2
1
1
1
0
0
0
0
0
0
1
1
2
7
27
77
147
200
218
198
142
72
23
0
0
0
0
19
57
112
156
173
163
125
70
26
7
2
1
1
1
0
0
0
0
0
0
1
1
2
5
22
61
116
158
172
156
112
57
19
0
0
0
0
11
34
66
93
103
97
74
42
16
4
1
1
1
1
0
0
0
0
0
0
1
1
1
3
13
36
69
94
102
93
66
34
11
0
0
0
0
0
0
0
0
0
0
0
0
0
0
0
0
0
0
0
0
0
0
0
0
0
0
0
0
0
0
0
0
0
0
0
0
0
0
0
0
0
0
0
0
0
0
0
0
0
0
0
0
0
0
0
0
0
0
0
0
0
0
0
0
0
0
0
0
0
0
0
0
0
0
0
0
