32
43
0
0
0
0
0
0
0
0
0
0
0
0
0
0
0
0
0
0
0
0
0
0
0
0
0
0
0
0
0
0
0
0
0
0
0
0
0
0
0
0
0
0
0
0
0
0
0
0
0
0
0
0
0
0
0
0
0
0
0
0
0
0
0
0
0
0
8
25
51
70
72
58
33
12
3
1
1
1
0
0
0
0
0
1
1
3
10
29
55
71
69
51
25
8
0
0
0
0
15
50
101
138
144
115
65
23
5
1
1
1
0
0
0
0
0
1
1
5
20
58
109
141
138
101
50
15
0
0
0
0
21
69
140
192
199
160
90
32
7
2
1
1
0
0
0
0
0
1
2
6
27
80
151
195
191
140
69
21
0
0
0
0
23
76
155
214
222
178
99
35
8
2
1
1
0
0
0
0
0
1
2
7
30
89
168
218
213
155
76
23
0
0
0
0
23
76
158
219
227
181
101
36
8
2
1
1
0
0
0
0
0
1
2
7
30
90
171
223
218
158
76
23
0
0
0
0
23
77
158
220
229
182
101
36
8
2
1
1
0
0
0
0
0
1
2
7
30
90
172
224
219
158
77
23
0
0
0
0
23
77
159
220
229
182
101
36
8
2
1
1
0
0
0
0
0
1
2
7
30
90
172
224
219
159
77
23
0
0
0
0
23
77
159
221
229
182
101
36
8
2
1
1
0
0
0
0
0
1
2
7
30
91
172
225
219
159
77
23
0
0
0
0
23
77
159
221
229
182
101
36
8
2
1
1
0
0
0
0
0
1
2
7
30
91
172
225
219
159
77
23
0
0
0
0
23
77
159
221
229
182
101
36
8
2
1
1
0
0
0
0
0
1
2
7
30
91
172
225
219
159
77
23
0
0
0
0
23
77
159
221
229
182
101
36
8
2
1
1
0
0
0
0
1
1
2
7
30
91
172
225
219
159
77
23
0
0
0
0
23
77
159
221
229
182
101
36
8
2
1
1
1
1
1
1
1
1
2
7
30
91
172
225
219
159
77
23
0
0
0
0
23
77
159
221
229
182
101
36
9
3
1
1
1
1
1
1
1
1
2
7
30
91
172
225
219
159
77
23
0
0
0
0
23
77
159
221
229
182
101
36
9
3
2
2
2
2
2
2
2
2
3
8
31
91
172
225
219
159
77
23
0
0
0
0
23
77
159
221
230
185
106
44
18
12
12
11
11
11
11
11
11
12
12
16
38
96
175
225
219
159
77
23
0
0
0
0
23
77
159
221
233
196
130
78
56
52
51
51
51
51
51
51
51
51
52
55
73
122
188
229
220
159
77
23
0
0
0
0
23
77
159
222
239
218
178
145
132
130
130
130
130
130
130
130
130
130
130
132
143
173
213
237
221
159
77
23
0
0
0
0
23
77
159
222
245
240
225
212
207
206
206
206
206
206
206
206
206
206
206
207
211
223
239
244
222
159
77
23
0
0
0
0
23
77
159
223
247
248
242
237
234
234
234
234
234
234
234
234
234
234
234
234
236
241
248
247
223
159
77
23
0
0
0
0
23
77
159
222
245
239
223
209
204
203
202
202
202
202
202
202
202
202
203
203
208
221
237
244
222
159
77
23
0
0
0
0
23
77
159
222
238
217
176
143
130
128
127
127
127
127
127
127
127
127
128
129
141
171
212
236
221
159
77
23
0
0
0
0
23
77
159
221
232
195
131
79
59
55
54
54
54
54
54
54
54
54
55
58
75
123
188
229
220
159
77
23
0
0
0
0
23
77
159
220
230
185
107
46
21
16
15
15
15
15
15
15
15
15
16
19
41
98
175
225
219
159
77
23
0
0
0
0
23
77
159
221
229
182
102
37
10
5
4
4
4
4
4
4
4
4
4
9
32
91
173
225
219
159
77
23
0
0
0
0
23
77
159
221
229
182
101
36
9
3
2
1
1
1
1
1
1
2
2
7
30
91
172
225
219
159
77
23
0
0
0
0
23
77
159
221
229
182
101
36
8
2
1
1
1
1
1
1
1
1
2
7
30
91
172
225
219
159
77
23
0
0
0
0
23
77
159
221
229
182
101
36
8
2
1
1
0
0
0
0
0
1
2
7
30
90
172
225
219
159
77
23
0
0
0
0
23
77
159
221
229
182
101
36
8
2
1
1
0
0
0
0
0
1
2
7
30
91
172
225
219
159
77
23
0
0
0
0
23
77
159
221
229
182
101
36
8
2
1
1
0
0
0
0
0
1
2
7
30
91
172
225
219
159
77
23
0
0
0
0
23
77
159
221
229
182
101
36
8
2
1
1
0
0
0
0
0
1
2
7
30
91
172
225
219
159
77
23
0
0
0
0
23
77
159
221
229
182
101
36
8
2
1
1
0
0
0
0
0
1
2
7
30
91
172
225
219
159
77
23
0
0
0
0
23
77
159
221
229
182
101
36
8
2
1
1
0
0
0
0
0
1
2
7
30
91
172
225
219
159
77
23
0
0
0
0
23
77
159
220
229
182
101
36
8
2
1
1
0
0
0
0
0
1
2
7
30
90
172
224
219
159
77
23
0
0
0
0
23
77
158
220
229
182
101
36
8
2
1
1
0
0
0
0
0
1
2
7
30
90
172
224
219
158
77
23
0
0
0
0
23
76
158
219
227
181
101
36
8
2
1
1
0
0
0
0
0
1
2
7
30
90
171
223
218
158
76
23
0
0
0
0
23
76
155
214
222
178
99
35
8
2
1
1
0
0
0
0
0
1
2
7
30
89
168
218
213
155
76
23
0
0
0
0
21
69
140
192
199
160
90
32
7
2
1
1
0
0
0
0
0
1
2
6
27
80
151
195
191
140
69
21
0
0
0
0
15
50
101
138
144
115
65
23
5
1
1
1
0
0
0
0
0
1
1
5
20
58
109
141
138
101
50
15
0
0
0
0
8
25
51
70
72
58
33
12
3
1
1
1
0
0
0
0
0
1
1
3
10
29
55
71
69
51
25
8
0
0
0
0
0
0
0
0
0
0
0
0
0
0
0
0
0
0
0
0
0
0
0
0
0
0
0
0
0
0
0
0
0
0
0
0
0
0
0
0
0
0
0
0
0
0
0
0
0
0
0
0
0
0
0
0
0
0
0
0
0
0
0
0
0
0
