27
35
0
0
0
0
0
0
0
0
0
0
0
0
0
0
0
0
0
0
0
0
0
0
0
0
0
0
0
0
0
0
0
0
0
0
0
0
0
0
0
0
0
0
0
0
0
0
0
0
0
0
0
0
0
0
0
0
35
84
126
130
95
44
12
2
1
1
0
0
0
1
1
2
10
39
89
127
125
84
35
0
0
0
0
51
122
184
190
137
63
17
3
1
1
0
0
0
1
1
3
15
57
129
185
182
122
51
0
0
0
0
56
137
206
213
154
70
19
4
2
1
0
0
0
1
1
3
16
63
144
208
204
136
56
0
0
0
0
56
139
209
217
156
71
19
4
2
1
0
0
0
1
1
3
16
63
147
211
208
139
56
0
0
0
0
57
139
210
217
156
71
19
4
2
1
0
0
0
1
1
3
16
63
147
212
208
139
57
0
0
0
0
57
139
210
217
157
71
19
4
2
1
0
0
0
1
1
3
16
63
147
212
209
139
57
0
0
0
0
57
139
210
217
156
71
19
4
2
1
0
0
0
1
1
3
16
63
147
212
209
139
57
0
0
0
0
57
139
210
217
156
71
19
4
2
1
0
0
0
1
1
3
16
63
147
212
209
139
57
0
0
0
0
57
139
210
217
157
71
19
4
2
1
1
1
1
1
1
3
16
63
147
212
209
139
57
0
0
0
0
57
139
210
218
157
71
19
4
2
1
1
1
1
1
2
4
17
64
147
212
209
139
57
0
0
0
0
57
139
210
218
157
72
21
6
4
3
3
3
3
3
4
5
18
65
147
212
209
139
57
0
0
0
0
57
139
210
220
163
84
37
23
22
21
21
21
21
21
22
23
34
78
155
214
209
139
57
0
0
0
0
57
139
211
227
187
128
93
83
82
82
82
82
82
82
82
83
91
123
180
223
210
139
57
0
0
0
0
57
139
213
238
223
196
180
175
175
175
175
175
175
175
175
175
179
193
220
236
212
139
57
0
0
0
0
57
139
214
244
243
232
226
224
224
224
224
224
224
224
224
224
226
231
241
243
213
139
57
0
0
0
0
57
139
213
241
232
212
200
197
196
196
196
196
196
196
196
197
199
210
229
240
213
139
57
0
0
0
0
57
139
212
230
198
150
121
113
113
112
112
112
112
112
113
113
120
146
193
227
211
139
57
0
0
0
0
57
139
211
221
170
97
53
41
40
39
39
39
39
39
40
41
51
91
162
217
209
139
57
0
0
0
0
57
139
210
218
158
75
25
11
9
8
8
8
8
8
9
10
23
68
149
213
209
139
57
0
0
0
0
57
139
210
218
157
71
20
5
3
2
2
2
2
2
3
4
17
64
147
212
209
139
57
0
0
0
0
57
139
210
218
157
71
19
4
2
1
1
1
1
1
2
4
17
64
147
212
209
139
57
0
0
0
0
57
139
210
217
156
71
19
4
2
1
0
0
0
1
1
3
16
63
147
212
209
139
57
0
0
0
0
57
139
210
217
156
71
19
4
2
1
0
0
0
1
1
3
16
63
147
212
209
139
57
0
0
0
0
57
139
210
217
156
71
19
4
2
1
0
0
0
1
1
3
16
63
147
212
209
139
57
0
0
0
0
57
139
210
217
156
71
19
4
2
1
0
0
0
1
1
3
16
63
147
212
209
139
57
0
0
0
0
57
139
210
217
157
71
19
4
2
1
0
0
0
1
1
3
16
63
147
212
209
139
57
0
0
0
0
57
139
210
217
156
71
19
4
2
1
0
0
0
1
1
3
16
63
147
212
208
139
57
0
0
0
0
56
139
209
217
156
71
19
4
2
1
0
0
0
1
1
3
16
63
147
211
208
139
56
0
0
0
0
56
137
206
213
154
70
19
4
2
1
0
0
0
1
1
3
16
63
144
208
204
136
56
0
0
0
0
51
122
184
190
137
63
17
3
1
1
0
0
0
1
1
3
15
57
129
185
182
122
51
0
0
0
0
35
84
126
130
95
44
12
2
1
1
0
0
0
1
1
2
10
39
89
127
125
84
35
0
0
0
0
0
0
0
0
0
0
0
0
0
0
0
0
0
0
0
0
0
0
0
0
0
0
0
0
0
0
0
0
0
0
0
0
0
0
0
0
0
0
0
0
0
0
0
0
0
0
0
0
0
0
0
0
