29
35
0
0
0
0
0
0
0
0
0
0
0
0
0
0
0
0
0
0
0
0
0
0
0
0
0
0
0
0
0
0
0
0
0
0
0
0
0
0
0
0
0
0
0
0
0
0
0
0
0
0
0
0
0
0
0
0
0
0
0
0
91
130
137
109
63
23
6
1
1
1
0
0
0
0
0
1
1
1
5
19
55
103
134
130
91
0
0
0
0
126
187
204
177
116
53
15
3
1
1
1
0
0
0
1
1
1
3
13
46
107
170
202
187
127
0
0
0
0
121
193
228
218
166
93
34
9
2
1
1
1
0
1
1
1
2
7
31
86
158
214
229
197
125
0
0
0
0
87
162
218
233
204
138
66
21
5
2
1
1
0
1
1
1
4
19
61
132
199
233
222
169
93
0
0
0
0
49
115
185
228
227
182
111
47
13
3
1
1
1
1
1
3
11
41
103
176
225
231
193
124
55
0
0
0
0
23
69
140
204
232
216
159
87
32
8
2
1
1
1
2
7
28
78
151
211
233
210
149
77
26
0
0
0
0
9
34
91
164
218
231
200
135
64
20
4
1
1
1
4
17
57
126
194
230
222
172
100
40
11
0
0
0
0
3
14
50
114
184
227
225
179
106
42
11
2
1
2
10
38
99
173
222
229
192
124
57
17
4
0
0
0
0
2
5
22
68
138
203
231
212
151
78
26
6
2
5
23
71
145
208
232
209
148
76
27
7
2
0
0
0
0
1
2
9
34
89
162
216
228
193
123
55
16
5
13
48
115
187
228
221
171
99
39
11
3
1
0
0
0
0
1
1
3
14
48
113
183
225
221
171
98
38
15
33
88
162
217
228
192
123
56
17
4
1
1
0
0
0
0
1
1
2
5
22
67
138
202
230
209
148
77
42
69
137
203
230
209
148
76
26
6
2
1
1
0
0
0
0
1
1
1
2
9
33
89
162
217
229
194
131
95
123
185
227
222
172
99
39
11
3
1
1
1
0
0
0
0
0
1
1
1
4
14
49
114
186
228
225
189
163
183
221
230
194
125
56
17
4
1
1
1
0
0
0
0
0
0
1
1
1
2
6
23
69
140
205
235
230
219
228
235
212
150
77
27
7
2
1
1
1
0
0
0
0
0
0
0
1
1
1
2
9
35
92
166
221
243
246
244
226
175
101
40
11
3
1
1
1
0
0
0
0
0
0
0
0
0
1
1
1
4
15
51
118
191
236
250
240
199
128
58
18
4
1
1
1
0
0
0
0
0
0
0
0
0
0
0
1
1
2
6
25
78
157
222
245
227
167
87
30
7
2
1
1
1
0
0
0
0
0
0
0
0
0
0
0
1
1
1
3
14
56
135
210
241
218
147
64
17
3
1
1
1
0
0
0
0
0
0
0
0
0
0
0
0
0
1
1
2
11
49
127
206
239
214
140
58
14
3
1
1
0
0
0
0
0
0
0
0
0
0
0
0
0
0
1
1
2
11
48
125
205
239
214
139
57
14
2
1
1
0
0
0
0
0
0
0
0
0
0
0
0
0
0
1
1
2
11
47
125
205
239
214
139
57
14
2
1
1
0
0
0
0
0
0
0
0
0
0
0
0
0
0
1
1
2
11
47
125
205
239
214
139
57
13
2
1
1
0
0
0
0
0
0
0
0
0
0
0
0
0
0
1
1
2
11
47
125
205
239
214
139
57
13
2
1
1
0
0
0
0
0
0
0
0
0
0
0
0
0
0
1
1
2
11
47
125
205
239
214
139
57
13
2
1
1
0
0
0
0
0
0
0
0
0
0
0
0
0
0
1
1
2
11
47
125
205
239
214
139
57
14
2
1
1
0
0
0
0
0
0
0
0
0
0
0
0
0
0
1
1
2
11
47
125
205
238
214
139
57
13
2
1
1
0
0
0
0
0
0
0
0
0
0
0
0
0
0
1
1
2
11
47
125
204
238
213
139
57
14
2
1
1
0
0
0
0
0
0
0
0
0
0
0
0
0
0
1
1
2
11
47
123
200
233
209
137
56
13
2
1
1
0
0
0
0
0
0
0
0
0
0
0
0
0
0
1
1
2
10
42
111
179
207
187
123
51
12
2
1
1
0
0
0
0
0
0
0
0
0
0
0
0
0
0
1
1
2
7
29
76
123
142
128
85
35
9
2
1
1
0
0
0
0
0
0
0
0
0
0
0
0
0
0
0
0
0
0
0
0
0
0
0
0
0
0
0
0
0
0
0
0
0
0
0
0
0
0
0
0
0
0
0
0
0
0
0
0
0
0
0
0
0
0
0
0
0
0
0
0
0
0
0
0
0
