34
42
0
0
0
0
0
0
0
0
0
0
0
0
0
0
0
0
0
0
0
0
0
0
0
0
0
0
0
0
0
0
0
0
0
0
0
0
0
0
0
0
0
0
0
0
0
0
0
0
0
0
0
0
0
0
0
0
0
0
0
0
0
0
0
0
0
0
0
0
0
0
50
69
75
66
45
22
8
2
1
1
1
1
0
0
0
0
0
0
0
1
1
1
2
6
18
40
63
74
69
50
0
0
0
0
99
137
150
136
99
54
21
6
2
1
1
1
0
0
0
0
0
0
1
1
1
2
5
17
47
91
131
148
137
99
0
0
0
0
134
188
209
198
158
99
45
14
4
2
1
1
1
0
0
0
0
1
1
1
1
3
12
38
88
148
193
208
188
135
0
0
0
0
134
198
230
230
201
144
78
30
8
3
1
1
1
1
0
0
0
1
1
1
2
7
26
70
135
194
228
231
201
137
0
0
0
0
107
175
222
239
226
183
117
55
19
5
2
1
1
1
0
0
1
1
1
2
4
16
50
111
177
223
239
226
182
113
0
0
0
0
70
136
197
232
238
213
159
92
39
12
4
2
1
1
0
0
1
1
1
3
10
34
85
153
210
238
236
204
145
78
0
0
0
0
39
92
158
212
238
232
197
136
71
27
8
3
1
1
1
1
1
1
2
7
23
63
126
190
230
239
218
168
101
45
0
0
0
0
18
54
114
179
224
239
224
179
114
54
19
5
2
1
1
1
1
2
4
15
47
103
169
219
239
228
187
124
61
22
0
0
0
0
8
27
71
136
196
232
237
212
158
92
39
12
3
1
1
1
1
3
10
34
83
148
205
235
234
203
146
80
32
10
0
0
0
0
4
12
39
91
156
211
237
232
196
134
68
25
7
2
1
1
2
6
22
63
126
189
229
238
217
166
101
45
14
4
0
0
0
0
2
5
18
52
111
176
222
238
222
174
106
47
15
4
2
1
3
13
43
100
168
218
238
227
185
122
60
21
6
2
0
0
0
0
1
2
8
26
69
133
194
231
235
206
148
81
32
9
3
2
7
27
74
141
202
234
234
202
144
78
31
9
3
1
0
0
0
0
1
1
3
12
37
88
154
209
235
228
188
124
61
21
6
5
17
53
114
180
225
237
216
165
99
43
14
4
1
1
0
0
0
0
1
1
2
5
17
51
109
175
222
237
218
168
101
44
15
13
37
90
158
212
236
227
185
121
59
21
6
2
1
1
0
0
0
0
1
1
1
3
7
25
67
132
194
231
235
206
147
80
35
32
70
135
197
232
233
202
143
77
30
9
3
1
1
1
0
0
0
0
1
1
1
2
4
11
36
87
154
210
236
230
189
126
74
69
115
179
225
237
217
165
98
43
14
4
2
1
1
1
0
0
0
0
0
1
1
1
2
5
17
51
110
176
223
238
221
174
129
125
166
214
238
228
186
121
59
21
6
2
1
1
1
0
0
0
0
0
0
1
1
1
1
3
8
25
68
133
195
232
238
215
188
185
211
236
236
204
144
78
31
9
3
2
1
1
1
0
0
0
0
0
0
0
1
1
1
2
4
12
37
89
156
212
239
240
230
229
239
241
219
166
99
44
14
4
2
1
1
1
0
0
0
0
0
0
0
0
0
1
1
1
2
5
18
52
111
178
225
245
248
248
247
230
187
122
60
21
6
2
1
1
1
1
0
0
0
0
0
0
0
0
0
1
1
1
1
3
8
26
70
135
198
237
251
251
240
206
146
79
31
10
3
1
1
1
1
0
0
0
0
0
0
0
0
0
0
0
1
1
1
2
4
12
39
94
165
220
246
248
227
175
104
45
14
4
2
1
1
1
0
0
0
0
0
0
0
0
0
0
0
0
0
1
1
1
2
6
21
65
137
205
241
244
214
150
75
26
7
2
1
1
1
0
0
0
0
0
0
0
0
0
0
0
0
0
0
0
1
1
2
4
15
52
123
196
238
241
207
138
63
19
4
2
1
1
1
0
0
0
0
0
0
0
0
0
0
0
0
0
0
0
1
1
2
3
13
49
119
194
237
240
205
134
60
17
4
2
1
1
0
0
0
0
0
0
0
0
0
0
0
0
0
0
0
0
1
1
2
3
13
49
119
193
237
240
204
134
59
17
4
2
1
1
0
0
0
0
0
0
0
0
0
0
0
0
0
0
0
0
1
1
2
3
13
49
119
193
237
240
205
134
59
17
4
2
1
1
0
0
0
0
0
0
0
0
0
0
0
0
0
0
0
0
1
1
2
3
13
49
119
193
237
240
205
134
59
17
4
2
1
1
0
0
0
0
0
0
0
0
0
0
0
0
0
0
0
0
1
1
2
3
13
49
119
193
237
240
205
134
59
17
4
2
1
1
0
0
0
0
0
0
0
0
0
0
0
0
0
0
0
0
1
1
2
3
13
49
119
193
237
240
205
134
59
17
4
2
1
1
0
0
0
0
0
0
0
0
0
0
0
0
0
0
0
0
1
1
2
3
13
49
119
193
237
240
205
134
59
17
4
2
1
1
0
0
0
0
0
0
0
0
0
0
0
0
0
0
0
0
1
1
2
3
13
49
119
193
237
240
205
134
59
17
4
2
1
1
0
0
0
0
0
0
0
0
0
0
0
0
0
0
0
0
1
1
2
3
13
49
119
193
237
240
205
134
59
17
4
2
1
1
0
0
0
0
0
0
0
0
0
0
0
0
0
0
0
0
1
1
2
3
13
49
119
193
236
240
204
134
59
17
4
2
1
1
0
0
0
0
0
0
0
0
0
0
0
0
0
0
0
0
1
1
2
3
13
49
118
192
235
239
204
134
59
17
4
2
1
1
0
0
0
0
0
0
0
0
0
0
0
0
0
0
0
0
1
1
1
3
13
48
117
189
230
234
200
132
59
17
4
2
1
1
0
0
0
0
0
0
0
0
0
0
0
0
0
0
0
0
1
1
1
3
12
44
106
170
206
209
180
119
54
15
4
2
1
1
0
0
0
0
0
0
0
0
0
0
0
0
0
0
0
0
1
1
1
2
9
32
76
123
149
151
130
86
39
11
3
1
1
1
0
0
0
0
0
0
0
0
0
0
0
0
0
0
0
0
0
0
0
0
0
0
0
0
0
0
0
0
0
0
0
0
0
0
0
0
0
0
0
0
0
0
0
0
0
0
0
0
0
0
0
0
0
0
0
0
0
0
0
0
0
0
0
0
0
0
0
0
0
0
0
0
0
0
0
0
