34
36
0
0
0
0
0
0
0
0
0
0
0
0
0
0
0
0
0
0
0
0
0
0
0
0
0
0
0
0
0
0
0
0
0
0
0
0
0
0
0
0
0
0
0
0
0
0
0
0
0
0
0
0
0
0
0
0
0
0
0
0
0
0
0
0
0
0
0
0
0
0
42
59
63
56
38
19
7
2
1
1
1
1
0
0
0
0
0
0
0
1
1
1
2
5
16
35
53
63
59
42
0
0
0
0
93
129
141
129
96
54
22
7
2
1
1
1
0
0
0
0
0
0
1
1
1
2
5
18
47
89
125
140
129
93
0
0
0
0
128
183
205
197
161
105
50
17
5
2
1
1
1
0
0
0
0
1
1
1
1
4
15
44
95
152
193
205
184
130
0
0
0
0
123
187
225
231
208
156
92
39
13
4
2
1
1
1
0
0
1
1
1
1
3
11
36
85
148
202
229
227
191
126
0
0
0
0
87
153
207
234
232
199
140
76
31
10
3
1
1
1
0
0
1
1
1
3
8
27
70
133
194
230
236
213
161
94
0
0
0
0
48
104
167
216
236
226
186
125
64
25
8
2
1
1
1
1
1
1
2
6
21
57
116
180
224
237
221
176
113
54
0
0
0
0
21
58
116
179
222
236
220
174
112
55
20
6
2
1
1
1
1
2
5
17
48
102
166
215
236
226
187
126
65
25
0
0
0
0
8
27
68
129
188
226
235
213
163
99
45
15
4
2
1
1
1
4
13
40
90
153
207
233
230
196
138
76
31
10
0
0
0
0
3
10
33
78
140
197
230
233
204
148
83
34
10
3
1
1
2
9
30
77
140
198
230
232
204
150
87
38
12
4
0
0
0
0
1
4
13
39
88
151
205
233
228
191
130
67
26
7
2
2
6
22
61
123
186
226
234
212
161
98
45
16
5
2
0
0
0
0
1
2
5
16
46
99
163
213
233
221
178
114
56
20
6
5
16
48
105
171
218
235
218
173
110
53
19
6
2
1
0
0
0
0
1
1
2
6
20
54
111
174
219
233
214
166
101
46
17
15
39
91
156
209
233
224
183
122
62
24
7
2
1
1
0
0
0
0
1
1
1
3
8
24
63
124
185
225
233
208
154
90
45
41
80
143
201
231
229
194
135
73
29
9
3
1
1
1
0
0
0
0
1
1
1
1
3
10
30
74
137
195
230
231
200
145
97
92
135
192
229
233
203
148
84
36
12
4
1
1
1
1
0
0
0
0
0
1
1
1
2
4
12
37
86
150
205
234
229
198
163
160
191
225
235
212
160
96
43
15
4
2
1
1
1
0
0
0
0
0
0
0
1
1
1
2
5
16
45
99
163
214
237
233
218
217
230
238
220
173
109
52
19
6
2
1
1
1
0
0
0
0
0
0
0
0
1
1
1
1
2
6
20
54
112
176
222
242
245
245
243
227
185
122
62
24
7
2
1
1
1
1
0
0
0
0
0
0
0
0
0
1
1
1
1
3
8
25
65
127
191
232
249
250
236
199
137
73
29
9
3
1
1
1
1
0
0
0
0
0
0
0
0
0
0
0
1
1
1
1
3
10
33
84
155
214
244
246
221
166
94
38
12
4
2
1
1
1
0
0
0
0
0
0
0
0
0
0
0
0
0
1
1
1
2
5
18
59
130
200
239
242
210
143
69
22
6
2
1
1
1
0
0
0
0
0
0
0
0
0
0
0
0
0
0
0
1
1
2
3
14
50
121
195
237
241
205
135
61
18
4
2
1
1
0
0
0
0
0
0
0
0
0
0
0
0
0
0
0
0
1
1
2
3
13
49
119
193
237
240
205
134
59
17
4
2
1
1
0
0
0
0
0
0
0
0
0
0
0
0
0
0
0
0
1
1
2
3
13
49
119
193
237
240
205
134
59
17
4
2
1
1
0
0
0
0
0
0
0
0
0
0
0
0
0
0
0
0
1
1
2
3
13
49
119
193
237
240
205
134
59
17
4
2
1
1
0
0
0
0
0
0
0
0
0
0
0
0
0
0
0
0
1
1
2
3
13
49
119
193
237
240
205
134
59
17
4
2
1
1
0
0
0
0
0
0
0
0
0
0
0
0
0
0
0
0
1
1
2
3
13
49
119
193
237
240
205
134
59
17
4
2
1
1
0
0
0
0
0
0
0
0
0
0
0
0
0
0
0
0
1
1
2
3
13
49
119
193
237
240
205
134
59
17
4
2
1
1
0
0
0
0
0
0
0
0
0
0
0
0
0
0
0
0
1
1
2
3
13
49
119
193
236
240
204
134
59
17
4
2
1
1
0
0
0
0
0
0
0
0
0
0
0
0
0
0
0
0
1
1
2
3
13
49
119
192
236
239
204
134
59
17
4
2
1
1
0
0
0
0
0
0
0
0
0
0
0
0
0
0
0
0
1
1
2
3
13
48
117
188
230
234
200
131
59
17
4
2
1
1
0
0
0
0
0
0
0
0
0
0
0
0
0
0
0
0
1
1
1
3
12
44
104
168
204
207
177
118
53
15
4
2
1
1
0
0
0
0
0
0
0
0
0
0
0
0
0
0
0
0
1
1
1
2
8
30
72
116
141
143
123
81
37
11
3
1
1
1
0
0
0
0
0
0
0
0
0
0
0
0
0
0
0
0
0
0
0
0
0
0
0
0
0
0
0
0
0
0
0
0
0
0
0
0
0
0
0
0
0
0
0
0
0
0
0
0
0
0
0
0
0
0
0
0
0
0
0
0
0
0
0
0
0
0
0
0
0
0
0
0
0
0
0
0
