34
47
0
0
0
0
0
0
0
0
0
0
0
0
0
0
0
0
0
0
0
0
0
0
0
0
0
0
0
0
0
0
0
0
0
0
0
0
0
0
0
0
0
0
0
0
0
0
0
0
0
0
0
0
0
0
0
0
0
0
0
0
0
0
0
0
0
0
0
0
0
0
68
94
101
89
61
30
11
3
1
1
1
1
0
0
0
0
0
0
0
1
1
1
2
8
26
55
85
100
94
68
0
0
0
0
114
158
172
157
116
64
25
7
2
1
1
1
0
0
0
0
0
0
1
1
1
2
6
20
55
107
151
170
157
114
0
0
0
0
141
197
219
209
168
106
48
15
4
2
1
1
1
0
0
0
0
1
1
1
1
3
13
41
95
158
204
218
198
141
0
0
0
0
137
201
233
234
205
147
78
29
8
2
1
1
1
0
0
0
0
1
1
1
2
7
26
71
137
197
231
234
204
139
0
0
0
0
111
180
225
240
227
182
114
51
16
4
2
1
1
1
0
0
1
1
1
2
4
15
47
107
175
223
240
229
186
117
0
0
0
0
77
145
204
236
238
210
152
83
33
9
3
1
1
1
0
0
1
1
1
3
8
29
77
145
206
237
239
211
154
84
0
0
0
0
46
104
172
221
240
229
187
122
59
20
6
2
1
1
1
1
1
1
2
5
17
52
113
181
227
241
226
181
114
52
0
0
0
0
24
67
133
196
233
239
216
162
95
40
12
3
1
1
1
1
1
1
3
10
34
85
152
210
238
236
203
143
76
28
0
0
0
0
11
38
92
160
214
239
233
197
135
70
25
7
2
1
1
1
1
2
6
21
61
124
189
230
240
220
169
102
44
14
0
0
0
0
5
19
57
119
184
227
240
222
174
106
47
14
4
1
1
1
1
3
13
41
97
164
217
239
231
193
129
65
23
6
0
0
0
0
3
9
31
79
146
205
236
236
205
145
76
28
7
2
1
1
2
7
25
70
137
198
234
238
212
156
89
37
11
3
0
0
0
0
2
4
15
47
104
172
221
239
225
179
111
50
15
4
2
2
4
13
45
105
174
222
240
226
181
115
54
18
5
2
0
0
0
0
1
2
7
24
67
132
195
232
236
208
149
81
31
9
3
2
7
26
73
142
204
236
235
203
143
76
29
8
2
1
0
0
0
0
1
1
3
12
38
91
159
214
237
228
186
120
56
19
5
4
15
48
109
178
225
239
220
170
102
45
14
4
1
1
0
0
0
0
1
1
2
6
19
56
118
184
227
237
214
160
91
37
11
9
31
81
149
208
236
232
194
130
65
23
7
2
1
1
0
0
0
0
1
1
1
3
9
30
79
147
206
236
233
196
132
66
25
22
57
120
187
229
238
213
158
90
37
11
3
1
1
1
0
0
0
0
1
1
1
2
4
15
47
106
173
222
239
222
173
104
52
48
93
161
216
238
227
184
117
55
18
5
2
1
1
1
0
0
0
0
0
1
1
1
3
7
25
68
134
197
234
237
207
148
96
90
137
198
234
236
206
146
78
30
9
3
1
1
1
1
0
0
0
0
0
1
1
1
2
4
12
39
94
162
217
240
230
191
150
146
183
225
240
223
173
105
46
15
4
2
1
1
1
0
0
0
0
0
0
0
1
1
1
2
6
20
59
122
188
231
241
225
202
200
221
240
234
197
134
68
25
7
2
1
1
1
0
0
0
0
0
0
0
0
1
1
1
2
3
10
33
83
151
210
240
243
236
235
243
242
217
162
94
39
12
4
2
1
1
1
0
0
0
0
0
0
0
0
0
1
1
1
2
5
17
50
111
179
227
247
250
250
248
232
188
122
58
20
6
2
1
1
1
0
0
0
0
0
0
0
0
0
0
1
1
1
1
3
8
27
73
140
203
239
251
252
242
210
151
82
33
10
3
1
1
1
1
0
0
0
0
0
0
0
0
0
0
0
1
1
1
2
4
13
43
101
172
225
248
249
230
182
112
50
16
5
2
1
1
1
0
0
0
0
0
0
0
0
0
0
0
0
0
1
1
1
2
7
24
71
144
209
243
245
217
156
81
29
8
3
1
1
1
0
0
0
0
0
0
0
0
0
0
0
0
0
0
0
1
1
2
4
16
55
127
199
239
242
209
141
65
20
5
2
1
1
1
0
0
0
0
0
0
0
0
0
0
0
0
0
0
0
1
1
2
3
13
50
120
194
237
241
205
135
60
17
4
2
1
1
0
0
0
0
0
0
0
0
0
0
0
0
0
0
0
0
1
1
2
3
13
49
119
193
237
240
205
134
60
17
4
2
1
1
0
0
0
0
0
0
0
0
0
0
0
0
0
0
0
0
1
1
2
3
13
49
119
193
237
240
205
134
59
17
4
2
1
1
0
0
0
0
0
0
0
0
0
0
0
0
0
0
0
0
1
1
2
3
13
49
119
193
237
240
205
134
59
17
4
2
1
1
0
0
0
0
0
0
0
0
0
0
0
0
0
0
0
0
1
1
2
3
13
49
119
193
237
240
205
134
59
17
4
2
1
1
0
0
0
0
0
0
0
0
0
0
0
0
0
0
0
0
1
1
2
3
13
49
119
193
237
240
205
134
59
17
4
2
1
1
0
0
0
0
0
0
0
0
0
0
0
0
0
0
0
0
1
1
2
3
13
49
119
193
237
240
205
134
59
17
4
2
1
1
0
0
0
0
0
0
0
0
0
0
0
0
0
0
0
0
1
1
2
3
13
49
119
193
237
240
205
134
59
17
4
2
1
1
0
0
0
0
0
0
0
0
0
0
0
0
0
0
0
0
1
1
2
3
13
49
119
193
237
240
205
134
59
17
4
2
1
1
0
0
0
0
0
0
0
0
0
0
0
0
0
0
0
0
1
1
2
3
13
49
119
193
237
240
205
134
59
17
4
2
1
1
0
0
0
0
0
0
0
0
0
0
0
0
0
0
0
0
1
1
2
3
13
49
119
193
237
240
205
134
59
17
4
2
1
1
0
0
0
0
0
0
0
0
0
0
0
0
0
0
0
0
1
1
2
3
13
49
119
193
236
240
204
134
59
17
4
2
1
1
0
0
0
0
0
0
0
0
0
0
0
0
0
0
0
0
1
1
2
3
13
49
118
192
235
239
204
134
59
17
4
2
1
1
0
0
0
0
0
0
0
0
0
0
0
0
0
0
0
0
1
1
2
3
13
49
118
190
232
236
202
133
59
17
4
2
1
1
0
0
0
0
0
0
0
0
0
0
0
0
0
0
0
0
1
1
2
3
12
46
111
178
216
219
188
125
56
16
4
2
1
1
0
0
0
0
0
0
0
0
0
0
0
0
0
0
0
0
1
1
1
3
10
37
88
140
170
173
149
99
45
13
3
2
1
1
0
0
0
0
0
0
0
0
0
0
0
0
0
0
0
0
1
1
1
2
6
22
52
83
101
103
88
59
26
8
2
1
1
1
0
0
0
0
0
0
0
0
0
0
0
0
0
0
0
0
0
0
0
0
0
0
0
0
0
0
0
0
0
0
0
0
0
0
0
0
0
0
0
0
0
0
0
0
0
0
0
0
0
0
0
0
0
0
0
0
0
0
0
0
0
0
0
0
0
0
0
0
0
0
0
0
0
0
0
0
