29
42
0
0
0
0
0
0
0
0
0
0
0
0
0
0
0
0
0
0
0
0
0
0
0
0
0
0
0
0
0
0
0
0
0
0
0
0
0
0
0
0
0
0
0
0
0
0
0
0
0
0
0
0
0
0
0
0
0
0
0
0
48
68
70
53
28
10
2
1
1
1
0
0
0
0
0
1
1
1
2
8
24
49
68
68
48
0
0
0
0
95
135
142
113
65
25
6
2
1
1
0
0
0
0
0
1
1
1
5
20
57
106
139
135
95
0
0
0
0
128
186
201
172
111
49
14
3
1
1
1
0
0
0
1
1
1
3
12
43
101
164
199
186
129
0
0
0
0
130
199
227
210
154
81
29
7
2
1
1
1
0
1
1
1
2
6
25
74
145
205
226
201
132
0
0
0
0
106
180
225
228
188
117
51
15
4
1
1
1
0
1
1
1
3
13
46
111
183
227
228
185
111
0
0
0
0
73
145
207
232
214
155
82
30
8
2
1
1
0
1
1
2
6
26
76
149
211
234
213
153
80
0
0
0
0
43
105
177
224
229
190
121
55
17
4
1
1
1
1
1
3
14
48
113
184
227
227
185
114
49
0
0
0
0
22
67
138
203
231
216
162
89
34
9
2
1
1
1
2
7
29
80
152
212
232
208
147
75
26
0
0
0
0
10
38
97
170
220
230
196
129
60
19
4
1
1
1
4
16
53
119
189
228
224
178
106
44
12
0
0
0
0
5
19
61
129
196
230
219
167
93
35
9
2
1
2
8
31
86
159
215
231
203
139
68
23
6
0
0
0
0
2
9
34
88
161
216
230
198
130
60
18
4
2
3
16
55
124
193
229
220
170
98
39
11
3
0
0
0
0
1
4
16
54
120
189
227
219
167
93
35
9
3
7
31
86
161
217
230
197
130
61
20
5
1
0
0
0
0
1
2
7
29
80
153
211
228
199
133
62
20
7
16
55
124
193
228
217
162
90
34
9
2
1
0
0
0
0
1
1
3
14
48
112
182
225
221
172
99
39
16
34
89
163
217
227
191
122
55
17
4
1
1
0
0
0
0
1
1
2
6
25
73
145
207
229
204
140
70
38
63
130
197
229
213
155
82
30
8
2
1
1
0
0
0
0
1
1
1
3
12
43
104
176
223
225
180
113
77
105
171
221
226
185
114
49
15
4
1
1
1
0
0
0
0
0
1
1
2
6
22
67
138
203
231
212
163
132
156
206
231
210
148
76
26
7
2
1
1
1
0
0
0
0
0
1
1
1
3
11
39
98
171
222
231
208
189
204
229
226
180
108
45
13
3
1
1
1
0
0
0
0
0
0
1
1
1
2
5
20
62
132
200
234
237
231
236
236
207
142
70
24
6
2
1
1
1
0
0
0
0
0
0
0
1
1
1
3
10
35
92
166
222
244
248
246
227
175
101
41
11
3
1
1
1
0
0
0
0
0
0
0
0
0
1
1
2
5
18
57
126
196
238
250
241
204
136
65
21
5
2
1
1
0
0
0
0
0
0
0
0
0
0
1
1
1
2
9
33
89
166
224
245
229
175
98
38
10
3
1
1
1
0
0
0
0
0
0
0
0
0
0
0
1
1
1
4
19
64
142
212
240
219
153
73
22
5
2
1
1
0
0
0
0
0
0
0
0
0
0
0
0
1
1
1
3
14
53
129
205
237
213
142
62
17
3
1
1
1
0
0
0
0
0
0
0
0
0
0
0
0
0
1
1
3
12
50
126
203
236
211
139
59
16
3
1
1
0
0
0
0
0
0
0
0
0
0
0
0
0
0
1
1
3
12
50
125
202
236
211
139
59
15
3
1
1
0
0
0
0
0
0
0
0
0
0
0
0
0
0
1
1
3
12
50
125
202
236
211
139
59
15
3
1
1
0
0
0
0
0
0
0
0
0
0
0
0
0
0
1
1
3
12
49
125
202
236
211
139
59
15
3
1
1
0
0
0
0
0
0
0
0
0
0
0
0
0
0
1
1
3
12
49
125
202
236
211
139
59
15
3
1
1
0
0
0
0
0
0
0
0
0
0
0
0
0
0
1
1
3
12
49
125
202
236
211
139
59
15
3
1
1
0
0
0
0
0
0
0
0
0
0
0
0
0
0
1
1
3
12
49
125
202
236
211
139
59
15
3
1
1
0
0
0
0
0
0
0
0
0
0
0
0
0
0
1
1
3
12
50
125
202
236
211
139
59
15
3
1
1
0
0
0
0
0
0
0
0
0
0
0
0
0
0
1
1
3
12
50
125
202
235
211
139
59
15
3
1
1
0
0
0
0
0
0
0
0
0
0
0
0
0
0
1
1
3
12
49
125
202
235
211
138
59
15
3
1
1
0
0
0
0
0
0
0
0
0
0
0
0
0
0
1
1
3
12
49
125
201
234
210
138
59
15
3
1
1
0
0
0
0
0
0
0
0
0
0
0
0
0
0
1
1
3
12
49
123
197
229
206
136
58
15
3
1
1
0
0
0
0
0
0
0
0
0
0
0
0
0
0
1
1
2
11
45
111
177
205
185
123
53
14
3
1
1
0
0
0
0
0
0
0
0
0
0
0
0
0
0
1
1
2
8
32
80
128
148
133
89
38
10
2
1
1
0
0
0
0
0
0
0
0
0
0
0
0
0
0
0
0
0
0
0
0
0
0
0
0
0
0
0
0
0
0
0
0
0
0
0
0
0
0
0
0
0
0
0
0
0
0
0
0
0
0
0
0
0
0
0
0
0
0
0
0
0
0
0
0
0
