24
35
0
0
0
0
0
0
0
0
0
0
0
0
0
0
0
0
0
0
0
0
0
0
0
0
0
0
0
0
0
0
0
0
0
0
0
0
0
0
0
0
0
0
0
0
0
0
0
0
0
0
119
130
100
51
16
4
1
1
1
0
0
1
1
1
3
14
45
94
127
118
0
0
0
0
170
195
163
95
36
9
2
1
1
1
1
1
1
2
8
32
87
156
192
170
0
0
0
0
175
219
204
140
65
20
4
2
1
1
1
1
1
4
17
60
133
200
219
178
0
0
0
0
145
209
223
179
103
39
10
2
1
1
1
1
2
9
35
97
174
222
213
152
0
0
0
0
103
179
222
208
145
70
22
5
1
1
1
1
4
19
64
138
205
224
186
111
0
0
0
0
63
138
204
223
184
111
44
11
2
1
1
2
9
39
103
178
222
209
146
70
0
0
0
0
34
93
170
219
212
154
77
25
5
1
1
4
22
71
146
208
221
177
101
38
0
0
0
0
15
55
126
196
222
190
116
47
11
2
2
10
43
110
185
222
202
135
62
18
0
0
0
0
6
28
83
159
214
213
157
79
25
5
5
22
74
151
211
217
167
91
33
7
0
0
0
0
3
13
48
115
188
220
192
120
50
14
12
44
112
187
221
195
124
54
15
3
0
0
0
0
1
5
24
74
149
209
215
163
86
32
29
78
155
212
213
158
82
28
6
2
0
0
0
0
1
3
11
41
105
180
220
199
131
67
63
122
192
220
187
114
47
13
3
1
0
0
0
0
1
2
5
20
65
139
204
219
176
120
116
169
216
209
149
73
24
6
2
1
0
0
0
0
1
1
2
9
36
96
173
219
212
179
177
208
221
180
105
41
11
3
1
1
0
0
0
0
1
1
1
4
17
58
131
200
229
225
224
230
206
140
65
20
5
2
1
1
0
0
0
0
0
1
1
2
7
31
88
165
222
243
244
226
173
96
35
9
2
1
1
1
0
0
0
0
0
1
1
1
3
14
52
123
198
239
241
204
132
58
16
4
1
1
1
0
0
0
0
0
0
0
1
1
1
5
28
87
169
227
230
178
95
32
7
2
1
1
0
0
0
0
0
0
0
0
0
1
1
3
17
66
151
217
221
161
75
20
3
1
1
1
0
0
0
0
0
0
0
0
0
1
1
2
14
60
144
213
218
155
68
17
2
1
1
0
0
0
0
0
0
0
0
0
0
1
1
2
13
59
143
213
218
154
68
17
2
1
1
0
0
0
0
0
0
0
0
0
0
1
1
2
13
59
143
213
218
154
68
17
2
1
1
0
0
0
0
0
0
0
0
0
0
1
1
2
13
59
143
213
218
154
68
17
2
1
1
0
0
0
0
0
0
0
0
0
0
1
1
2
13
59
143
213
218
154
68
17
2
1
1
0
0
0
0
0
0
0
0
0
0
1
1
2
13
59
143
213
218
154
68
17
2
1
1
0
0
0
0
0
0
0
0
0
0
1
1
2
13
59
143
213
218
154
68
17
2
1
1
0
0
0
0
0
0
0
0
0
0
1
1
2
13
59
143
213
218
154
68
17
2
1
1
0
0
0
0
0
0
0
0
0
0
1
1
2
13
59
142
212
217
154
68
17
2
1
1
0
0
0
0
0
0
0
0
0
0
1
1
2
13
58
140
208
213
152
67
17
2
1
1
0
0
0
0
0
0
0
0
0
0
1
1
2
12
52
126
186
191
136
61
15
2
1
1
0
0
0
0
0
0
0
0
0
0
1
1
1
9
36
87
128
131
94
42
11
2
1
1
0
0
0
0
0
0
0
0
0
0
0
0
0
0
0
0
0
0
0
0
0
0
0
0
0
0
0
0
0
0
0
0
0
0
0
0
0
0
0
0
0
0
0
0
0
0
0
0
0
0
0
0
0
