37
37
0
0
0
0
0
0
0
0
0
0
0
0
0
0
0
0
0
0
0
0
0
0
0
0
0
0
0
0
0
0
0
0
0
0
0
0
0
0
0
0
0
0
0
0
0
0
0
0
0
0
0
0
0
0
0
0
0
0
0
0
0
0
0
0
0
0
0
0
0
0
0
0
0
0
0
0
5
18
40
57
64
65
63
53
32
12
3
1
1
1
0
0
0
0
0
1
1
1
3
12
32
53
63
65
64
59
43
21
6
0
0
0
0
11
41
91
131
147
150
146
124
80
33
8
2
1
1
0
0
0
0
0
1
1
2
8
33
80
124
146
150
148
135
98
47
14
0
0
0
0
16
60
133
191
215
219
215
189
130
60
17
3
1
1
1
0
0
0
1
1
1
3
17
60
130
189
215
219
216
197
142
69
20
0
0
0
0
17
66
148
214
241
246
244
224
167
87
28
6
2
1
1
0
0
0
1
1
2
6
28
87
167
224
244
246
243
220
159
76
22
0
0
0
0
18
67
150
219
246
251
250
238
194
115
44
10
2
1
1
1
0
0
1
1
2
10
44
115
193
238
250
251
248
225
161
77
22
0
0
0
0
18
67
151
219
245
246
244
241
213
143
64
17
3
1
1
1
0
1
1
1
3
17
62
141
212
241
244
246
247
225
162
77
22
0
0
0
0
18
67
151
219
240
232
225
233
223
168
86
27
5
1
1
1
0
1
1
1
5
26
83
165
222
232
225
232
241
225
162
77
22
0
0
0
0
18
67
151
218
233
212
196
212
224
188
109
40
9
2
1
1
0
1
1
2
9
39
107
186
223
212
196
212
235
224
162
77
22
0
0
0
0
18
67
151
217
229
195
166
186
219
204
135
57
15
3
1
1
1
1
1
3
15
57
134
203
218
186
166
195
230
223
162
77
22
0
0
0
0
18
67
151
218
228
185
142
160
208
216
161
80
24
5
1
1
1
1
1
5
25
80
161
215
206
158
141
185
229
223
162
77
22
0
0
0
0
18
67
151
218
227
180
125
136
194
222
186
106
38
8
2
1
1
1
2
8
39
106
185
220
189
130
123
179
228
224
162
77
22
0
0
0
0
18
67
151
218
228
178
114
114
175
222
205
134
57
15
3
1
1
1
3
15
57
134
204
216
166
105
110
177
229
224
162
77
22
0
0
0
0
18
67
151
218
228
177
105
93
151
213
218
162
80
24
5
1
1
1
5
24
80
161
216
205
140
84
102
176
229
224
162
77
22
0
0
0
0
18
67
151
218
228
176
99
73
124
196
223
185
106
38
8
2
1
2
8
38
106
185
220
188
112
66
97
176
229
224
162
77
22
0
0
0
0
18
67
151
218
228
176
95
56
95
173
221
203
130
53
13
2
1
2
13
53
130
203
218
167
88
52
93
176
229
224
162
77
22
0
0
0
0
18
67
151
218
228
176
92
44
70
146
210
214
154
72
20
3
1
3
20
72
154
214
209
144
67
43
91
175
229
224
162
77
22
0
0
0
0
18
67
151
218
228
175
90
36
49
118
194
219
177
96
32
6
2
6
32
96
177
219
193
117
48
36
90
175
229
224
162
77
22
0
0
0
0
18
67
151
218
228
175
90
32
33
91
171
218
198
124
49
11
3
11
49
124
198
218
171
91
33
32
90
175
229
224
162
77
22
0
0
0
0
18
67
151
218
228
175
90
30
22
66
145
209
212
152
71
20
5
20
71
152
212
209
145
66
22
30
90
175
229
224
162
77
22
0
0
0
0
18
67
151
218
228
175
90
29
15
47
118
193
220
178
97
32
11
32
97
178
220
193
118
47
15
29
90
175
229
224
162
77
22
0
0
0
0
18
67
151
218
228
175
90
29
11
31
91
171
219
199
125
50
21
50
125
199
219
171
91
31
11
29
90
175
229
224
162
77
22
0
0
0
0
18
67
151
218
228
175
90
28
9
20
66
145
209
213
152
71
37
73
154
214
209
145
66
20
9
28
89
175
229
224
162
77
22
0
0
0
0
18
67
151
218
228
175
89
28
7
12
46
117
193
219
175
95
57
99
179
221
193
117
46
12
7
28
89
175
229
224
162
77
22
0
0
0
0
18
67
151
218
228
175
89
28
7
8
31
90
171
217
194
124
85
127
198
218
171
90
31
8
7
28
89
175
229
224
162
77
22
0
0
0
0
18
67
151
218
228
175
89
28
6
5
19
66
144
208
210
159
125
160
211
209
145
66
19
5
6
28
89
175
229
224
162
77
22
0
0
0
0
18
67
151
218
228
175
89
28
6
4
12
45
116
192
220
196
173
196
221
192
117
45
12
4
6
28
89
175
229
224
162
77
22
0
0
0
0
18
67
151
218
228
175
89
28
6
3
7
30
89
170
222
226
217
226
222
170
89
30
7
3
6
28
89
175
229
224
162
77
22
0
0
0
0
18
67
151
218
227
175
89
28
5
2
4
18
65
143
212
240
243
240
212
143
65
18
4
2
5
28
89
175
228
223
162
77
22
0
0
0
0
18
67
150
217
227
174
89
27
5
2
3
11
44
115
193
238
249
238
193
115
44
11
3
2
5
27
89
174
228
223
161
77
22
0
0
0
0
18
66
148
213
222
171
88
27
5
2
2
6
28
87
168
225
242
225
168
87
28
6
2
2
5
27
88
171
223
218
159
76
22
0
0
0
0
16
60
133
190
197
152
79
25
5
1
1
3
16
59
131
190
211
190
131
59
16
3
1
1
5
25
79
152
199
195
142
69
20
0
0
0
0
11
41
91
130
135
105
54
17
3
1
1
2
8
33
81
125
142
125
81
33
8
2
1
1
3
17
54
105
136
134
98
47
14
0
0
0
0
5
18
40
57
59
46
24
7
2
1
1
1
3
13
32
53
61
53
32
13
3
1
1
1
2
7
24
46
60
58
43
20
6
0
0
0
0
0
0
0
0
0
0
0
0
0
0
0
0
0
0
0
0
0
0
0
0
0
0
0
0
0
0
0
0
0
0
0
0
0
0
0
0
0
0
0
0
0
0
0
0
0
0
0
0
0
0
0
0
0
0
0
0
0
0
0
0
0
0
0
0
0
0
0
0
0
0
0
0
