43
43
0
0
0
0
0
0
0
0
0
0
0
0
0
0
0
0
0
0
0
0
0
0
0
0
0
0
0
0
0
0
0
0
0
0
0
0
0
0
0
0
0
0
0
0
0
0
0
0
0
0
0
0
0
0
0
0
0
0
0
0
0
0
0
0
0
0
0
0
0
0
0
0
0
0
0
0
0
0
0
0
0
0
0
0
0
0
0
0
7
22
46
67
77
79
79
77
68
48
24
8
2
1
1
1
1
0
0
0
0
0
1
1
1
1
2
8
24
48
68
77
79
79
78
69
50
26
9
0
0
0
0
14
44
91
132
152
157
158
155
138
100
53
19
5
2
1
1
1
0
0
0
0
0
1
1
1
2
5
19
53
100
138
155
158
157
154
137
99
51
17
0
0
0
0
19
61
126
183
211
218
219
216
198
151
86
34
9
2
1
1
1
0
0
0
0
0
1
1
1
2
9
34
86
151
198
216
219
219
213
190
137
70
24
0
0
0
0
20
67
140
204
236
244
245
243
229
185
116
50
15
4
2
1
1
1
0
0
0
1
1
1
2
4
15
50
116
185
229
243
245
244
238
211
152
77
26
0
0
0
0
21
67
142
208
241
250
251
250
241
207
142
70
23
6
2
1
1
1
0
0
0
1
1
1
2
6
23
70
142
207
241
250
251
250
244
216
155
78
26
0
0
0
0
21
67
142
209
242
251
251
250
246
223
167
93
36
9
3
1
1
1
0
0
0
1
1
1
3
9
35
93
167
223
246
250
251
251
245
217
155
78
26
0
0
0
0
21
68
143
209
242
247
244
243
244
233
189
118
51
15
4
2
1
1
1
0
0
1
1
2
3
14
49
116
187
232
244
243
244
248
245
217
156
79
26
0
0
0
0
21
68
143
209
240
239
227
224
233
235
206
142
69
22
5
2
1
1
1
0
1
1
1
2
5
21
65
138
204
234
233
224
228
240
243
217
156
79
26
0
0
0
0
21
68
143
209
237
230
206
196
213
231
218
163
88
32
8
2
1
1
1
0
1
1
1
2
8
31
85
159
215
230
212
196
207
230
240
217
156
79
26
0
0
0
0
21
68
143
209
236
223
188
168
188
221
224
181
109
45
12
3
1
1
1
0
1
1
1
3
12
45
108
180
223
220
188
168
188
224
239
217
156
79
26
0
0
0
0
21
68
143
209
236
220
176
144
162
207
227
199
133
63
20
5
2
1
1
1
1
1
2
5
20
63
133
199
227
206
162
144
176
221
239
217
156
79
26
0
0
0
0
21
68
143
209
236
219
168
125
139
191
226
215
158
84
30
7
2
1
1
1
1
1
2
8
30
84
158
214
225
188
136
124
168
220
239
217
156
79
26
0
0
0
0
21
68
143
209
237
219
164
112
118
174
222
225
181
108
45
12
3
1
1
1
1
1
3
12
45
108
181
224
217
167
112
110
164
220
240
217
156
79
26
0
0
0
0
21
68
143
209
237
219
163
104
100
155
212
231
201
134
63
20
4
1
1
1
1
1
4
20
63
134
200
228
204
143
92
100
162
220
240
217
156
79
26
0
0
0
0
21
68
143
209
237
220
162
97
83
132
197
230
216
159
85
31
7
2
1
1
1
2
7
30
85
159
215
225
186
119
74
94
162
220
240
217
156
79
26
0
0
0
0
21
68
143
209
237
220
162
92
67
108
176
224
226
182
108
45
12
3
1
1
1
3
12
45
108
181
225
218
164
95
60
90
162
220
240
217
156
79
26
0
0
0
0
21
68
143
209
237
220
161
88
54
83
152
212
231
200
132
61
18
4
1
1
1
4
18
61
131
200
229
206
142
74
49
87
161
220
240
217
156
79
26
0
0
0
0
21
68
143
209
237
220
161
86
44
62
126
195
229
213
153
78
27
6
1
1
1
6
27
78
153
213
228
191
120
56
41
85
161
220
240
217
156
79
26
0
0
0
0
21
68
143
209
237
220
161
84
37
44
101
174
222
222
173
98
38
9
2
1
2
9
38
98
173
222
222
172
99
42
36
84
161
220
240
217
156
79
26
0
0
0
0
21
68
143
209
237
220
161
83
33
31
77
150
210
227
192
122
54
15
3
1
3
15
54
122
192
227
210
150
77
31
33
83
161
220
240
217
156
79
26
0
0
0
0
21
68
143
209
237
220
160
83
30
22
57
124
194
228
209
147
74
25
5
2
5
25
74
147
209
228
194
124
57
22
30
83
160
220
240
217
156
79
26
0
0
0
0
21
68
143
209
237
220
160
83
29
16
40
100
173
222
221
171
98
37
9
3
9
37
98
172
221
222
173
100
40
16
29
83
160
220
240
217
156
79
26
0
0
0
0
21
68
143
209
237
220
160
83
29
12
27
77
149
210
228
193
123
54
15
5
15
54
123
193
228
210
149
77
27
12
29
83
160
220
240
217
156
79
26
0
0
0
0
21
68
143
209
237
220
160
83
29
10
18
56
124
194
228
210
148
75
25
9
24
75
148
210
228
194
124
56
18
10
29
83
160
220
240
217
156
79
26
0
0
0
0
21
68
143
209
237
220
160
83
29
9
12
40
99
173
222
222
173
99
38
16
38
99
173
222
221
173
99
40
12
9
29
83
160
220
240
217
156
79
26
0
0
0
0
21
68
143
209
237
220
160
83
29
8
8
27
76
149
210
228
194
123
54
28
56
125
194
228
210
149
76
27
8
8
29
83
160
220
240
217
156
79
26
0
0
0
0
21
68
143
209
237
220
160
83
29
8
6
18
56
124
193
227
209
145
73
43
76
149
211
228
193
124
56
18
6
8
29
83
160
220
240
217
156
79
26
0
0
0
0
21
68
143
209
237
220
160
83
29
7
5
12
40
99
172
220
219
166
95
63
99
170
221
221
172
99
40
12
5
7
29
83
160
220
240
217
156
79
26
0
0
0
0
21
68
143
209
237
220
160
83
28
7
4
8
27
76
149
209
224
187
123
91
125
189
225
209
149
76
27
8
4
7
28
83
160
220
240
217
156
79
26
0
0
0
0
21
68
143
209
237
220
160
83
28
7
4
5
18
56
124
192
225
207
157
129
158
208
225
192
124
56
18
5
4
7
28
83
160
220
240
217
156
79
26
0
0
0
0
21
68
143
209
237
220
160
83
28
7
3
4
11
39
99
171
220
224
194
174
194
224
220
171
99
39
11
4
3
7
28
83
160
220
240
217
156
79
26
0
0
0
0
21
68
143
209
237
220
160
83
28
7
3
3
7
26
75
148
209
233
225
215
225
233
209
148
75
26
7
3
3
7
28
83
160
220
240
217
156
79
26
0
0
0
0
21
68
143
209
237
220
160
83
28
7
3
3
5
17
54
122
192
233
242
241
242
233
192
122
54
17
5
3
3
7
28
83
160
220
240
217
155
79
26
0
0
0
0
21
67
142
208
236
219
160
83
28
7
2
2
3
11
38
97
171
225
247
250
247
225
171
97
38
11
3
2
2
7
28
82
160
219
239
216
155
78
26
0
0
0
0
21
67
142
208
235
218
159
82
28
7
2
2
2
7
25
73
146
210
242
250
242
210
146
73
25
7
2
2
2
7
28
82
159
218
238
215
154
78
26
0
0
0
0
20
67
140
204
230
213
156
81
28
7
2
1
2
4
16
53
120
190
231
242
231
190
120
53
16
4
2
1
2
7
28
81
156
214
233
211
152
77
26
0
0
0
0
19
61
126
183
206
191
140
73
26
6
2
1
1
3
9
35
90
155
200
214
200
155
90
35
9
3
1
1
2
6
26
73
140
191
208
190
137
70
24
0
0
0
0
14
44
91
132
149
138
101
53
19
5
2
1
1
2
5
20
56
104
140
152
140
104
56
20
5
2
1
1
2
5
19
53
101
138
151
137
99
51
17
0
0
0
0
7
22
46
66
75
70
51
27
9
2
1
1
1
1
2
9
25
49
69
76
69
49
25
9
2
1
1
1
1
2
9
27
51
70
76
69
50
26
9
0
0
0
0
0
0
0
0
0
0
0
0
0
0
0
0
0
0
0
0
0
0
0
0
0
0
0
0
0
0
0
0
0
0
0
0
0
0
0
0
0
0
0
0
0
0
0
0
0
0
0
0
0
0
0
0
0
0
0
0
0
0
0
0
0
0
0
0
0
0
0
0
0
0
0
0
0
0
0
0
0
0
0
0
0
0
0
0
