43
37
0
0
0
0
0
0
0
0
0
0
0
0
0
0
0
0
0
0
0
0
0
0
0
0
0
0
0
0
0
0
0
0
0
0
0
0
0
0
0
0
0
0
0
0
0
0
0
0
0
0
0
0
0
0
0
0
0
0
0
0
0
0
0
0
0
0
0
0
0
0
0
0
0
0
0
0
0
0
0
0
0
0
0
0
0
0
0
0
6
19
39
56
65
67
67
66
58
41
20
7
2
1
1
1
1
0
0
0
0
0
1
1
1
1
2
7
20
41
58
66
67
67
66
59
42
22
7
0
0
0
0
13
41
86
125
144
149
149
146
131
96
52
19
5
2
1
1
1
0
0
0
0
0
1
1
1
2
5
19
52
96
131
146
149
149
145
129
94
48
16
0
0
0
0
19
60
125
181
209
216
217
214
197
153
89
36
10
3
1
1
1
1
0
0
0
1
1
1
1
3
10
36
89
153
197
214
217
216
211
188
135
69
23
0
0
0
0
20
66
140
204
236
244
245
244
231
191
124
57
18
4
2
1
1
1
0
0
0
1
1
1
2
4
18
57
124
191
231
244
245
245
238
211
152
77
26
0
0
0
0
21
67
142
209
242
250
250
250
243
215
156
83
30
8
2
1
1
1
0
0
0
1
1
1
2
8
30
83
155
215
243
250
250
250
244
216
155
78
26
0
0
0
0
21
68
143
209
242
247
244
243
244
229
183
112
47
14
3
2
1
1
1
0
1
1
1
2
3
13
46
110
182
229
243
243
244
248
244
217
155
78
26
0
0
0
0
21
68
143
209
240
239
227
223
231
234
204
140
68
22
5
2
1
1
1
0
1
1
1
2
5
21
65
137
202
233
231
223
227
240
243
217
156
79
26
0
0
0
0
21
68
143
209
237
229
204
192
208
228
218
165
92
34
9
2
1
1
1
0
1
1
1
2
9
34
89
162
216
227
208
192
204
229
240
217
156
79
26
0
0
0
0
21
68
143
209
236
222
184
160
179
215
225
188
118
52
15
4
2
1
1
1
1
1
2
4
15
52
117
187
224
215
178
160
184
223
239
217
156
79
26
0
0
0
0
21
68
143
209
236
220
172
134
149
197
226
208
147
75
26
6
2
1
1
1
1
1
2
6
26
75
147
207
225
195
147
133
172
220
239
217
156
79
26
0
0
0
0
21
68
143
209
237
219
165
116
123
177
222
222
175
103
42
12
3
1
1
1
1
1
3
12
42
103
175
221
218
171
118
114
165
220
239
217
156
79
26
0
0
0
0
21
68
143
209
237
219
163
104
101
154
211
229
199
133
63
20
5
1
1
1
1
1
5
20
63
133
199
226
204
144
93
101
163
220
240
217
156
79
26
0
0
0
0
21
68
143
209
237
220
162
96
80
127
192
228
217
162
89
34
8
2
1
1
1
2
8
33
89
162
216
223
182
115
72
93
162
220
240
217
156
79
26
0
0
0
0
21
68
143
209
237
220
161
91
62
98
167
219
227
188
117
51
15
3
1
1
1
3
15
51
117
188
225
212
156
87
56
89
161
220
240
217
156
79
26
0
0
0
0
21
68
143
209
237
220
161
87
48
71
137
201
229
208
144
71
23
5
1
1
1
5
23
71
144
207
228
196
129
64
45
86
161
220
240
217
156
79
26
0
0
0
0
21
68
143
209
237
220
161
85
39
48
106
178
223
220
169
95
36
9
2
1
2
9
36
95
168
220
222
175
103
46
37
84
161
220
240
217
156
79
26
0
0
0
0
21
68
143
209
237
220
160
84
33
32
78
149
209
226
192
122
55
16
3
1
3
16
55
122
192
226
209
149
77
31
33
83
160
220
240
217
156
79
26
0
0
0
0
21
68
143
209
237
220
160
83
30
21
54
119
189
225
211
152
79
28
6
2
6
28
79
152
211
225
189
119
54
21
30
83
160
220
240
217
156
79
26
0
0
0
0
21
68
143
209
237
220
160
83
29
14
35
90
163
216
223
180
108
44
12
4
12
45
108
180
223
216
163
90
35
14
29
83
160
220
240
217
156
79
26
0
0
0
0
21
68
143
209
237
220
160
83
29
11
22
65
134
199
227
203
138
67
21
8
21
67
138
203
227
199
134
65
22
11
29
83
160
220
240
217
156
79
26
0
0
0
0
21
68
143
209
237
220
160
83
29
9
14
43
104
176
222
219
168
94
36
16
36
95
168
219
222
176
104
43
14
9
29
83
160
220
240
217
156
79
26
0
0
0
0
21
68
143
209
237
220
160
83
29
9
9
28
76
148
208
226
193
123
55
29
57
125
194
227
208
148
76
28
9
9
29
83
160
220
240
217
156
79
26
0
0
0
0
21
68
143
209
237
220
160
83
29
8
6
17
53
118
188
225
210
150
79
48
82
154
213
225
188
118
53
17
6
8
29
83
160
220
240
217
156
79
26
0
0
0
0
21
68
143
209
237
220
160
83
28
7
4
10
34
89
162
215
221
175
108
76
111
179
223
215
162
89
34
10
4
7
28
83
160
220
240
217
156
79
26
0
0
0
0
21
68
143
209
237
220
160
83
28
7
4
6
21
63
133
198
224
199
146
116
147
201
225
198
132
63
21
6
4
7
28
83
160
220
240
217
156
79
26
0
0
0
0
21
68
143
209
237
220
160
83
28
7
3
4
13
42
103
174
220
220
188
166
188
220
220
174
103
42
13
4
3
7
28
83
160
220
240
217
156
79
26
0
0
0
0
21
68
143
209
237
220
160
83
28
7
3
3
8
26
74
146
207
231
223
213
223
231
207
146
74
26
8
3
3
7
28
83
160
220
240
217
155
79
26
0
0
0
0
21
68
143
209
237
219
160
83
28
7
3
3
5
16
51
116
186
230
242
241
242
230
186
116
51
16
5
3
3
7
28
83
160
220
239
217
155
78
26
0
0
0
0
21
67
142
208
236
218
159
82
28
7
2
2
3
9
32
87
159
218
244
250
244
218
159
87
32
9
3
2
2
7
28
83
159
219
238
216
155
78
26
0
0
0
0
20
66
140
204
230
213
156
81
28
7
2
2
2
5
19
60
128
195
233
243
233
195
128
60
19
5
2
2
2
7
28
81
156
214
233
211
152
77
26
0
0
0
0
19
60
125
181
204
189
138
72
25
6
2
1
1
3
10
38
93
157
199
212
199
157
93
38
10
3
1
1
2
6
25
73
138
189
206
187
135
69
23
0
0
0
0
13
41
86
125
141
130
95
50
18
4
1
1
1
2
5
20
54
99
133
144
133
99
54
20
5
2
1
1
1
4
18
50
96
131
142
129
94
48
16
0
0
0
0
6
19
39
56
64
59
43
23
8
2
1
1
1
1
2
8
22
42
59
64
59
42
22
8
2
1
1
1
1
2
8
23
43
59
64
59
42
22
7
0
0
0
0
0
0
0
0
0
0
0
0
0
0
0
0
0
0
0
0
0
0
0
0
0
0
0
0
0
0
0
0
0
0
0
0
0
0
0
0
0
0
0
0
0
0
0
0
0
0
0
0
0
0
0
0
0
0
0
0
0
0
0
0
0
0
0
0
0
0
0
0
0
0
0
0
0
0
0
0
0
0
0
0
0
0
0
0
