43
49
0
0
0
0
0
0
0
0
0
0
0
0
0
0
0
0
0
0
0
0
0
0
0
0
0
0
0
0
0
0
0
0
0
0
0
0
0
0
0
0
0
0
0
0
0
0
0
0
0
0
0
0
0
0
0
0
0
0
0
0
0
0
0
0
0
0
0
0
0
0
0
0
0
0
0
0
0
0
0
0
0
0
0
0
0
0
0
0
4
12
24
35
41
42
42
41
36
25
12
4
1
1
1
1
0
0
0
0
0
0
0
1
1
1
1
4
12
25
36
41
42
42
41
37
26
14
5
0
0
0
0
9
30
62
90
103
107
107
105
92
65
33
11
3
1
1
1
1
0
0
0
0
0
1
1
1
1
3
11
33
65
92
105
107
107
105
93
67
34
12
0
0
0
0
16
50
105
151
174
180
181
177
159
116
62
22
6
2
1
1
1
0
0
0
0
0
1
1
1
2
6
22
62
116
159
177
181
180
176
157
114
58
20
0
0
0
0
20
64
132
192
221
229
230
226
208
159
91
36
9
3
1
1
1
0
0
0
0
0
1
1
1
3
9
36
91
159
208
226
230
229
224
199
144
74
25
0
0
0
0
21
67
141
206
238
247
248
246
231
187
117
51
15
4
2
1
1
1
0
0
0
1
1
1
2
4
15
51
117
187
231
246
247
247
240
213
153
78
26
0
0
0
0
21
67
142
208
241
250
251
251
241
206
140
68
22
5
2
1
1
1
0
0
0
1
1
1
2
5
22
68
140
206
241
250
251
250
244
216
154
78
26
0
0
0
0
21
67
142
209
242
251
252
252
246
221
163
89
33
8
2
1
1
1
0
0
0
1
1
1
2
8
32
88
162
221
246
252
252
251
245
217
155
78
26
0
0
0
0
21
68
143
209
242
249
248
248
247
231
183
111
46
13
3
2
1
1
1
0
0
1
1
1
3
12
44
109
182
231
247
248
248
250
245
217
155
78
26
0
0
0
0
21
68
143
209
241
243
236
234
240
236
201
133
61
19
4
2
1
1
1
0
1
1
1
2
4
17
58
129
198
235
239
234
236
244
244
217
155
78
26
0
0
0
0
21
68
143
209
239
234
217
212
225
235
213
152
77
26
6
2
1
1
1
0
1
1
1
2
6
24
74
148
210
233
224
211
217
235
241
217
155
79
26
0
0
0
0
21
68
143
209
237
226
199
186
205
228
221
170
95
36
9
2
1
1
1
0
1
1
1
2
9
35
93
167
219
227
204
185
199
227
239
217
156
79
26
0
0
0
0
21
68
143
209
236
222
184
161
182
218
226
186
115
48
14
3
1
1
1
0
1
1
1
3
14
48
114
185
225
217
182
161
184
222
239
217
156
79
26
0
0
0
0
21
68
143
209
236
220
174
141
159
205
228
202
137
65
20
5
2
1
1
1
1
1
2
5
21
65
137
202
227
204
158
140
174
220
239
217
156
79
26
0
0
0
0
21
68
143
209
236
219
168
124
138
190
227
215
159
84
30
7
2
1
1
1
1
1
2
7
30
84
159
215
225
188
135
123
167
219
239
217
156
79
26
0
0
0
0
21
68
143
209
237
219
164
113
120
176
223
225
179
106
43
11
3
1
1
1
1
1
3
11
43
106
179
224
219
169
114
110
164
220
240
217
156
79
26
0
0
0
0
21
68
143
209
237
219
163
105
104
159
215
231
197
128
58
17
4
1
1
1
1
1
4
17
58
128
197
228
208
148
95
101
162
220
240
217
156
79
26
0
0
0
0
21
68
143
209
237
220
162
99
88
140
203
232
212
151
77
26
6
2
1
1
1
2
6
26
77
151
211
227
193
127
79
95
162
220
240
217
156
79
26
0
0
0
0
21
68
143
209
237
220
162
94
73
118
186
228
223
172
98
38
10
2
1
1
1
2
10
38
98
172
221
222
174
105
65
91
162
220
240
217
156
79
26
0
0
0
0
21
68
143
209
237
220
162
90
60
96
166
220
230
191
119
52
14
3
1
1
1
3
14
52
119
191
227
213
154
85
54
88
161
220
240
217
156
79
26
0
0
0
0
21
68
143
209
237
220
161
87
50
76
144
207
232
206
139
66
21
4
1
1
1
4
21
66
139
205
229
201
134
67
46
86
161
220
240
217
156
79
26
0
0
0
0
21
68
143
209
237
220
161
85
42
57
121
191
229
216
157
82
28
6
2
1
2
6
28
82
157
216
227
187
115
53
40
85
161
220
240
217
156
79
26
0
0
0
0
21
68
143
209
237
220
161
84
36
42
98
172
222
223
175
100
39
10
2
1
2
10
39
100
175
223
221
170
96
41
35
84
161
220
240
217
156
79
26
0
0
0
0
21
68
143
209
237
220
161
83
32
31
77
150
211
228
193
122
53
15
3
1
3
15
53
122
193
228
211
150
77
31
32
83
161
220
240
217
156
79
26
0
0
0
0
21
68
143
209
237
220
160
83
31
22
59
127
196
228
208
144
71
23
5
2
5
23
71
144
208
228
196
127
59
22
31
83
160
220
240
217
156
79
26
0
0
0
0
21
68
143
209
237
220
160
83
30
17
43
105
178
224
220
166
92
34
8
2
8
34
92
166
220
224
178
105
43
17
30
83
160
220
240
217
156
79
26
0
0
0
0
21
68
143
209
237
219
160
83
29
13
31
84
158
215
227
186
114
47
12
4
12
47
114
186
227
215
158
84
31
13
29
83
160
220
240
217
156
79
26
0
0
0
0
21
68
143
209
237
220
160
83
29
11
22
65
136
202
229
203
137
64
19
6
19
64
137
203
229
202
136
65
22
11
29
83
160
220
240
217
156
79
26
0
0
0
0
21
68
143
209
237
220
160
83
29
10
15
49
113
185
226
216
159
84
29
11
29
84
159
216
226
185
113
49
15
10
29
83
160
220
240
217
156
79
26
0
0
0
0
21
68
143
209
237
220
160
83
29
9
11
35
91
165
219
225
180
107
43
19
43
107
181
225
219
165
91
35
11
9
29
83
160
220
240
217
156
79
26
0
0
0
0
21
68
143
209
237
220
160
83
29
8
8
24
71
144
207
228
198
128
58
30
60
130
199
229
207
144
71
24
8
8
29
83
160
220
240
217
156
79
26
0
0
0
0
21
68
143
209
237
220
160
83
29
8
6
17
54
122
192
227
210
147
74
44
78
152
213
228
192
122
54
17
6
8
29
83
160
220
240
217
156
79
26
0
0
0
0
21
68
143
209
237
220
160
83
28
7
5
12
40
99
173
221
219
166
94
62
98
171
222
222
173
99
40
12
5
7
28
83
160
220
240
217
156
79
26
0
0
0
0
21
68
143
209
237
220
160
83
28
7
4
8
28
79
152
211
224
184
118
85
121
187
226
211
152
79
28
8
4
7
28
83
160
220
240
217
156
79
26
0
0
0
0
21
68
143
209
237
220
160
83
28
7
4
6
19
60
130
197
226
203
148
117
149
203
226
197
130
60
19
6
4
7
28
83
160
220
240
217
156
79
26
0
0
0
0
21
68
143
209
237
220
160
83
28
7
3
4
13
44
107
180
224
219
181
157
181
219
224
180
107
44
13
4
3
7
28
83
160
220
240
217
156
79
26
0
0
0
0
21
68
143
209
237
220
160
83
28
7
3
4
9
32
86
160
216
231
213
198
213
231
216
160
86
32
9
4
3
7
28
83
160
220
240
217
156
79
26
0
0
0
0
21
68
143
209
237
220
160
83
28
7
3
3
6
22
66
138
204
235
236
230
236
235
204
138
66
22
6
3
3
7
28
83
160
220
240
217
155
79
26
0
0
0
0
21
68
143
209
237
220
160
83
28
7
3
3
4
14
49
115
187
232
246
247
246
232
187
115
49
14
4
3
3
7
28
83
160
220
239
217
155
78
26
0
0
0
0
21
67
142
208
236
219
160
83
28
7
2
2
3
10
35
92
167
223
247
252
247
223
167
92
35
10
3
2
2
7
28
83
160
219
239
216
155
78
26
0
0
0
0
21
67
142
208
235
218
159
82
28
7
2
2
2
6
24
72
144
209
242
250
242
209
144
72
24
6
2
2
2
7
28
82
159
218
238
215
154
78
26
0
0
0
0
21
67
141
205
232
215
157
82
28
7
2
1
2
4
16
53
121
192
233
245
233
192
121
53
16
4
2
1
2
7
28
82
157
215
235
213
153
78
26
0
0
0
0
20
64
132
191
216
200
147
77
27
7
2
1
1
3
10
37
96
164
210
225
210
164
96
37
10
3
1
1
2
7
27
77
147
200
218
199
144
74
25
0
0
0
0
16
50
105
151
170
158
116
61
21
5
2
1
1
2
6
23
65
120
161
175
161
120
65
23
6
2
1
1
2
5
21
61
116
158
172
157
114
58
20
0
0
0
0
9
30
62
90
101
94
69
36
13
3
1
1
1
1
3
12
34
67
93
103
93
67
34
12
3
1
1
1
1
3
13
36
69
94
103
93
67
34
12
0
0
0
0
4
12
24
35
40
37
27
14
5
1
1
1
1
1
2
4
13
25
36
40
36
25
13
4
2
1
1
1
1
1
5
14
27
37
41
37
26
14
5
0
0
0
0
0
0
0
0
0
0
0
0
0
0
0
0
0
0
0
0
0
0
0
0
0
0
0
0
0
0
0
0
0
0
0
0
0
0
0
0
0
0
0
0
0
0
0
0
0
0
0
0
0
0
0
0
0
0
0
0
0
0
0
0
0
0
0
0
0
0
0
0
0
0
0
0
0
0
0
0
0
0
0
0
0
0
0
0
