37
43
0
0
0
0
0
0
0
0
0
0
0
0
0
0
0
0
0
0
0
0
0
0
0
0
0
0
0
0
0
0
0
0
0
0
0
0
0
0
0
0
0
0
0
0
0
0
0
0
0
0
0
0
0
0
0
0
0
0
0
0
0
0
0
0
0
0
0
0
0
0
0
0
0
0
0
0
7
22
48
69
77
79
76
63
39
16
4
1
1
1
0
0
0
0
0
1
1
1
4
16
39
63
76
79
78
71
51
26
8
0
0
0
0
13
45
95
137
154
157
152
129
83
35
10
2
1
1
0
0
0
0
0
1
1
2
10
35
83
129
152
158
155
141
102
51
16
0
0
0
0
18
62
132
189
214
219
213
186
127
59
17
4
1
1
1
0
0
0
1
1
1
4
17
59
127
186
213
219
215
195
142
70
22
0
0
0
0
19
68
146
211
239
245
241
218
159
81
26
6
2
1
1
0
0
0
1
1
2
6
26
81
159
218
241
245
241
217
157
78
24
0
0
0
0
19
69
149
216
245
251
249
232
182
103
38
9
2
1
1
0
0
0
1
1
2
9
38
103
182
232
249
251
246
222
160
79
24
0
0
0
0
19
69
150
217
245
251
250
240
201
126
53
14
3
1
1
1
0
0
1
1
3
14
52
126
200
240
250
251
247
223
161
79
24
0
0
0
0
19
69
150
217
243
245
243
241
214
149
70
21
4
1
1
1
0
1
1
1
4
20
68
147
213
240
243
245
245
223
161
79
24
0
0
0
0
20
69
150
216
238
231
226
232
222
168
88
29
6
2
1
1
0
1
1
2
6
28
85
165
220
232
226
231
240
222
161
79
24
0
0
0
0
20
69
150
215
232
214
202
216
223
184
107
40
9
2
1
1
0
1
1
2
9
39
104
182
221
215
202
214
233
221
161
79
24
0
0
0
0
20
69
150
215
227
199
177
195
219
197
127
53
14
3
1
1
0
1
1
3
14
53
126
196
218
195
177
199
229
220
161
79
24
0
0
0
0
19
69
150
214
225
189
155
173
212
208
148
70
21
4
1
1
1
1
1
4
21
70
148
208
211
172
155
189
226
220
161
79
24
0
0
0
0
19
69
150
214
224
182
138
153
202
216
169
90
31
7
1
1
1
1
1
7
31
90
169
215
199
150
137
182
226
220
161
79
24
0
0
0
0
19
69
150
215
224
179
126
134
190
220
188
112
44
10
2
1
1
1
2
11
44
112
187
217
184
128
123
178
225
220
161
79
24
0
0
0
0
19
69
150
215
225
177
117
117
175
219
203
135
59
16
3
1
1
1
3
16
59
135
202
214
165
108
113
176
226
221
161
79
24
0
0
0
0
19
69
150
215
225
176
110
100
156
212
214
157
78
24
5
1
1
1
5
24
78
157
212
205
144
90
106
175
226
221
161
79
24
0
0
0
0
19
69
150
215
225
175
104
83
134
200
220
177
98
35
8
2
1
2
8
35
98
177
217
192
122
75
101
175
226
221
161
79
24
0
0
0
0
19
69
150
215
225
175
99
68
111
183
220
193
119
47
11
2
1
2
11
47
119
193
217
176
101
62
97
174
226
220
161
79
24
0
0
0
0
19
69
150
215
224
174
96
56
88
163
215
205
138
61
16
3
1
3
16
61
138
204
213
158
83
52
95
174
226
220
161
79
24
0
0
0
0
19
69
150
214
224
174
93
46
68
141
205
212
157
77
23
4
1
4
23
77
156
212
204
139
66
45
93
173
225
220
161
79
24
0
0
0
0
19
69
150
214
224
173
92
40
51
118
191
216
175
97
34
7
2
7
34
97
175
216
191
118
51
39
92
173
225
220
161
79
24
0
0
0
0
19
69
150
214
224
173
91
36
38
96
174
216
192
119
47
11
3
11
47
119
192
216
174
96
38
36
91
173
225
220
161
79
24
0
0
0
0
19
69
150
214
224
173
91
33
28
76
154
210
205
142
64
18
5
18
64
142
205
210
154
76
28
33
91
173
225
220
161
79
24
0
0
0
0
19
69
150
214
224
173
91
32
21
58
132
200
214
164
84
27
9
27
84
164
214
200
132
58
21
32
91
173
225
220
161
79
24
0
0
0
0
19
69
150
214
224
173
91
32
16
43
109
185
217
184
106
40
16
39
106
184
217
185
109
43
16
32
91
173
225
220
161
79
24
0
0
0
0
19
69
150
214
224
173
91
31
13
31
88
166
215
199
129
55
26
55
129
200
215
166
88
31
13
31
91
173
225
220
161
79
24
0
0
0
0
19
69
150
214
224
173
91
31
10
22
68
145
207
210
151
73
40
75
153
211
207
145
68
22
10
31
91
173
225
220
161
79
24
0
0
0
0
19
69
150
214
224
173
91
31
9
15
51
123
194
216
170
93
57
96
174
217
195
123
51
15
9
31
91
173
225
220
161
79
24
0
0
0
0
19
69
150
214
224
173
91
30
8
10
37
100
178
215
186
114
78
118
190
217
178
100
37
10
8
30
91
173
225
220
161
79
24
0
0
0
0
19
69
150
214
224
173
91
30
7
7
26
80
158
211
200
140
105
142
202
212
158
80
26
7
7
30
91
173
225
220
161
79
24
0
0
0
0
19
69
150
214
224
173
91
30
7
5
18
61
136
202
211
170
141
171
212
202
136
61
18
5
7
30
91
173
225
220
161
79
24
0
0
0
0
19
69
150
214
224
173
91
30
7
4
12
45
113
188
219
202
182
202
219
188
113
45
12
4
7
30
91
173
225
220
161
79
24
0
0
0
0
19
69
150
214
224
173
91
30
7
3
8
32
91
170
220
227
219
227
220
170
91
32
8
3
7
30
91
173
225
220
161
79
24
0
0
0
0
19
69
150
214
224
173
91
30
6
3
5
22
70
149
214
239
241
239
214
149
70
22
5
3
6
30
91
173
225
220
161
79
24
0
0
0
0
19
69
149
214
223
173
91
30
6
2
3
14
53
126
200
240
249
240
200
126
53
14
3
2
6
30
90
173
225
220
160
79
24
0
0
0
0
19
69
149
213
222
172
90
30
6
2
2
9
38
103
182
232
247
232
182
103
38
9
2
2
6
30
90
172
224
219
160
78
24
0
0
0
0
19
68
146
208
217
168
89
29
6
2
2
6
26
80
159
218
237
218
159
80
26
6
2
2
6
29
89
168
219
214
157
78
24
0
0
0
0
18
62
132
187
194
151
80
27
6
1
1
4
17
58
128
187
208
187
128
58
17
4
1
1
6
27
80
151
196
192
142
70
22
0
0
0
0
13
45
95
135
140
109
58
20
4
1
1
2
10
35
84
130
147
130
84
35
10
2
1
1
4
20
58
109
141
139
102
51
16
0
0
0
0
7
22
48
68
71
55
29
10
2
1
1
1
4
16
39
63
73
63
39
16
4
1
1
1
2
10
29
55
71
70
51
26
8
0
0
0
0
0
0
0
0
0
0
0
0
0
0
0
0
0
0
0
0
0
0
0
0
0
0
0
0
0
0
0
0
0
0
0
0
0
0
0
0
0
0
0
0
0
0
0
0
0
0
0
0
0
0
0
0
0
0
0
0
0
0
0
0
0
0
0
0
0
0
0
0
0
0
0
0
