31
37
0
0
0
0
0
0
0
0
0
0
0
0
0
0
0
0
0
0
0
0
0
0
0
0
0
0
0
0
0
0
0
0
0
0
0
0
0
0
0
0
0
0
0
0
0
0
0
0
0
0
0
0
0
0
0
0
0
0
0
0
0
0
0
0
14
35
55
64
64
56
38
16
4
1
1
1
0
0
0
1
1
1
4
16
38
57
64
64
57
38
16
0
0
0
0
33
81
126
146
147
132
91
41
11
2
1
1
0
0
0
1
1
2
11
41
91
132
148
147
130
87
37
0
0
0
0
47
118
184
213
216
197
144
71
21
4
1
1
1
0
1
1
1
4
21
71
144
197
216
215
189
127
54
0
0
0
0
52
132
206
240
245
230
179
98
33
6
1
1
1
0
1
1
1
6
33
98
179
230
245
241
212
141
60
0
0
0
0
53
134
210
244
250
241
201
123
48
11
2
1
1
0
1
1
2
11
47
123
201
241
250
246
216
144
60
0
0
0
0
53
134
210
242
245
241
214
147
65
17
3
1
1
1
1
1
3
16
64
146
214
240
245
244
216
144
60
0
0
0
0
53
134
208
234
229
228
219
167
85
25
5
1
1
1
1
1
4
24
82
165
218
228
230
236
214
144
60
0
0
0
0
53
134
206
223
206
205
214
183
105
36
7
2
1
1
1
2
7
35
103
181
213
205
207
225
212
144
60
0
0
0
0
53
133
204
215
185
179
203
194
126
50
11
2
1
1
1
2
11
49
125
193
203
178
185
217
211
144
60
0
0
0
0
53
133
204
210
169
154
190
202
149
68
18
3
1
1
1
3
18
68
148
201
188
153
169
212
210
144
60
0
0
0
0
53
134
204
209
160
135
174
206
170
90
28
5
1
1
1
5
28
89
169
203
169
131
159
211
211
144
60
0
0
0
0
53
134
205
209
154
119
157
205
189
113
42
9
2
1
2
9
42
113
187
199
149
113
153
211
211
144
60
0
0
0
0
53
134
205
209
151
105
137
196
201
138
58
15
3
2
3
15
58
137
198
189
127
99
150
211
211
144
60
0
0
0
0
53
134
205
209
148
92
114
181
207
159
77
23
4
2
4
23
77
158
204
173
105
88
147
211
211
144
60
0
0
0
0
53
134
205
209
146
81
91
161
206
177
97
32
7
2
7
32
97
176
203
155
85
79
145
211
211
144
60
0
0
0
0
53
134
205
209
144
73
71
138
199
190
117
44
10
3
10
44
117
189
198
135
68
72
144
211
211
144
60
0
0
0
0
53
134
205
209
143
67
54
113
186
198
138
60
15
5
15
60
138
198
186
113
53
67
143
210
211
144
60
0
0
0
0
53
134
205
209
142
63
40
89
168
202
160
79
24
8
24
80
160
202
168
89
40
63
143
210
211
144
60
0
0
0
0
53
134
205
209
142
61
31
68
147
201
179
102
35
13
36
102
179
201
147
68
31
61
142
210
211
144
60
0
0
0
0
53
134
205
209
142
61
24
50
124
192
193
126
51
21
51
126
193
192
124
50
24
61
143
210
211
144
60
0
0
0
0
53
134
205
209
143
61
21
36
101
178
201
149
70
35
70
149
201
178
101
36
21
61
143
210
211
144
60
0
0
0
0
53
134
205
209
143
61
18
25
79
159
203
169
92
54
94
171
203
159
79
25
18
61
143
210
211
144
60
0
0
0
0
53
134
205
209
143
60
17
17
59
137
197
184
114
75
117
187
198
137
59
17
17
60
143
210
211
144
60
0
0
0
0
53
134
205
209
143
60
16
12
43
113
185
194
138
101
141
196
186
114
43
12
16
60
143
210
211
144
60
0
0
0
0
53
134
205
209
142
60
16
8
30
90
169
200
167
137
168
201
169
90
30
8
16
60
143
210
211
144
60
0
0
0
0
53
134
205
209
142
60
16
6
20
69
149
202
199
181
199
202
149
69
20
6
16
60
143
210
211
144
60
0
0
0
0
53
134
205
209
142
60
16
5
13
51
126
197
222
220
222
197
126
51
13
5
16
60
143
210
211
144
60
0
0
0
0
53
133
205
208
142
60
15
4
9
36
102
183
230
241
230
183
102
36
9
4
15
60
142
210
211
144
60
0
0
0
0
53
133
204
208
142
60
15
4
6
24
80
162
224
244
224
162
80
24
6
4
15
60
142
210
210
143
60
0
0
0
0
52
131
200
204
139
59
15
4
4
16
59
138
208
234
208
138
59
16
4
4
15
59
140
206
207
141
59
0
0
0
0
47
118
179
182
125
53
14
3
3
10
41
106
174
202
174
106
41
10
3
3
14
53
125
183
184
127
54
0
0
0
0
32
81
123
125
86
37
10
2
2
5
23
64
113
134
113
64
23
5
2
2
10
37
86
126
127
87
37
0
0
0
0
14
35
54
55
37
16
4
1
1
2
9
26
48
57
48
26
9
2
1
1
4
16
37
55
55
38
16
0
0
0
0
0
0
0
0
0
0
0
0
0
0
0
0
0
0
0
0
0
0
0
0
0
0
0
0
0
0
0
0
0
0
0
0
0
0
0
0
0
0
0
0
0
0
0
0
0
0
0
0
0
0
0
0
0
0
0
0
0
0
0
0
