26
28
0
0
0
0
0
0
0
0
0
0
0
0
0
0
0
0
0
0
0
0
0
0
0
0
0
0
0
0
0
0
0
0
0
0
0
0
0
0
0
0
0
0
0
0
0
0
0
0
0
0
0
0
0
0
9
28
52
65
62
43
20
12
19
36
54
66
71
70
64
49
30
15
6
2
1
1
0
0
0
0
20
61
114
144
136
95
51
41
64
100
132
150
157
156
147
123
90
55
26
8
2
1
0
0
0
0
28
87
162
204
194
142
94
97
137
177
201
213
217
218
214
199
169
123
70
28
8
2
0
0
0
0
31
95
178
226
220
179
148
162
194
210
209
206
207
213
224
231
223
189
130
65
21
4
0
0
0
0
31
96
181
232
236
214
197
198
195
174
149
134
133
147
177
214
235
227
182
108
42
10
0
0
0
0
31
96
181
234
245
232
208
177
137
97
67
53
52
67
106
166
218
237
212
144
65
17
0
0
0
0
31
96
181
234
243
219
171
114
66
35
19
12
12
21
52
115
190
233
226
167
83
25
0
0
0
0
31
96
181
233
233
187
116
55
22
9
4
2
3
6
26
82
166
225
231
181
97
32
0
0
0
0
31
96
181
231
222
161
79
26
6
2
1
1
1
3
18
68
153
220
233
188
105
36
0
0
0
0
31
96
181
230
218
150
66
17
3
1
1
1
1
3
16
65
149
218
234
191
109
38
0
0
0
0
31
96
181
230
218
149
64
16
3
1
1
1
1
3
16
64
148
218
234
192
109
38
0
0
0
0
31
96
181
230
218
149
64
16
3
1
1
1
1
3
16
64
148
218
234
192
109
38
0
0
0
0
31
96
181
230
218
148
64
16
3
1
1
1
1
3
16
64
148
218
234
192
109
39
0
0
0
0
31
96
181
230
218
148
64
16
3
1
1
1
1
3
16
64
148
218
234
192
109
39
0
0
0
0
31
96
181
230
218
148
64
16
3
1
1
1
1
3
16
64
148
218
234
192
109
38
0
0
0
0
31
96
181
230
218
148
64
16
3
1
1
1
1
3
16
64
148
218
234
192
109
38
0
0
0
0
31
96
181
230
218
148
64
16
3
1
1
1
1
3
16
64
148
218
234
192
109
38
0
0
0
0
31
96
181
230
218
148
64
16
3
1
1
1
1
3
16
64
148
218
234
192
109
39
0
0
0
0
31
96
181
230
217
148
64
16
3
1
1
1
1
3
16
64
148
217
233
191
109
39
0
0
0
0
31
96
181
229
217
148
64
16
3
1
1
1
1
3
16
64
148
217
233
191
109
38
0
0
0
0
31
95
178
226
213
146
63
16
3
1
1
1
1
3
16
63
146
213
229
188
108
38
0
0
0
0
28
87
162
204
192
132
57
15
2
1
1
1
1
2
15
57
132
193
207
171
98
35
0
0
0
0
20
61
114
144
136
93
41
11
2
1
1
1
1
2
11
41
93
136
146
120
69
25
0
0
0
0
9
28
52
65
62
42
18
5
1
1
1
1
1
1
5
18
42
62
66
55
31
11
0
0
0
0
0
0
0
0
0
0
0
0
0
0
0
0
0
0
0
0
0
0
0
0
0
0
0
0
0
0
0
0
0
0
0
0
0
0
0
0
0
0
0
0
0
0
0
0
0
0
0
0
0
0
