30
32
0
0
0
0
0
0
0
0
0
0
0
0
0
0
0
0
0
0
0
0
0
0
0
0
0
0
0
0
0
0
0
0
0
0
0
0
0
0
0
0
0
0
0
0
0
0
0
0
0
0
0
0
0
0
0
0
0
0
0
0
0
0
13
34
61
80
84
73
49
24
12
17
31
50
69
82
87
88
86
78
60
40
23
11
5
2
1
1
0
0
0
0
25
65
117
151
158
137
93
49
35
52
83
116
143
160
166
167
165
153
130
100
68
38
17
6
2
1
0
0
0
0
33
88
156
203
212
184
130
82
79
112
154
186
207
217
221
222
221
215
199
173
135
89
46
18
5
2
0
0
0
0
36
95
171
222
233
207
160
126
137
175
206
220
222
222
222
225
230
235
235
224
197
150
93
43
14
4
0
0
0
0
36
96
173
226
240
224
194
177
189
208
211
198
182
172
170
174
189
212
233
241
232
200
143
78
29
8
0
0
0
0
36
96
173
227
245
239
225
213
207
193
167
134
108
95
92
98
120
158
201
232
243
228
183
113
49
14
0
0
0
0
36
96
174
228
248
247
234
210
177
137
98
65
43
34
32
37
55
97
155
209
239
239
207
141
68
21
0
0
0
0
36
96
174
228
247
242
216
171
118
72
40
21
12
8
8
10
21
52
111
180
228
242
219
160
84
29
0
0
0
0
36
96
174
228
244
228
183
119
63
29
12
6
3
2
2
4
9
29
81
156
217
241
226
173
96
36
0
0
0
0
36
96
174
227
241
215
154
81
31
10
4
2
1
1
1
2
5
21
67
143
209
240
230
181
105
41
0
0
0
0
36
96
174
227
239
207
140
65
20
5
2
1
1
1
1
2
4
18
62
137
206
239
232
184
109
44
0
0
0
0
36
96
174
227
238
206
137
61
18
4
2
1
1
1
1
2
4
18
61
136
206
239
232
185
110
44
0
0
0
0
36
96
174
227
238
205
136
61
18
4
2
1
1
1
1
2
4
18
61
136
206
239
232
185
110
44
0
0
0
0
36
96
174
227
238
205
136
61
17
4
2
1
1
1
1
2
4
17
61
136
206
239
232
185
110
45
0
0
0
0
36
96
174
227
238
205
136
61
17
4
2
1
1
1
1
2
4
17
61
136
206
239
232
185
110
45
0
0
0
0
36
96
174
227
238
205
136
61
17
4
2
1
1
1
1
2
4
17
61
136
206
239
232
185
110
45
0
0
0
0
36
96
174
227
238
205
136
61
17
4
2
1
1
1
1
2
4
17
61
136
206
239
232
185
110
45
0
0
0
0
36
96
174
227
238
205
136
61
17
4
2
1
1
1
1
2
4
17
61
136
206
239
232
185
110
45
0
0
0
0
36
96
174
227
238
205
136
61
17
4
2
1
1
1
1
2
4
17
61
136
206
239
232
185
110
45
0
0
0
0
36
96
173
227
238
205
136
61
17
4
2
1
1
1
1
2
4
17
61
136
206
239
232
185
110
45
0
0
0
0
36
96
173
227
238
205
136
61
17
4
2
1
1
1
1
2
4
17
61
136
206
239
232
185
110
45
0
0
0
0
36
96
173
227
238
205
136
61
17
4
2
1
1
1
1
2
4
17
61
136
206
239
232
185
110
45
0
0
0
0
36
96
173
226
238
205
136
61
17
4
2
1
1
1
1
2
4
17
61
136
205
239
232
185
110
44
0
0
0
0
36
96
173
226
237
204
136
61
17
4
2
1
1
1
1
2
4
17
61
136
204
238
231
184
110
44
0
0
0
0
36
95
171
222
233
201
134
60
17
4
2
1
1
1
1
2
4
17
60
134
201
233
227
182
109
44
0
0
0
0
33
88
156
203
212
183
122
55
16
4
2
1
1
1
1
2
4
16
55
122
183
213
207
166
100
41
0
0
0
0
25
65
117
151
158
137
91
41
12
3
1
1
1
1
1
1
3
12
41
91
137
159
154
124
75
31
0
0
0
0
13
34
61
80
84
72
48
22
7
2
1
1
1
1
1
1
2
7
22
48
72
84
81
65
39
16
0
0
0
0
0
0
0
0
0
0
0
0
0
0
0
0
0
0
0
0
0
0
0
0
0
0
0
0
0
0
0
0
0
0
0
0
0
0
0
0
0
0
0
0
0
0
0
0
0
0
0
0
0
0
0
0
0
0
0
0
0
0
