30
28
0
0
0
0
0
0
0
0
0
0
0
0
0
0
0
0
0
0
0
0
0
0
0
0
0
0
0
0
0
0
0
0
0
0
0
0
0
0
0
0
0
0
0
0
0
0
0
0
0
0
0
0
0
0
0
0
0
0
0
0
0
0
11
29
51
66
69
60
41
20
11
15
27
43
58
68
72
73
72
65
51
35
21
11
4
2
1
1
0
0
0
0
23
61
109
141
148
128
88
48
36
53
81
110
135
150
155
156
154
144
123
96
67
40
18
7
2
1
0
0
0
0
32
86
153
199
208
183
132
88
87
119
156
184
201
210
213
214
215
210
197
174
141
97
54
22
7
2
0
0
0
0
36
95
170
222
234
212
170
142
151
181
203
208
205
203
202
205
214
224
230
225
204
164
108
54
19
5
0
0
0
0
36
96
173
227
242
231
208
193
194
197
186
165
144
133
131
136
154
184
215
235
235
212
161
95
39
11
0
0
0
0
36
96
174
228
247
243
228
207
182
152
119
88
66
55
53
58
77
116
168
215
239
235
198
132
62
19
0
0
0
0
36
96
174
228
247
241
215
172
124
82
51
31
19
14
13
16
28
60
117
183
229
241
217
157
81
28
0
0
0
0
36
96
174
228
244
227
181
117
64
31
15
7
4
3
3
4
9
31
82
157
217
241
226
173
96
36
0
0
0
0
36
96
174
227
240
213
151
79
30
10
4
2
1
1
1
2
5
20
66
142
209
240
231
181
105
42
0
0
0
0
36
96
174
227
238
207
139
64
19
5
2
1
1
1
1
2
4
18
62
137
206
239
232
185
109
44
0
0
0
0
36
96
174
227
238
206
136
61
18
4
2
1
1
1
1
2
4
18
61
136
206
239
232
185
110
44
0
0
0
0
36
96
174
227
238
205
136
61
17
4
2
1
1
1
1
2
4
17
61
136
206
239
232
185
110
45
0
0
0
0
36
96
174
227
238
205
136
61
17
4
2
1
1
1
1
2
4
17
61
136
206
239
232
185
110
45
0
0
0
0
36
96
174
227
238
205
136
61
17
4
2
1
1
1
1
2
4
17
61
136
206
239
232
185
110
45
0
0
0
0
36
96
174
227
238
205
136
61
17
4
2
1
1
1
1
2
4
17
61
136
206
239
232
185
110
45
0
0
0
0
36
96
174
227
238
205
136
61
17
4
2
1
1
1
1
2
4
17
61
136
206
239
232
185
110
45
0
0
0
0
36
96
173
227
238
205
136
61
17
4
2
1
1
1
1
2
4
17
61
136
206
239
232
185
110
45
0
0
0
0
36
96
173
227
238
205
136
61
17
4
2
1
1
1
1
2
4
17
61
136
206
239
232
185
110
45
0
0
0
0
36
96
173
227
238
205
136
61
17
4
2
1
1
1
1
2
4
17
61
136
205
239
232
185
110
45
0
0
0
0
36
96
173
226
237
205
136
61
18
4
2
1
1
1
1
2
4
18
61
136
205
238
231
185
110
45
0
0
0
0
36
95
170
221
232
201
134
60
17
4
2
1
1
1
1
2
4
17
60
134
201
233
227
181
108
44
0
0
0
0
32
86
153
199
208
180
120
54
16
4
2
1
1
1
1
2
4
16
54
120
180
209
204
164
98
40
0
0
0
0
23
61
109
141
148
128
85
39
11
3
1
1
1
1
1
1
3
11
39
85
128
148
144
116
70
29
0
0
0
0
11
29
51
66
69
60
40
18
6
2
1
1
1
1
1
1
2
6
18
40
60
69
67
54
33
13
0
0
0
0
0
0
0
0
0
0
0
0
0
0
0
0
0
0
0
0
0
0
0
0
0
0
0
0
0
0
0
0
0
0
0
0
0
0
0
0
0
0
0
0
0
0
0
0
0
0
0
0
0
0
0
0
0
0
0
0
0
0
