30
36
0
0
0
0
0
0
0
0
0
0
0
0
0
0
0
0
0
0
0
0
0
0
0
0
0
0
0
0
0
0
0
0
0
0
0
0
0
0
0
0
0
0
0
0
0
0
0
0
0
0
0
0
0
0
0
0
0
0
0
0
0
0
7
18
32
42
44
38
26
12
5
6
12
22
34
43
46
47
45
40
28
17
9
4
2
1
1
1
0
0
0
0
17
44
79
103
107
93
63
30
16
22
40
65
90
106
112
113
111
100
78
52
30
15
6
2
1
1
0
0
0
0
28
73
130
168
176
152
103
55
40
60
95
132
161
179
185
186
184
172
147
114
78
44
19
6
2
1
0
0
0
0
34
91
162
209
219
190
133
84
81
118
162
196
216
227
230
231
230
224
208
182
143
93
47
17
5
2
0
0
0
0
36
96
172
223
234
207
157
122
135
176
211
227
230
230
230
232
236
240
239
227
199
150
90
40
12
3
0
0
0
0
36
96
173
225
239
220
187
170
186
212
221
212
197
187
185
190
203
223
239
243
231
196
137
71
26
7
0
0
0
0
36
96
173
227
244
236
220
211
212
208
188
157
130
115
112
119
141
177
215
239
243
224
175
105
43
12
0
0
0
0
36
96
174
228
247
246
237
222
199
166
126
88
61
48
46
52
74
119
175
221
242
238
200
132
61
18
0
0
0
0
36
96
174
228
248
247
231
198
152
104
63
36
20
13
13
16
31
69
131
195
234
242
214
152
76
25
0
0
0
0
36
96
174
228
247
238
206
152
94
50
24
11
5
4
4
5
13
39
96
169
224
242
223
165
89
32
0
0
0
0
36
96
174
228
243
225
174
106
50
20
8
4
2
2
2
3
7
25
75
151
214
241
228
175
99
38
0
0
0
0
36
96
174
227
240
213
150
76
27
8
3
2
1
1
1
2
5
19
65
141
208
240
231
182
106
42
0
0
0
0
36
96
174
227
238
207
139
64
19
5
2
1
1
1
1
2
4
18
62
137
206
239
232
185
109
44
0
0
0
0
36
96
174
227
238
205
136
61
18
4
2
1
1
1
1
2
4
18
61
136
206
239
232
185
110
44
0
0
0
0
36
96
174
227
238
206
137
61
18
4
2
1
1
1
1
2
4
18
61
136
206
239
232
185
110
44
0
0
0
0
36
96
174
227
238
206
136
61
18
4
2
1
1
1
1
2
4
17
61
136
206
239
232
185
110
44
0
0
0
0
36
96
174
227
238
205
136
61
17
4
2
1
1
1
1
2
4
17
61
136
206
239
232
185
110
45
0
0
0
0
36
96
174
227
238
205
136
61
17
4
2
1
1
1
1
2
4
17
61
136
206
239
232
185
110
45
0
0
0
0
36
96
174
227
238
205
136
61
17
4
2
1
1
1
1
2
4
17
61
136
206
239
232
185
110
45
0
0
0
0
36
96
174
227
238
205
136
61
17
4
2
1
1
1
1
2
4
17
61
136
206
239
232
185
110
45
0
0
0
0
36
96
174
227
238
205
136
61
17
4
2
1
1
1
1
2
4
17
61
136
206
239
232
185
110
45
0
0
0
0
36
96
174
227
238
205
136
61
17
4
2
1
1
1
1
2
4
17
61
136
206
239
232
185
110
45
0
0
0
0
36
96
174
227
238
205
136
61
17
4
2
1
1
1
1
2
4
17
61
136
206
239
232
185
110
45
0
0
0
0
36
96
173
227
238
205
136
61
17
4
2
1
1
1
1
2
4
17
61
136
206
239
232
185
110
45
0
0
0
0
36
96
173
227
238
205
136
61
17
4
2
1
1
1
1
2
4
17
61
136
206
239
232
185
110
45
0
0
0
0
36
96
173
227
238
205
136
61
17
4
2
1
1
1
1
2
4
17
61
136
206
239
232
185
110
45
0
0
0
0
36
96
173
226
237
205
136
61
17
4
2
1
1
1
1
2
4
17
61
136
205
239
232
185
110
44
0
0
0
0
36
96
173
225
236
204
136
61
18
4
2
1
1
1
1
2
4
18
61
136
204
238
231
184
109
44
0
0
0
0
36
96
172
223
234
202
135
61
17
4
2
1
1
1
1
2
4
17
61
135
202
235
228
183
109
44
0
0
0
0
34
91
162
210
219
190
127
57
17
4
2
1
1
1
1
2
4
17
57
127
190
220
214
172
103
42
0
0
0
0
28
73
130
168
176
152
102
46
13
3
1
1
1
1
1
1
3
13
46
102
152
177
172
139
83
34
0
0
0
0
17
44
79
103
107
93
62
28
8
2
1
1
1
1
1
1
2
8
28
62
93
108
105
84
51
21
0
0
0
0
0
0
0
0
0
0
0
0
0
0
0
0
0
0
0
0
0
0
0
0
0
0
0
0
0
0
0
0
0
0
0
0
0
0
0
0
0
0
0
0
0
0
0
0
0
0
0
0
0
0
0
0
0
0
0
0
0
0
