26
32
0
0
0
0
0
0
0
0
0
0
0
0
0
0
0
0
0
0
0
0
0
0
0
0
0
0
0
0
0
0
0
0
0
0
0
0
0
0
0
0
0
0
0
0
0
0
0
0
0
0
0
0
0
0
12
35
63
80
75
53
26
15
24
44
66
81
87
87
78
60
37
19
8
3
1
1
0
0
0
0
23
66
120
151
143
101
55
43
67
105
138
159
166
165
155
129
94
57
26
9
2
1
0
0
0
0
31
88
161
202
192
140
91
92
132
174
203
216
221
221
215
197
164
117
64
25
7
2
0
0
0
0
33
96
176
222
215
170
136
150
188
214
222
222
223
227
233
232
216
177
115
55
17
4
0
0
0
0
33
97
179
227
228
201
183
195
208
202
185
173
172
183
206
229
237
217
164
92
34
8
0
0
0
0
33
97
179
230
240
227
214
202
180
145
113
96
95
111
149
197
231
234
197
126
54
14
0
0
0
0
33
97
180
232
245
234
207
167
119
77
48
35
34
48
89
152
210
236
216
151
72
21
0
0
0
0
33
97
180
232
242
217
167
108
59
29
14
8
9
17
48
111
185
230
224
168
86
28
0
0
0
0
33
97
180
230
231
188
118
57
22
8
4
2
3
7
28
84
164
222
228
178
97
33
0
0
0
0
33
97
180
228
221
163
84
30
8
3
2
1
2
4
21
71
153
217
230
185
105
38
0
0
0
0
33
98
180
227
216
151
70
20
4
2
1
1
1
3
18
67
148
215
230
188
109
40
0
0
0
0
33
98
180
227
215
148
66
18
3
1
1
1
1
3
18
66
148
215
231
189
110
41
0
0
0
0
33
98
180
227
214
148
66
18
3
1
1
1
1
3
18
66
147
215
231
189
110
41
0
0
0
0
33
98
180
227
214
148
66
18
3
1
1
1
1
3
18
66
147
215
230
189
110
41
0
0
0
0
33
98
180
227
214
147
66
18
3
1
1
1
1
3
18
66
147
215
230
189
110
41
0
0
0
0
33
98
180
227
214
147
66
18
3
1
1
1
1
3
18
66
147
215
230
189
110
41
0
0
0
0
33
98
180
227
214
147
66
18
3
1
1
1
1
3
18
66
147
215
230
189
110
41
0
0
0
0
33
98
180
227
214
147
66
18
3
1
1
1
1
3
18
66
147
215
230
189
110
41
0
0
0
0
33
98
180
227
214
147
66
18
3
1
1
1
1
3
18
66
147
215
230
189
110
41
0
0
0
0
33
98
180
227
214
147
66
18
3
1
1
1
1
3
18
66
147
215
230
189
110
41
0
0
0
0
33
98
180
227
214
147
66
18
3
1
1
1
1
3
18
66
147
215
230
189
110
41
0
0
0
0
33
97
180
227
214
147
66
18
3
1
1
1
1
3
18
66
147
215
230
189
110
41
0
0
0
0
33
97
179
226
214
147
66
18
3
1
1
1
1
3
18
66
147
214
230
189
109
40
0
0
0
0
33
97
179
225
213
147
66
18
3
1
1
1
1
3
18
66
147
214
229
188
109
40
0
0
0
0
33
96
176
222
209
145
65
18
3
1
1
1
1
3
18
65
145
210
225
186
108
40
0
0
0
0
31
88
161
202
191
132
60
16
3
1
1
1
1
3
16
60
132
192
206
170
99
37
0
0
0
0
23
66
120
151
142
99
45
13
2
1
1
1
1
2
13
45
99
143
153
127
74
28
0
0
0
0
12
35
63
80
75
52
24
7
2
1
1
1
1
2
7
24
52
76
81
67
39
15
0
0
0
0
0
0
0
0
0
0
0
0
0
0
0
0
0
0
0
0
0
0
0
0
0
0
0
0
0
0
0
0
0
0
0
0
0
0
0
0
0
0
0
0
0
0
0
0
0
0
0
0
0
0
