22
27
0
0
0
0
0
0
0
0
0
0
0
0
0
0
0
0
0
0
0
0
0
0
0
0
0
0
0
0
0
0
0
0
0
0
0
0
0
0
0
0
0
0
0
0
0
0
21
45
62
58
37
18
17
32
52
66
70
67
55
36
18
7
2
1
0
0
0
0
46
99
135
127
84
50
57
91
127
149
156
152
132
98
59
26
8
2
0
0
0
0
65
140
191
182
131
99
121
165
197
212
217
216
204
175
126
69
25
6
0
0
0
0
71
155
213
211
172
156
179
204
209
207
209
218
228
223
188
124
56
16
0
0
0
0
72
157
219
229
210
197
194
178
152
136
138
160
198
227
222
171
93
32
0
0
0
0
72
157
222
240
225
194
153
108
72
55
58
85
141
202
229
200
124
48
0
0
0
0
72
157
222
236
204
147
88
45
22
14
16
37
91
169
221
213
144
62
0
0
0
0
72
157
220
221
167
92
38
13
5
3
4
18
63
144
211
217
157
72
0
0
0
0
72
157
217
208
139
60
17
4
2
2
3
12
52
131
205
219
164
78
0
0
0
0
72
157
215
203
129
50
12
3
1
1
2
11
49
127
203
220
167
81
0
0
0
0
72
157
215
202
127
49
11
2
1
1
2
11
49
127
203
220
167
81
0
0
0
0
72
157
215
202
127
49
11
2
1
1
2
11
49
127
203
220
167
81
0
0
0
0
72
157
215
202
127
49
11
2
1
1
2
11
49
127
203
220
167
81
0
0
0
0
72
157
215
202
127
49
11
2
1
1
2
11
49
127
203
220
167
81
0
0
0
0
72
157
215
202
127
49
11
2
1
1
2
11
49
127
203
220
167
81
0
0
0
0
72
157
215
202
127
49
11
2
1
1
2
11
49
127
203
220
167
81
0
0
0
0
72
157
215
202
127
49
11
2
1
1
2
11
49
127
203
220
167
81
0
0
0
0
72
157
215
202
127
49
11
2
1
1
2
11
49
127
203
220
167
81
0
0
0
0
72
157
215
202
127
49
11
2
1
1
2
11
49
127
203
220
167
81
0
0
0
0
72
156
215
202
127
49
11
2
1
1
2
11
49
127
203
220
167
81
0
0
0
0
71
155
212
199
125
48
11
2
1
1
2
11
48
125
200
216
165
81
0
0
0
0
65
140
191
180
113
44
10
2
1
1
2
10
44
113
180
196
149
74
0
0
0
0
46
99
135
127
80
31
7
2
1
1
2
7
31
80
128
138
105
52
0
0
0
0
0
0
0
0
0
0
0
0
0
0
0
0
0
0
0
0
0
0
0
0
0
0
0
0
0
0
0
0
0
0
0
0
0
0
0
0
0
0
0
0
0
0
