11
35
0
0
0
0
0
0
0
0
0
0
0
0
0
0
0
0
0
0
0
0
0
0
0
0
31
77
123
140
120
71
27
0
0
0
0
44
112
179
204
174
104
38
0
0
0
0
49
125
201
229
195
115
42
0
0
0
0
49
127
205
234
199
117
43
0
0
0
0
49
127
206
234
200
117
43
0
0
0
0
49
127
206
235
200
118
43
0
0
0
0
49
127
206
235
200
118
43
0
0
0
0
49
127
206
235
200
118
43
0
0
0
0
49
127
206
235
200
118
43
0
0
0
0
49
127
206
235
200
118
43
0
0
0
0
49
127
206
235
200
118
43
0
0
0
0
49
127
206
235
200
118
43
0
0
0
0
49
127
206
235
200
118
43
0
0
0
0
49
127
206
235
200
118
43
0
0
0
0
49
127
206
235
200
118
43
0
0
0
0
49
127
206
235
200
118
43
0
0
0
0
49
127
206
235
200
118
43
0
0
0
0
49
127
206
235
200
118
43
0
0
0
0
49
127
206
235
200
118
43
0
0
0
0
49
127
206
235
200
118
43
0
0
0
0
49
127
206
235
200
118
43
0
0
0
0
49
127
206
235
200
118
43
0
0
0
0
49
127
206
235
200
118
43
0
0
0
0
49
127
206
235
200
118
43
0
0
0
0
49
127
206
235
200
118
43
0
0
0
0
49
127
206
235
200
118
43
0
0
0
0
49
127
206
234
200
117
43
0
0
0
0
49
127
205
234
199
117
43
0
0
0
0
49
125
201
229
195
115
42
0
0
0
0
44
112
179
204
174
104
38
0
0
0
0
31
77
123
140
120
71
27
0
0
0
0
0
0
0
0
0
0
0
0
0
0
0
0
0
0
0
0
0
0
0
0
