13
41
0
0
0
0
0
0
0
0
0
0
0
0
0
0
0
0
0
0
0
0
0
0
0
0
0
0
0
0
10
35
79
124
149
147
120
73
30
0
0
0
0
14
48
110
172
206
204
166
100
41
0
0
0
0
15
53
122
192
230
228
184
111
45
0
0
0
0
15
54
124
196
236
233
188
113
46
0
0
0
0
15
54
124
197
237
235
189
113
46
0
0
0
0
15
54
124
197
238
235
189
113
46
0
0
0
0
15
54
124
198
238
235
189
113
46
0
0
0
0
15
54
124
198
238
235
189
113
46
0
0
0
0
15
54
124
198
238
235
189
113
46
0
0
0
0
15
54
124
198
238
235
189
113
46
0
0
0
0
15
54
124
198
238
235
189
113
46
0
0
0
0
15
54
124
198
238
235
189
113
46
0
0
0
0
15
54
124
198
238
235
189
113
46
0
0
0
0
15
54
124
198
238
235
189
113
46
0
0
0
0
15
54
124
198
238
235
189
113
46
0
0
0
0
15
54
124
198
238
235
189
113
46
0
0
0
0
15
54
124
198
238
235
189
113
46
0
0
0
0
15
54
124
198
238
235
189
113
46
0
0
0
0
15
54
124
198
238
235
189
113
46
0
0
0
0
15
54
124
198
238
235
189
113
46
0
0
0
0
15
54
124
198
238
235
189
113
46
0
0
0
0
15
54
124
198
238
235
189
113
46
0
0
0
0
15
54
124
198
238
235
189
113
46
0
0
0
0
15
54
124
198
238
235
189
113
46
0
0
0
0
15
54
124
198
238
235
189
113
46
0
0
0
0
15
54
124
198
238
235
189
113
46
0
0
0
0
15
54
124
198
238
235
189
113
46
0
0
0
0
15
54
124
198
238
235
189
113
46
0
0
0
0
15
54
124
198
238
235
189
113
46
0
0
0
0
15
54
124
198
238
235
189
113
46
0
0
0
0
15
54
124
198
238
235
189
113
46
0
0
0
0
15
54
124
197
238
235
189
113
46
0
0
0
0
15
54
124
197
237
235
189
113
46
0
0
0
0
15
54
124
196
236
233
188
113
46
0
0
0
0
15
53
122
192
230
228
184
111
45
0
0
0
0
14
48
110
172
206
204
166
100
41
0
0
0
0
10
35
79
124
149
147
120
73
30
0
0
0
0
0
0
0
0
0
0
0
0
0
0
0
0
0
0
0
0
0
0
0
0
0
0
0
0
