12
35
0
0
0
0
0
0
0
0
0
0
0
0
0
0
0
0
0
0
0
0
0
0
0
0
0
0
33
75
117
141
139
113
68
28
0
0
0
0
48
108
170
204
202
163
99
41
0
0
0
0
53
122
192
231
228
184
111
45
0
0
0
0
54
124
197
237
234
188
113
46
0
0
0
0
54
124
197
238
235
189
113
46
0
0
0
0
54
124
198
238
235
189
113
46
0
0
0
0
54
124
198
238
235
189
113
46
0
0
0
0
54
124
198
238
235
189
113
46
0
0
0
0
54
124
198
238
235
189
113
46
0
0
0
0
54
124
198
238
235
189
113
46
0
0
0
0
54
124
198
238
235
189
113
46
0
0
0
0
54
124
198
238
235
189
113
46
0
0
0
0
54
124
198
238
235
189
113
46
0
0
0
0
54
124
198
238
235
189
113
46
0
0
0
0
54
124
198
238
235
189
113
46
0
0
0
0
54
124
198
238
235
189
113
46
0
0
0
0
54
124
198
238
235
189
113
46
0
0
0
0
54
124
198
238
235
189
113
46
0
0
0
0
54
124
198
238
235
189
113
46
0
0
0
0
54
124
198
238
235
189
113
46
0
0
0
0
54
124
198
238
235
189
113
46
0
0
0
0
54
124
198
238
235
189
113
46
0
0
0
0
54
124
198
238
235
189
113
46
0
0
0
0
54
124
198
238
235
189
113
46
0
0
0
0
54
124
198
238
235
189
113
46
0
0
0
0
54
124
198
238
235
189
113
46
0
0
0
0
54
124
197
238
235
189
113
46
0
0
0
0
54
124
197
237
234
188
113
46
0
0
0
0
53
122
192
231
228
184
111
45
0
0
0
0
48
108
170
204
202
163
99
41
0
0
0
0
33
75
117
141
139
113
68
28
0
0
0
0
0
0
0
0
0
0
0
0
0
0
0
0
0
0
0
0
0
0
0
0
0
0
