13
47
0
0
0
0
0
0
0
0
0
0
0
0
0
0
0
0
0
0
0
0
0
0
0
0
0
0
0
0
7
24
54
85
101
100
81
49
20
0
0
0
0
12
40
91
142
170
169
137
83
34
0
0
0
0
14
51
115
180
216
214
174
105
43
0
0
0
0
15
54
123
194
233
230
186
112
46
0
0
0
0
15
54
123
196
236
234
188
113
46
0
0
0
0
15
54
124
197
237
235
189
113
46
0
0
0
0
15
54
124
197
238
235
189
113
46
0
0
0
0
15
54
124
198
238
235
189
113
46
0
0
0
0
15
54
124
198
238
235
189
113
46
0
0
0
0
15
54
124
198
238
235
189
113
46
0
0
0
0
15
54
124
198
238
235
189
113
46
0
0
0
0
15
54
124
198
238
235
189
113
46
0
0
0
0
15
54
124
198
238
235
189
113
46
0
0
0
0
15
54
124
198
238
235
189
113
46
0
0
0
0
15
54
124
198
238
235
189
113
46
0
0
0
0
15
54
124
198
238
235
189
113
46
0
0
0
0
15
54
124
198
238
235
189
113
46
0
0
0
0
15
54
124
198
238
235
189
113
46
0
0
0
0
15
54
124
198
238
235
189
113
46
0
0
0
0
15
54
124
198
238
235
189
113
46
0
0
0
0
15
54
124
198
238
235
189
113
46
0
0
0
0
15
54
124
198
238
235
189
113
46
0
0
0
0
15
54
124
198
238
235
189
113
46
0
0
0
0
15
54
124
198
238
235
189
113
46
0
0
0
0
15
54
124
198
238
235
189
113
46
0
0
0
0
15
54
124
198
238
235
189
113
46
0
0
0
0
15
54
124
198
238
235
189
113
46
0
0
0
0
15
54
124
198
238
235
189
113
46
0
0
0
0
15
54
124
198
238
235
189
113
46
0
0
0
0
15
54
124
198
238
235
189
113
46
0
0
0
0
15
54
124
198
238
235
189
113
46
0
0
0
0
15
54
124
198
238
235
189
113
46
0
0
0
0
15
54
124
198
238
235
189
113
46
0
0
0
0
15
54
124
198
238
235
189
113
46
0
0
0
0
15
54
124
198
238
235
189
113
46
0
0
0
0
15
54
124
198
238
235
189
113
46
0
0
0
0
15
54
124
197
238
235
189
113
46
0
0
0
0
15
54
124
197
237
235
189
113
46
0
0
0
0
15
54
123
196
236
234
188
113
46
0
0
0
0
15
54
123
194
233
230
186
112
46
0
0
0
0
14
51
115
180
216
214
174
105
43
0
0
0
0
12
40
91
142
170
169
137
83
34
0
0
0
0
7
24
54
85
101
100
81
49
20
0
0
0
0
0
0
0
0
0
0
0
0
0
0
0
0
0
0
0
0
0
0
0
0
0
0
0
0
