11
41
0
0
0
0
0
0
0
0
0
0
0
0
0
0
0
0
0
0
0
0
0
0
0
0
33
81
128
145
124
75
29
0
0
0
0
46
112
177
201
172
104
41
0
0
0
0
51
125
198
224
192
115
44
0
0
0
0
51
127
202
229
196
117
45
0
0
0
0
52
127
203
231
197
118
45
0
0
0
0
52
128
204
231
197
118
45
0
0
0
0
52
128
204
231
197
118
45
0
0
0
0
52
128
204
231
197
118
45
0
0
0
0
52
128
204
231
197
118
45
0
0
0
0
52
128
204
231
197
118
45
0
0
0
0
52
128
204
231
197
118
45
0
0
0
0
52
128
204
231
197
118
45
0
0
0
0
52
128
204
231
197
118
45
0
0
0
0
52
128
204
231
197
118
45
0
0
0
0
52
128
204
231
197
118
45
0
0
0
0
52
128
204
231
197
118
45
0
0
0
0
52
128
204
231
197
118
45
0
0
0
0
52
128
204
231
197
118
45
0
0
0
0
52
128
204
231
197
118
45
0
0
0
0
52
128
204
231
197
118
45
0
0
0
0
52
128
204
231
197
118
45
0
0
0
0
52
128
204
231
197
118
45
0
0
0
0
52
128
204
231
197
118
45
0
0
0
0
52
128
204
231
197
118
45
0
0
0
0
52
128
204
231
197
118
45
0
0
0
0
52
128
204
231
197
118
45
0
0
0
0
52
128
204
231
197
118
45
0
0
0
0
52
128
204
231
197
118
45
0
0
0
0
52
128
204
231
197
118
45
0
0
0
0
52
128
204
231
197
118
45
0
0
0
0
52
128
204
231
197
118
45
0
0
0
0
52
128
204
231
197
118
45
0
0
0
0
52
127
203
231
197
118
45
0
0
0
0
51
127
202
229
196
117
45
0
0
0
0
51
125
198
224
192
115
44
0
0
0
0
46
112
177
201
172
104
41
0
0
0
0
33
81
128
145
124
75
29
0
0
0
0
0
0
0
0
0
0
0
0
0
0
0
0
0
0
0
0
0
0
0
0
