11
35
0
0
0
0
0
0
0
0
0
0
0
0
0
0
0
0
0
0
0
0
0
0
0
0
20
61
111
132
107
56
18
0
0
0
0
30
89
162
192
156
81
26
0
0
0
0
33
99
181
215
175
91
28
0
0
0
0
33
100
184
219
178
92
29
0
0
0
0
33
100
185
219
178
92
29
0
0
0
0
33
101
185
219
178
92
29
0
0
0
0
33
101
185
219
178
92
29
0
0
0
0
33
101
185
219
178
92
29
0
0
0
0
33
101
185
219
178
92
29
0
0
0
0
33
101
185
219
178
92
29
0
0
0
0
33
101
185
219
178
92
29
0
0
0
0
33
101
185
219
178
92
29
0
0
0
0
33
101
185
219
178
92
29
0
0
0
0
33
101
185
219
178
92
29
0
0
0
0
33
101
185
219
178
92
29
0
0
0
0
33
101
185
219
178
92
29
0
0
0
0
33
101
185
219
178
92
29
0
0
0
0
33
101
185
219
178
92
29
0
0
0
0
33
101
185
219
178
92
29
0
0
0
0
33
101
185
219
178
92
29
0
0
0
0
33
101
185
219
178
92
29
0
0
0
0
33
101
185
219
178
92
29
0
0
0
0
33
101
185
219
178
92
29
0
0
0
0
33
101
185
219
178
92
29
0
0
0
0
33
101
185
219
178
92
29
0
0
0
0
33
101
185
219
178
92
29
0
0
0
0
33
100
185
219
178
92
29
0
0
0
0
33
100
184
219
178
92
29
0
0
0
0
33
99
181
215
175
91
28
0
0
0
0
30
89
162
192
156
81
26
0
0
0
0
20
61
111
132
107
56
18
0
0
0
0
0
0
0
0
0
0
0
0
0
0
0
0
0
0
0
0
0
0
0
0
