17
27
0
0
0
0
0
0
0
0
0
0
0
0
0
0
0
0
0
0
0
0
0
0
0
0
0
0
0
0
0
0
0
0
0
0
0
0
9
28
52
65
63
46
24
16
25
44
60
67
60
0
0
0
0
20
61
114
144
139
103
63
54
79
114
141
150
132
0
0
0
0
28
87
161
204
199
157
118
120
153
187
207
209
182
0
0
0
0
31
95
177
227
228
199
177
183
199
205
205
199
171
0
0
0
0
31
96
180
232
241
229
213
200
179
153
135
126
107
0
0
0
0
31
96
181
233
246
234
203
158
111
74
55
48
41
0
0
0
0
31
96
181
233
241
213
155
92
47
23
13
11
9
0
0
0
0
31
96
181
232
231
183
106
45
15
5
3
2
2
0
0
0
0
31
96
181
231
224
164
80
25
5
2
1
1
1
0
0
0
0
31
96
181
231
222
158
73
20
4
1
1
1
0
0
0
0
0
31
96
181
231
222
157
73
20
3
1
1
0
0
0
0
0
0
31
96
181
231
222
157
73
20
3
1
1
0
0
0
0
0
0
31
96
181
231
222
157
73
20
3
1
1
0
0
0
0
0
0
31
96
181
231
222
157
73
20
3
1
1
0
0
0
0
0
0
31
96
181
231
222
157
73
20
3
1
1
0
0
0
0
0
0
31
96
181
231
222
157
73
20
3
1
1
0
0
0
0
0
0
31
96
181
231
222
157
73
20
3
1
1
0
0
0
0
0
0
31
96
181
231
222
157
73
20
3
1
1
0
0
0
0
0
0
31
96
180
230
222
157
72
20
3
1
1
0
0
0
0
0
0
31
96
180
229
221
157
72
20
3
1
1
0
0
0
0
0
0
31
95
177
226
217
155
72
20
4
1
1
0
0
0
0
0
0
28
87
161
204
196
140
66
18
3
1
1
0
0
0
0
0
0
20
61
114
144
139
99
46
13
3
1
1
0
0
0
0
0
0
0
0
0
0
0
0
0
0
0
0
0
0
0
0
0
0
0
0
0
0
0
0
0
0
0
0
0
0
0
0
0
0
