20
31
0
0
0
0
0
0
0
0
0
0
0
0
0
0
0
0
0
0
0
0
0
0
0
0
0
0
0
0
0
0
0
0
0
0
0
0
0
0
0
0
0
0
15
37
64
81
83
71
47
25
18
27
46
67
81
84
75
52
0
0
0
0
28
71
121
153
157
134
93
57
52
75
109
139
158
160
142
98
0
0
0
0
37
95
162
205
211
183
136
103
110
143
178
203
215
214
188
131
0
0
0
0
40
103
178
225
234
211
177
159
172
197
213
219
220
215
188
131
0
0
0
0
41
104
180
229
242
231
213
205
207
206
193
178
169
162
142
98
0
0
0
0
41
104
181
231
247
244
233
218
195
163
129
104
92
86
75
52
0
0
0
0
41
105
181
231
248
245
226
190
143
97
61
40
32
30
26
18
0
0
0
0
41
105
181
231
246
234
197
140
82
42
20
11
8
7
6
4
0
0
0
0
41
105
181
231
242
218
162
93
41
15
6
3
2
2
2
1
0
0
0
0
41
105
181
230
239
206
140
67
22
7
3
2
1
1
1
1
0
0
0
0
41
105
181
230
237
202
131
58
17
4
2
1
1
1
1
1
0
0
0
0
41
105
181
230
237
201
130
57
16
4
2
1
1
0
0
0
0
0
0
0
41
105
181
230
237
201
130
57
16
4
2
1
1
0
0
0
0
0
0
0
41
105
181
230
237
201
130
57
16
4
2
1
1
0
0
0
0
0
0
0
41
105
181
230
237
201
130
57
16
4
2
1
1
0
0
0
0
0
0
0
41
105
181
230
237
201
130
57
16
4
2
1
1
0
0
0
0
0
0
0
41
105
181
230
237
201
130
57
16
4
2
1
1
0
0
0
0
0
0
0
41
105
181
230
237
201
130
57
16
4
2
1
1
0
0
0
0
0
0
0
41
105
181
230
237
201
130
57
16
4
2
1
1
0
0
0
0
0
0
0
41
105
181
230
237
201
130
57
16
4
2
1
1
0
0
0
0
0
0
0
41
105
181
230
237
201
130
57
16
4
2
1
1
0
0
0
0
0
0
0
41
105
181
230
237
201
130
57
16
4
2
1
1
0
0
0
0
0
0
0
41
104
181
229
237
201
130
57
16
4
2
1
1
0
0
0
0
0
0
0
41
104
180
228
236
200
129
57
16
4
2
1
1
0
0
0
0
0
0
0
40
103
177
225
232
197
128
56
16
4
2
1
1
0
0
0
0
0
0
0
37
95
162
205
211
180
117
52
15
4
2
1
1
0
0
0
0
0
0
0
28
71
121
153
157
134
88
39
11
3
1
1
1
0
0
0
0
0
0
0
0
0
0
0
0
0
0
0
0
0
0
0
0
0
0
0
0
0
0
0
0
0
0
0
0
0
0
0
0
0
0
0
0
0
0
0
0
0
