19
27
0
0
0
0
0
0
0
0
0
0
0
0
0
0
0
0
0
0
0
0
0
0
0
0
0
0
0
0
0
0
0
0
0
0
0
0
0
0
0
0
12
31
53
67
69
59
39
21
16
24
40
56
67
70
62
0
0
0
0
26
66
113
143
147
126
88
56
53
74
104
131
147
150
132
0
0
0
0
37
93
160
201
208
183
140
110
117
146
176
197
207
205
180
0
0
0
0
40
103
177
225
235
216
187
171
179
195
201
201
200
194
170
0
0
0
0
41
104
180
230
244
236
221
208
197
181
159
140
130
124
108
0
0
0
0
41
105
181
231
247
243
225
195
157
117
83
62
53
49
43
0
0
0
0
41
105
181
231
246
234
199
145
91
52
29
17
13
12
10
0
0
0
0
41
105
181
230
242
218
162
94
43
17
7
4
3
2
2
0
0
0
0
41
105
181
230
238
206
139
66
22
6
3
1
1
1
1
0
0
0
0
41
105
181
230
237
202
131
58
17
4
2
1
1
1
0
0
0
0
0
41
105
181
230
237
201
130
57
16
4
2
1
1
0
0
0
0
0
0
41
105
181
230
237
201
130
57
16
4
2
1
1
0
0
0
0
0
0
41
105
181
230
237
201
130
57
16
4
2
1
1
0
0
0
0
0
0
41
105
181
230
237
201
130
57
16
4
2
1
1
0
0
0
0
0
0
41
105
181
230
237
201
130
57
16
4
2
1
1
0
0
0
0
0
0
41
105
181
230
237
201
130
57
16
4
2
1
1
0
0
0
0
0
0
41
105
181
230
237
201
130
57
16
4
2
1
1
0
0
0
0
0
0
41
105
181
230
237
201
130
57
16
4
2
1
1
0
0
0
0
0
0
41
105
181
230
237
201
130
57
16
4
2
1
1
0
0
0
0
0
0
41
104
180
229
236
200
129
57
16
4
2
1
1
0
0
0
0
0
0
40
103
177
224
231
196
127
56
16
4
2
1
1
0
0
0
0
0
0
37
93
160
202
207
176
115
51
15
3
1
1
1
0
0
0
0
0
0
26
66
113
143
147
125
82
36
11
3
1
1
1
0
0
0
0
0
0
0
0
0
0
0
0
0
0
0
0
0
0
0
0
0
0
0
0
0
0
0
0
0
0
0
0
0
0
0
0
0
0
0
0
0
0
