20
35
0
0
0
0
0
0
0
0
0
0
0
0
0
0
0
0
0
0
0
0
0
0
0
0
0
0
0
0
0
0
0
0
0
0
0
0
0
0
0
0
0
0
19
48
82
104
107
91
61
32
23
36
60
86
104
108
96
67
0
0
0
0
31
79
135
170
175
150
103
63
59
86
124
157
176
179
158
110
0
0
0
0
39
98
168
212
218
189
140
106
115
151
188
213
225
222
196
136
0
0
0
0
41
104
179
226
235
211
175
157
173
202
220
227
228
222
195
136
0
0
0
0
41
104
180
229
241
228
209
203
211
215
206
193
185
177
155
107
0
0
0
0
41
104
181
230
246
242
233
224
209
183
151
125
112
106
92
64
0
0
0
0
41
105
181
231
249
248
236
209
169
123
83
57
46
42
37
25
0
0
0
0
41
105
181
231
248
242
216
168
111
64
33
18
12
11
10
7
0
0
0
0
41
105
181
231
245
229
183
119
62
26
11
5
3
3
3
2
0
0
0
0
41
105
181
230
241
214
154
82
32
10
4
2
2
1
1
1
0
0
0
0
41
105
181
230
238
205
136
63
20
5
2
1
1
1
1
1
0
0
0
0
41
105
181
230
237
201
131
58
17
4
2
1
1
1
0
0
0
0
0
0
41
105
181
230
237
201
130
57
16
4
2
1
1
0
0
0
0
0
0
0
41
105
181
230
237
201
130
57
16
4
2
1
1
0
0
0
0
0
0
0
41
105
181
230
237
201
130
57
16
4
2
1
1
0
0
0
0
0
0
0
41
105
181
230
237
201
130
57
16
4
2
1
1
0
0
0
0
0
0
0
41
105
181
230
237
201
130
57
16
4
2
1
1
0
0
0
0
0
0
0
41
105
181
230
237
201
130
57
16
4
2
1
1
0
0
0
0
0
0
0
41
105
181
230
237
201
130
57
16
4
2
1
1
0
0
0
0
0
0
0
41
105
181
230
237
201
130
57
16
4
2
1
1
0
0
0
0
0
0
0
41
105
181
230
237
201
130
57
16
4
2
1
1
0
0
0
0
0
0
0
41
105
181
230
237
201
130
57
16
4
2
1
1
0
0
0
0
0
0
0
41
105
181
230
237
201
130
57
16
4
2
1
1
0
0
0
0
0
0
0
41
105
181
230
237
201
130
57
16
4
2
1
1
0
0
0
0
0
0
0
41
105
181
230
237
201
130
57
16
4
2
1
1
0
0
0
0
0
0
0
41
104
180
229
236
200
129
57
16
4
2
1
1
0
0
0
0
0
0
0
41
104
180
228
236
200
129
56
16
4
2
1
1
0
0
0
0
0
0
0
41
104
179
226
233
198
129
57
16
4
2
1
1
0
0
0
0
0
0
0
39
98
168
212
218
186
121
54
15
4
2
1
1
0
0
0
0
0
0
0
31
79
135
170
175
149
98
43
13
3
1
1
1
0
0
0
0
0
0
0
19
48
82
104
107
91
59
26
8
2
1
1
1
0
0
0
0
0
0
0
0
0
0
0
0
0
0
0
0
0
0
0
0
0
0
0
0
0
0
0
0
0
0
0
0
0
0
0
0
0
0
0
0
0
0
0
0
0
