18
31
0
0
0
0
0
0
0
0
0
0
0
0
0
0
0
0
0
0
0
0
0
0
0
0
0
0
0
0
0
0
0
0
0
0
0
0
0
0
12
35
63
80
77
56
31
21
32
54
74
82
73
48
0
0
0
0
23
66
119
151
146
109
67
58
83
120
149
157
138
90
0
0
0
0
30
88
160
202
197
155
114
115
150
187
209
211
184
120
0
0
0
0
33
96
175
223
222
191
166
175
199
215
219
214
184
120
0
0
0
0
33
97
178
228
236
220
208
206
202
187
173
163
139
90
0
0
0
0
33
97
179
231
244
237
220
193
156
120
98
87
74
48
0
0
0
0
33
97
179
232
245
232
195
143
91
54
36
30
25
16
0
0
0
0
33
97
179
231
239
209
150
86
40
17
9
7
6
4
0
0
0
0
33
97
179
229
229
182
108
46
15
5
3
2
2
1
0
0
0
0
33
97
179
228
222
164
84
28
7
2
1
1
1
1
0
0
0
0
33
97
179
227
219
158
76
23
5
2
1
1
1
1
0
0
0
0
33
97
179
227
219
156
75
22
4
1
1
1
0
0
0
0
0
0
33
97
179
227
219
156
74
22
4
1
1
0
0
0
0
0
0
0
33
97
179
227
219
156
74
22
4
1
1
0
0
0
0
0
0
0
33
97
179
227
219
156
74
22
4
1
1
0
0
0
0
0
0
0
33
97
179
227
219
156
74
22
4
1
1
0
0
0
0
0
0
0
33
97
179
227
219
156
74
22
4
1
1
0
0
0
0
0
0
0
33
97
179
227
219
156
74
22
4
1
1
0
0
0
0
0
0
0
33
97
179
227
219
156
74
22
4
1
1
0
0
0
0
0
0
0
33
97
179
227
219
156
74
22
4
1
1
0
0
0
0
0
0
0
33
97
179
227
219
156
74
22
4
1
1
0
0
0
0
0
0
0
33
97
179
227
219
156
74
22
4
1
1
0
0
0
0
0
0
0
33
97
178
227
218
156
74
22
4
1
1
0
0
0
0
0
0
0
33
97
177
226
217
155
74
22
4
1
1
0
0
0
0
0
0
0
33
96
175
222
214
153
73
22
4
1
1
0
0
0
0
0
0
0
30
88
160
202
195
140
67
20
4
1
1
0
0
0
0
0
0
0
23
66
119
151
145
105
51
15
3
1
1
0
0
0
0
0
0
0
0
0
0
0
0
0
0
0
0
0
0
0
0
0
0
0
0
0
0
0
0
0
0
0
0
0
0
0
0
0
0
0
0
0
