15
27
0
0
0
0
0
0
0
0
0
0
0
0
0
0
0
0
0
0
0
0
0
0
0
0
0
0
0
0
0
0
0
0
20
45
62
60
40
22
23
39
58
64
53
0
0
0
0
45
99
136
131
93
62
70
105
137
145
118
0
0
0
0
64
139
192
189
148
121
139
177
203
202
162
0
0
0
0
70
154
214
220
194
180
190
202
204
193
153
0
0
0
0
71
156
220
236
224
206
186
160
138
123
96
0
0
0
0
71
156
222
241
223
182
131
85
59
47
37
0
0
0
0
71
156
221
233
195
129
68
31
15
11
8
0
0
0
0
71
156
219
220
162
83
30
9
4
2
2
0
0
0
0
71
156
217
211
142
61
16
4
2
1
1
0
0
0
0
71
156
217
208
136
55
14
3
1
1
0
0
0
0
0
71
156
217
208
135
55
13
3
1
1
0
0
0
0
0
71
156
217
208
135
55
13
3
1
1
0
0
0
0
0
71
156
217
208
135
55
13
3
1
1
0
0
0
0
0
71
156
217
208
135
55
13
3
1
1
0
0
0
0
0
71
156
217
208
135
55
13
3
1
1
0
0
0
0
0
71
156
217
208
135
55
13
3
1
1
0
0
0
0
0
71
156
217
208
135
55
13
3
1
1
0
0
0
0
0
71
156
217
208
135
55
13
3
1
1
0
0
0
0
0
71
156
217
207
135
55
13
3
1
1
0
0
0
0
0
71
156
216
207
135
54
13
3
1
1
0
0
0
0
0
70
154
213
204
133
54
13
3
1
1
0
0
0
0
0
64
139
192
184
121
49
12
2
1
1
0
0
0
0
0
45
99
136
130
85
35
9
2
1
1
0
0
0
0
0
0
0
0
0
0
0
0
0
0
0
0
0
0
0
0
0
0
0
0
0
0
0
0
0
0
0
0
0
