25
38
0
0
0
0
0
0
0
0
0
0
0
0
0
0
0
0
0
0
0
0
0
0
0
0
0
0
0
0
0
0
0
0
0
0
0
0
0
0
0
0
0
0
0
0
0
0
0
0
0
0
0
0
1
1
1
3
7
15
28
45
58
63
64
63
59
47
30
17
8
3
1
1
1
0
0
0
0
1
1
4
13
31
57
87
118
139
148
149
148
141
122
92
61
34
14
4
1
1
0
0
0
0
2
5
17
45
86
131
168
196
210
215
215
215
212
199
173
137
92
49
19
5
2
0
0
0
0
5
18
51
104
159
201
222
227
222
216
214
216
221
227
224
205
164
108
53
18
5
0
0
0
0
13
44
103
168
213
231
222
198
169
151
146
150
166
194
220
231
216
170
104
44
13
0
0
0
0
27
80
154
212
232
216
175
126
86
65
60
64
82
121
170
214
232
213
155
81
27
0
0
0
0
48
117
191
230
221
173
109
58
28
16
14
16
26
54
105
171
222
231
192
117
47
0
0
0
0
69
146
209
226
193
124
57
20
6
3
2
3
6
19
57
127
200
233
214
147
67
0
0
0
0
78
149
195
196
152
82
28
7
2
1
1
1
2
7
33
97
179
229
224
166
82
0
0
0
0
60
108
135
130
94
46
14
3
1
1
1
1
1
4
24
82
167
225
229
176
91
0
0
0
0
27
48
59
56
39
18
5
1
1
1
1
1
1
4
23
80
165
225
229
177
93
0
0
0
0
7
12
15
14
9
4
1
1
1
1
1
1
1
5
28
89
173
227
227
171
87
0
0
0
0
1
2
3
2
2
1
1
1
0
1
1
1
2
9
40
109
189
232
220
156
74
0
0
0
0
1
1
1
1
1
1
1
0
0
1
1
1
4
18
64
140
209
234
206
133
57
0
0
0
0
1
1
1
1
1
1
1
0
1
1
1
3
11
41
102
177
226
228
180
103
38
0
0
0
0
0
0
0
0
0
0
0
1
1
1
3
9
33
84
153
211
231
204
140
67
21
0
0
0
0
0
0
0
0
0
1
1
1
1
3
10
32
79
143
201
229
214
161
90
35
9
0
0
0
0
0
0
0
0
1
1
1
1
3
11
34
80
142
198
227
216
170
104
46
14
3
0
0
0
0
0
0
0
1
1
1
1
3
12
37
84
145
200
227
217
172
109
51
17
4
1
0
0
0
0
0
1
1
1
1
1
4
15
42
90
150
202
227
216
171
109
53
18
5
1
1
0
0
0
0
1
1
1
1
2
6
20
51
101
159
206
227
213
168
107
52
18
5
1
1
1
0
0
0
0
1
1
1
3
8
24
60
114
171
213
228
210
163
101
49
18
5
2
1
1
1
0
0
0
0
1
1
3
10
29
68
125
181
220
229
206
157
97
45
16
5
2
1
1
1
0
0
0
0
0
1
3
10
32
75
134
189
223
227
199
148
89
42
15
4
1
1
1
1
0
0
0
0
0
0
3
10
32
78
139
194
226
225
192
138
81
37
13
4
1
1
1
1
0
0
0
0
0
0
0
8
28
74
138
196
227
224
188
131
73
32
11
4
2
1
1
1
1
1
1
1
0
0
0
0
21
64
130
193
228
225
188
129
70
29
11
5
3
2
2
2
2
2
2
2
1
0
0
0
0
47
111
182
227
233
201
141
80
38
21
15
14
14
13
13
13
13
13
13
10
6
0
0
0
0
80
157
217
241
229
185
127
84
65
60
59
59
59
59
59
59
59
58
55
45
25
0
0
0
0
112
190
235
246
235
205
171
151
146
145
145
145
145
145
145
145
145
144
136
109
62
0
0
0
0
130
203
238
245
241
231
220
215
214
214
214
214
214
214
214
214
214
213
202
162
93
0
0
0
0
125
187
213
218
218
217
216
215
215
215
215
215
215
215
215
215
215
214
203
164
94
0
0
0
0
87
128
145
148
149
149
149
149
149
149
149
149
149
149
149
149
149
148
141
114
65
0
0
0
0
38
55
62
64
64
64
64
64
64
64
64
64
64
64
64
64
64
64
61
49
28
0
0
0
0
0
0
0
0
0
0
0
0
0
0
0
0
0
0
0
0
0
0
0
0
0
0
0
0
0
0
0
0
0
0
0
0
0
0
0
0
0
0
0
0
0
0
0
0
0
0
0
0
