30
45
0
0
0
0
0
0
0
0
0
0
0
0
0
0
0
0
0
0
0
0
0
0
0
0
0
0
0
0
0
0
0
0
0
0
0
0
0
0
0
0
0
0
0
0
0
0
0
0
0
0
0
0
0
0
0
0
0
0
0
0
0
0
1
1
1
1
2
4
9
18
31
49
66
76
79
80
80
77
69
53
34
20
11
5
2
1
1
1
0
0
0
0
1
1
1
2
6
16
34
59
86
116
140
154
158
159
158
155
144
121
92
64
38
18
7
2
1
1
0
0
0
0
1
1
3
8
23
50
87
127
161
188
207
216
218
218
218
217
209
192
166
133
94
54
25
9
3
1
0
0
0
0
1
3
8
26
60
107
155
193
218
230
233
231
229
228
229
231
233
231
221
198
161
113
63
27
9
3
0
0
0
0
2
7
23
60
114
169
209
231
236
228
212
195
186
184
185
193
209
226
236
233
213
173
117
61
23
7
0
0
0
0
4
16
48
105
168
214
235
235
217
187
151
123
109
106
108
120
146
181
213
234
236
216
169
105
48
16
0
0
0
0
8
29
79
147
206
235
235
211
169
121
80
53
41
39
40
50
75
115
163
208
235
236
206
148
79
30
0
0
0
0
14
48
111
180
226
238
217
169
110
61
30
15
10
9
10
14
28
56
105
167
218
239
227
181
111
48
0
0
0
0
23
68
139
202
233
228
189
124
62
25
9
4
3
2
2
4
8
23
62
126
193
233
237
203
138
66
0
0
0
0
31
83
152
203
221
204
155
87
34
10
3
2
1
1
1
2
3
10
37
96
171
224
240
216
156
81
0
0
0
0
30
76
131
167
176
156
110
56
19
5
2
1
1
1
1
1
2
6
27
79
156
216
240
223
168
91
0
0
0
0
20
48
81
101
104
90
61
29
9
2
1
1
1
1
1
1
2
5
23
73
149
213
240
226
173
96
0
0
0
0
8
19
32
39
40
34
23
11
3
1
1
1
1
1
1
1
2
5
24
74
150
214
240
226
172
95
0
0
0
0
2
5
8
10
10
8
5
3
1
1
1
1
1
1
1
1
2
7
29
83
160
219
240
222
165
88
0
0
0
0
1
1
2
2
3
2
1
1
1
1
0
0
0
1
1
1
3
11
40
102
176
227
239
213
151
76
0
0
0
0
1
1
1
2
2
1
1
1
1
0
0
0
1
1
1
2
5
19
60
128
197
235
236
200
132
61
0
0
0
0
1
1
1
1
1
1
1
1
1
0
0
1
1
1
1
3
11
36
90
161
217
240
227
178
106
44
0
0
0
0
1
1
1
1
1
1
1
1
0
0
1
1
1
1
3
8
27
69
133
195
232
236
207
147
77
28
0
0
0
0
0
0
0
0
0
0
0
0
0
1
1
1
1
2
8
24
60
117
179
223
237
220
172
106
47
15
0
0
0
0
0
0
0
0
0
0
0
0
1
1
1
1
3
8
24
59
112
171
217
236
225
185
125
64
24
7
0
0
0
0
0
0
0
0
0
0
1
1
1
1
1
3
9
26
61
113
170
214
235
227
191
135
75
31
10
3
0
0
0
0
0
0
0
0
0
1
1
1
1
1
3
10
28
65
117
173
215
235
227
193
139
80
36
12
4
2
0
0
0
0
0
0
0
1
1
1
1
1
2
4
12
31
69
122
177
218
235
227
193
139
82
38
13
4
2
1
0
0
0
0
0
0
1
1
1
1
1
2
5
15
37
76
128
181
220
235
225
190
138
81
38
14
4
2
1
1
0
0
0
0
0
1
1
1
1
1
3
7
19
45
88
139
188
223
235
223
186
133
79
37
13
4
2
1
1
1
0
0
0
0
1
1
1
1
2
3
8
23
53
99
153
198
227
235
220
182
128
74
34
13
4
2
1
1
1
1
0
0
0
0
1
1
1
2
4
10
27
60
109
163
207
232
235
216
176
122
70
31
11
4
2
1
1
1
1
0
0
0
0
0
1
1
2
4
11
30
67
117
171
213
234
233
210
168
114
65
29
11
4
1
1
1
1
0
0
0
0
0
0
0
1
2
4
11
32
71
124
177
217
235
230
204
159
106
58
26
10
3
1
1
1
1
0
0
0
0
0
0
0
0
1
3
10
30
70
126
181
220
236
229
199
151
97
52
22
8
3
1
1
1
1
1
1
1
1
1
0
0
0
0
3
8
26
66
123
181
221
237
228
196
146
91
47
20
8
3
2
1
1
1
1
1
1
1
1
1
0
0
0
0
6
20
56
114
175
219
237
229
197
145
88
44
18
8
4
3
2
2
2
2
2
2
2
2
2
1
0
0
0
0
13
42
97
163
214
238
234
204
152
94
48
23
13
10
9
9
9
9
9
9
9
9
9
8
7
4
0
0
0
0
26
72
140
201
236
243
226
182
125
78
51
42
39
39
38
38
38
38
38
38
38
38
38
35
28
17
0
0
0
0
42
103
175
225
246
245
227
189
147
119
108
106
105
105
105
105
105
105
105
105
105
105
104
97
78
47
0
0
0
0
58
128
197
236
248
248
238
218
198
187
184
183
183
183
183
183
183
183
183
183
183
183
181
170
136
82
0
0
0
0
67
141
205
236
244
245
242
237
231
229
228
228
228
228
228
228
228
228
228
228
228
228
226
212
171
103
0
0
0
0
65
132
188
212
218
219
220
219
219
219
219
219
219
218
218
218
218
218
218
218
218
218
216
203
163
99
0
0
0
0
48
97
136
153
157
158
158
159
159
159
159
159
159
159
159
159
159
159
159
159
159
158
157
147
118
71
0
0
0
0
24
49
69
77
79
79
80
80
80
80
80
80
80
80
80
80
80
80
80
80
80
80
79
74
59
36
0
0
0
0
8
15
22
24
25
25
25
25
25
25
25
25
25
25
25
25
25
25
25
25
25
25
25
23
19
11
0
0
0
0
0
0
0
0
0
0
0
0
0
0
0
0
0
0
0
0
0
0
0
0
0
0
0
0
0
0
0
0
0
0
0
0
0
0
0
0
0
0
0
0
0
0
0
0
0
0
0
0
0
0
0
0
0
0
0
0
0
0
