29
38
0
0
0
0
0
0
0
0
0
0
0
0
0
0
0
0
0
0
0
0
0
0
0
0
0
0
0
0
0
0
0
0
0
0
0
0
0
0
0
0
0
0
0
0
0
0
0
0
0
0
0
0
0
0
0
0
0
0
0
0
1
1
1
2
4
9
17
28
42
56
64
66
66
66
64
57
45
30
18
10
5
2
1
1
1
0
0
0
0
1
1
3
8
19
36
59
84
110
132
144
148
148
148
145
135
115
89
64
40
21
9
3
1
1
0
0
0
0
2
4
12
30
59
96
133
163
187
203
210
212
212
212
211
205
191
168
139
102
64
32
13
4
2
0
0
0
0
4
14
38
78
125
169
201
219
225
222
216
211
210
211
215
221
225
221
205
175
130
81
39
14
4
0
0
0
0
12
36
83
140
189
220
230
224
205
180
158
147
144
146
156
176
201
222
231
222
192
142
83
36
12
0
0
0
0
26
70
134
192
227
233
216
181
141
103
76
64
61
64
74
98
135
177
214
233
228
193
134
70
26
0
0
0
0
46
107
175
222
235
217
173
117
71
40
23
17
15
16
22
37
66
113
171
218
237
223
176
107
46
0
0
0
0
69
137
198
228
223
185
122
63
27
11
5
3
3
3
5
10
25
63
125
191
232
236
203
138
67
0
0
0
0
78
142
188
204
187
140
78
31
9
3
2
1
1
1
2
3
10
36
93
167
222
240
218
159
83
0
0
0
0
61
105
133
139
123
86
43
14
4
2
1
1
1
1
1
2
6
26
77
153
215
240
225
170
93
0
0
0
0
29
49
60
62
54
36
17
6
2
1
1
1
1
1
1
2
5
24
75
151
214
240
226
172
95
0
0
0
0
8
13
16
17
14
10
5
2
1
1
1
1
1
1
1
2
7
29
84
160
219
240
221
164
88
0
0
0
0
2
3
3
3
3
2
1
1
1
1
0
1
1
1
1
3
12
44
106
179
228
239
211
148
74
0
0
0
0
1
1
1
1
1
1
1
1
0
0
0
1
1
1
2
7
25
70
139
203
236
233
192
124
56
0
0
0
0
1
1
1
1
1
1
1
1
0
1
1
1
1
2
6
20
54
112
178
224
237
216
162
92
36
0
0
0
0
0
0
0
0
0
0
0
0
1
1
1
1
2
7
21
52
104
164
213
234
223
181
118
57
20
0
0
0
0
0
0
0
0
0
0
1
1
1
1
1
3
9
26
59
108
164
210
231
223
186
129
70
28
9
0
0
0
0
0
0
0
0
0
1
1
1
1
2
4
13
33
70
120
172
212
229
219
183
129
73
32
11
4
0
0
0
0
0
0
0
1
1
1
1
1
2
6
18
42
83
135
184
218
229
214
175
122
69
31
11
3
2
0
0
0
0
0
1
1
1
1
1
2
4
10
26
56
99
151
196
224
227
206
164
110
61
27
10
3
1
1
0
0
0
0
1
1
1
1
1
3
6
16
39
75
120
168
207
227
223
195
149
98
52
22
8
3
1
1
1
0
0
0
0
1
1
1
2
4
10
24
53
96
144
188
218
229
217
182
133
82
42
18
6
2
1
1
1
1
0
0
0
0
1
1
2
5
14
34
69
116
165
205
227
227
206
167
117
69
33
13
5
2
1
1
1
1
0
0
0
0
0
1
3
7
19
45
85
135
183
216
230
221
192
148
98
55
25
9
3
1
1
1
1
0
0
0
0
0
0
0
3
8
22
53
99
152
197
224
229
212
176
128
80
42
18
7
3
1
1
1
1
0
0
0
0
0
0
0
0
7
23
57
108
163
207
229
228
204
161
110
64
32
13
5
2
1
1
1
1
1
1
1
1
1
0
0
0
0
21
55
109
168
212
233
227
197
150
97
53
25
11
6
4
3
2
2
2
2
2
2
2
2
1
0
0
0
0
47
102
165
213
237
233
203
153
98
56
31
21
17
16
15
15
15
15
15
15
15
15
14
11
7
0
0
0
0
81
149
207
237
244
227
187
137
95
73
64
62
61
61
61
61
61
61
61
61
61
60
56
45
27
0
0
0
0
115
185
230
246
246
233
205
174
154
146
144
144
144
144
144
144
144
144
144
144
143
142
133
107
64
0
0
0
0
135
200
234
243
243
238
228
218
212
210
210
210
210
210
210
210
210
210
210
210
210
208
195
156
94
0
0
0
0
128
183
209
215
216
215
214
213
212
211
211
211
211
211
211
211
211
211
211
211
211
209
196
158
95
0
0
0
0
90
127
143
147
148
148
148
148
148
148
148
148
148
148
148
148
148
148
148
148
148
147
137
110
67
0
0
0
0
40
57
64
66
66
66
66
66
66
66
66
66
66
66
66
66
66
66
66
66
66
65
61
49
30
0
0
0
0
0
0
0
0
0
0
0
0
0
0
0
0
0
0
0
0
0
0
0
0
0
0
0
0
0
0
0
0
0
0
0
0
0
0
0
0
0
0
0
0
0
0
0
0
0
0
0
0
0
0
0
0
0
0
0
0
