31
49
0
0
0
0
0
0
0
0
0
0
0
0
0
0
0
0
0
0
0
0
0
0
0
0
0
0
0
0
0
0
0
0
0
0
0
0
0
0
0
0
0
0
0
0
0
0
0
0
0
0
0
0
0
0
0
0
0
0
0
0
0
0
0
0
1
1
1
1
2
6
13
26
45
69
91
104
108
109
109
106
94
73
49
29
15
7
3
1
1
1
1
0
0
0
0
1
1
1
3
8
20
43
73
105
137
164
178
182
183
183
179
167
143
111
78
47
23
9
3
1
1
1
0
0
0
0
1
1
3
9
25
55
96
139
175
202
220
228
230
230
230
229
222
206
181
146
103
60
27
10
3
1
1
0
0
0
0
1
3
8
25
61
110
160
200
224
236
239
237
235
234
234
236
239
237
227
205
167
116
64
27
9
3
1
0
0
0
0
2
6
21
56
111
168
210
234
240
234
219
203
195
192
194
201
216
232
240
236
214
172
114
57
21
6
2
0
0
0
0
4
13
42
97
161
211
236
239
226
199
165
137
122
119
121
133
160
194
222
238
237
213
163
97
42
13
4
0
0
0
0
7
25
70
138
199
234
239
222
186
140
96
65
51
48
50
62
90
133
180
219
239
234
200
138
70
25
7
0
0
0
0
11
40
98
170
222
240
227
187
131
79
42
22
14
12
13
20
38
73
126
185
227
240
222
171
99
40
11
0
0
0
0
18
58
126
193
232
235
205
146
81
36
14
6
4
3
3
5
13
33
78
145
206
237
234
195
126
57
17
0
0
0
0
27
76
148
208
233
223
177
108
47
15
5
2
2
2
2
2
5
15
48
111
183
230
239
210
147
73
24
0
0
0
0
33
86
154
202
216
197
145
77
28
7
3
1
1
1
1
1
3
8
33
89
165
221
240
219
161
85
30
0
0
0
0
30
75
127
161
168
148
103
51
17
4
2
1
1
1
1
1
2
6
25
77
153
215
240
224
170
93
34
0
0
0
0
19
46
77
95
98
85
57
27
8
2
1
1
1
0
1
1
2
5
23
72
148
212
240
227
174
97
36
0
0
0
0
8
18
30
37
38
33
22
10
3
1
1
1
1
0
1
1
2
5
23
73
149
213
240
226
173
96
36
0
0
0
0
2
5
8
9
10
8
6
3
1
1
1
1
1
1
1
1
2
6
27
80
157
217
240
223
167
90
32
0
0
0
0
1
2
2
3
3
2
2
1
1
1
0
0
0
1
1
1
2
9
35
95
170
224
240
217
156
80
27
0
0
0
0
1
1
2
2
2
2
1
1
1
0
0
0
1
1
1
1
3
14
50
116
188
232
238
206
141
68
22
0
0
0
0
1
1
1
1
1
1
1
1
1
0
0
0
1
1
1
2
6
25
72
144
207
239
233
191
120
53
16
0
0
0
0
1
1
1
1
1
1
1
1
1
0
0
1
1
1
1
4
14
45
105
175
225
241
222
169
96
38
10
0
0
0
0
0
0
0
0
0
0
0
0
0
0
1
1
1
1
3
10
32
79
146
205
237
235
200
137
68
23
6
0
0
0
0
0
0
0
0
0
0
0
0
0
1
1
1
1
2
8
26
66
126
187
228
238
217
166
99
42
13
4
0
0
0
0
0
0
0
0
0
0
0
0
1
1
1
1
2
7
23
59
115
175
220
238
226
185
122
61
22
6
2
0
0
0
0
0
0
0
0
0
0
0
1
1
1
1
2
7
22
56
109
169
215
237
230
196
138
76
31
10
3
2
0
0
0
0
0
0
0
0
0
0
1
1
1
1
2
7
21
54
106
165
212
236
233
203
149
88
39
13
4
2
1
0
0
0
0
0
0
0
0
0
1
1
1
1
2
7
21
52
104
163
211
236
235
207
157
96
46
17
5
2
1
1
0
0
0
0
0
0
0
1
1
1
1
1
2
7
22
53
102
160
209
235
236
211
162
102
50
19
6
2
1
1
1
0
0
0
0
0
0
1
1
1
1
1
3
8
24
57
106
161
208
234
236
212
165
107
54
21
7
2
1
1
1
1
0
0
0
0
0
1
1
1
1
2
3
9
26
61
112
166
210
235
236
213
166
108
57
23
8
3
1
1
1
1
0
0
0
0
0
1
1
1
1
2
4
10
28
64
117
172
214
236
236
214
168
110
57
23
8
3
1
1
1
1
0
0
0
0
0
0
1
1
1
2
4
11
29
66
119
175
217
238
236
213
168
112
59
24
8
3
1
1
1
1
0
0
0
0
0
0
0
1
1
2
4
10
29
67
121
176
218
238
235
211
166
110
59
25
9
3
1
1
1
1
0
0
0
0
0
0
0
0
1
2
3
9
28
66
120
177
218
238
234
209
164
108
58
25
9
3
1
1
1
1
0
0
0
0
0
0
0
0
0
1
3
8
24
61
116
174
218
238
234
208
162
106
56
24
9
3
2
1
1
1
0
0
0
0
0
0
0
0
0
0
2
6
19
53
108
168
215
237
236
210
163
106
56
23
9
4
2
1
1
1
1
1
1
1
1
1
1
0
0
0
0
4
14
42
94
157
209
236
237
214
168
109
57
24
9
4
3
2
1
1
1
1
1
1
1
1
1
1
0
0
0
0
8
29
75
140
199
233
239
220
175
116
61
26
11
6
4
3
3
3
3
3
3
3
3
3
2
2
1
0
0
0
0
17
52
115
181
226
242
231
192
133
75
37
19
14
13
12
12
11
11
11
11
11
11
11
11
9
6
3
0
0
0
0
30
81
152
211
241
244
223
176
119
76
55
49
48
47
47
47
47
47
47
47
47
47
46
44
35
21
9
0
0
0
0
45
109
181
229
247
246
227
191
152
128
120
118
118
118
118
118
118
118
118
118
118
118
116
109
87
53
22
0
0
0
0
59
130
200
237
249
248
239
221
204
195
192
192
192
192
192
192
192
192
192
192
192
192
190
178
143
86
35
0
0
0
0
68
143
207
239
246
247
245
241
236
234
234
234
234
234
234
234
234
234
234
234
234
234
231
217
174
105
43
0
0
0
0
68
139
197
223
229
230
231
231
230
230
230
230
230
230
230
230
230
230
230
230
230
230
228
214
172
104
43
0
0
0
0
55
111
156
177
181
182
182
183
183
183
183
183
183
183
183
183
183
183
183
183
183
182
181
170
136
82
34
0
0
0
0
33
66
93
105
108
108
109
109
109
109
109
109
109
109
109
109
109
109
109
109
109
108
107
101
81
49
20
0
0
0
0
13
26
37
42
43
43
43
43
43
43
43
43
43
43
43
43
43
43
43
43
43
43
43
40
32
19
8
0
0
0
0
0
0
0
0
0
0
0
0
0
0
0
0
0
0
0
0
0
0
0
0
0
0
0
0
0
0
0
0
0
0
0
0
0
0
0
0
0
0
0
0
0
0
0
0
0
0
0
0
0
0
0
0
0
0
0
0
0
0
0
0
