25
44
0
0
0
0
0
0
0
0
0
0
0
0
0
0
0
0
0
0
0
0
0
0
0
0
0
0
0
0
0
0
0
0
0
0
0
0
0
0
0
0
0
0
0
0
0
0
0
0
0
0
0
0
1
1
1
3
8
19
35
56
71
78
79
79
73
58
38
21
10
4
2
1
1
0
0
0
0
1
1
4
12
31
58
91
124
147
157
158
157
149
129
97
64
34
14
5
2
1
0
0
0
0
1
4
14
39
78
124
164
195
212
217
218
218
213
198
170
131
84
42
15
4
1
0
0
0
0
3
13
39
86
142
189
218
231
232
230
229
230
232
232
221
194
148
91
41
13
4
0
0
0
0
9
32
80
143
197
227
233
222
202
189
185
188
200
219
232
229
201
147
81
32
9
0
0
0
0
19
59
126
191
227
231
210
173
136
114
107
112
132
168
206
230
228
192
127
59
19
0
0
0
0
33
91
166
219
232
208
160
106
65
45
39
44
62
101
154
205
231
219
166
91
33
0
0
0
0
51
121
193
229
218
168
103
51
22
12
9
11
20
47
99
166
219
230
194
121
51
0
0
0
0
70
146
209
227
195
127
60
21
7
3
2
3
6
20
59
129
199
231
211
145
68
0
0
0
0
82
156
206
209
164
92
34
9
3
1
1
1
3
9
37
102
180
227
220
162
81
0
0
0
0
74
133
167
162
120
61
20
5
1
1
1
1
1
6
28
86
168
223
225
172
91
0
0
0
0
47
81
100
95
67
32
10
2
1
1
1
1
1
5
24
80
162
221
226
176
95
0
0
0
0
19
32
39
36
25
12
4
1
1
1
1
1
1
5
25
81
163
221
226
175
94
0
0
0
0
5
8
9
9
6
3
1
1
1
1
1
1
1
6
30
90
171
224
223
169
88
0
0
0
0
1
2
3
2
2
1
1
1
0
1
1
1
2
9
39
106
185
228
218
157
77
0
0
0
0
1
1
2
1
1
1
1
0
0
1
1
1
3
15
56
130
202
231
209
140
63
0
0
0
0
1
1
1
1
1
1
1
0
1
1
1
2
7
29
84
160
218
230
192
117
48
0
0
0
0
1
1
1
1
1
1
0
1
1
1
1
4
17
55
122
191
229
220
166
89
32
0
0
0
0
0
0
0
0
0
0
0
1
1
1
3
12
41
96
166
217
229
196
129
59
18
0
0
0
0
0
0
0
0
0
1
1
1
1
3
10
34
82
148
205
229
212
157
87
33
9
0
0
0
0
0
0
0
0
1
1
1
1
2
9
30
74
137
195
227
220
175
109
49
15
4
0
0
0
0
0
0
0
1
1
1
1
2
8
27
68
129
189
225
224
187
125
62
22
6
2
0
0
0
0
0
0
1
1
1
1
2
7
25
63
122
183
223
227
195
136
73
28
8
2
1
0
0
0
0
0
1
1
1
1
2
8
25
62
118
178
220
229
201
146
82
34
10
3
1
1
0
0
0
0
1
1
1
1
3
8
25
63
118
176
218
229
205
153
90
40
13
3
1
1
1
0
0
0
0
1
1
1
3
8
25
63
120
178
219
230
209
158
95
44
15
4
1
1
1
1
0
0
0
0
1
1
3
8
25
62
119
178
220
231
211
163
101
48
17
5
2
1
1
1
0
0
0
0
0
1
2
7
23
60
116
176
219
232
212
165
105
52
19
6
2
1
1
1
0
0
0
0
0
0
2
6
20
55
111
173
217
231
213
167
107
54
21
6
2
1
1
1
0
0
0
0
0
0
0
4
15
46
102
166
214
231
215
170
109
55
21
7
2
1
1
1
1
1
1
1
0
0
0
0
10
35
87
154
208
231
219
176
114
58
23
8
3
2
1
1
1
1
1
1
1
0
0
0
0
23
68
135
197
229
224
185
123
64
26
9
4
3
2
2
2
2
2
2
2
1
0
0
0
0
45
108
179
225
232
200
141
78
35
16
11
9
9
9
9
9
9
9
8
7
4
0
0
0
0
73
147
210
237
226
181
118
70
47
40
39
38
38
38
38
38
38
38
36
29
17
0
0
0
0
101
178
229
243
229
189
144
116
107
106
105
105
105
105
105
105
105
104
99
79
46
0
0
0
0
123
198
238
247
239
218
197
186
184
183
183
183
183
183
183
183
183
182
172
138
80
0
0
0
0
134
204
237
244
242
237
231
229
228
228
228
228
228
228
228
228
228
227
214
172
100
0
0
0
0
126
186
213
219
219
219
219
219
219
219
218
218
218
218
218
218
218
217
205
165
96
0
0
0
0
92
135
154
158
158
159
159
159
159
159
159
159
159
159
159
159
158
157
149
119
69
0
0
0
0
46
68
77
79
80
80
80
80
80
80
80
80
80
80
80
80
79
79
75
60
35
0
0
0
0
0
0
0
0
0
0
0
0
0
0
0
0
0
0
0
0
0
0
0
0
0
0
0
0
0
0
0
0
0
0
0
0
0
0
0
0
0
0
0
0
0
0
0
0
0
0
0
0
