23
37
0
0
0
0
0
0
0
0
0
0
0
0
0
0
0
0
0
0
0
0
0
0
0
0
0
0
0
0
0
0
0
0
0
0
0
0
0
0
0
0
0
0
0
0
0
0
0
0
1
1
4
15
37
68
103
132
146
149
147
134
108
73
40
17
5
1
1
0
0
0
0
1
4
18
49
96
144
182
205
214
215
214
207
186
149
101
53
19
5
1
0
0
0
0
3
15
50
106
166
207
224
223
218
215
217
223
224
210
170
110
51
16
4
0
0
0
0
9
38
97
167
214
226
208
178
156
148
154
175
205
225
216
169
98
38
9
0
0
0
0
20
68
143
207
226
200
150
101
71
62
70
97
144
196
225
208
144
68
20
0
0
0
0
35
99
178
222
208
150
85
40
20
16
19
37
81
147
208
223
179
99
34
0
0
0
0
50
124
196
217
176
101
40
12
4
3
4
12
40
103
182
224
200
124
48
0
0
0
0
57
127
183
187
135
65
19
4
2
1
2
5
22
76
160
219
211
141
59
0
0
0
0
44
93
127
123
84
36
9
2
1
1
1
3
16
64
148
214
215
150
66
0
0
0
0
20
42
56
53
34
14
4
1
1
1
1
3
16
62
146
213
216
151
67
0
0
0
0
5
11
14
13
8
4
1
1
1
1
1
3
19
69
154
216
213
145
62
0
0
0
0
1
2
2
2
2
1
1
1
1
1
2
5
27
86
170
221
206
132
53
0
0
0
0
1
1
1
1
1
1
1
1
1
1
2
10
43
113
191
225
192
112
41
0
0
0
0
1
1
1
1
1
1
1
1
1
2
5
23
73
149
212
220
167
86
28
0
0
0
0
0
0
0
0
0
0
1
1
1
4
16
52
118
188
223
199
130
57
16
0
0
0
0
0
0
0
0
0
1
1
1
3
13
43
101
170
216
213
160
86
30
7
0
0
0
0
0
0
0
0
1
1
1
3
11
39
92
159
210
217
177
108
45
13
3
0
0
0
0
0
0
1
1
1
1
2
10
36
87
153
206
219
186
122
58
18
4
1
0
0
0
0
0
1
1
1
1
3
11
35
84
148
203
220
192
132
67
24
6
2
1
0
0
0
0
1
1
1
1
3
12
37
85
147
201
221
196
138
74
28
8
2
1
1
0
0
0
0
1
1
1
4
13
39
89
151
202
221
198
142
78
31
9
2
1
1
1
0
0
0
0
1
1
3
13
39
90
153
204
222
200
145
81
33
10
3
1
1
1
0
0
0
0
0
1
3
11
37
89
152
204
223
200
146
83
35
10
3
1
1
1
0
0
0
0
0
0
2
9
32
83
149
203
223
200
146
83
35
11
3
1
1
1
0
0
0
0
0
0
0
6
25
71
139
199
224
204
149
85
36
12
4
2
1
1
1
1
1
1
0
0
0
0
16
54
122
189
224
210
157
90
39
13
5
3
2
2
2
2
2
1
1
0
0
0
0
34
94
170
221
223
178
111
54
25
16
14
14
13
13
13
13
12
9
4
0
0
0
0
59
134
205
235
217
164
107
73
62
59
59
59
59
59
59
58
53
38
18
0
0
0
0
83
165
225
242
227
193
162
148
145
145
145
145
145
145
145
143
130
94
46
0
0
0
0
98
180
230
243
238
227
218
214
214
214
214
214
214
214
213
211
192
140
68
0
0
0
0
95
167
207
217
218
217
216
215
215
215
215
215
215
215
215
212
194
141
69
0
0
0
0
66
115
141
148
149
149
149
149
149
149
149
149
149
149
149
147
134
98
48
0
0
0
0
29
50
61
64
64
64
64
64
64
64
64
64
64
64
64
63
58
42
20
0
0
0
0
0
0
0
0
0
0
0
0
0
0
0
0
0
0
0
0
0
0
0
0
0
0
0
0
0
0
0
0
0
0
0
0
0
0
0
0
0
0
0
0
0
0
0
0
