29
37
0
0
0
0
0
0
0
0
0
0
0
0
0
0
0
0
0
0
0
0
0
0
0
0
0
0
0
0
0
0
0
0
0
0
0
0
0
0
0
0
0
0
0
0
0
0
0
0
0
0
0
0
0
0
0
0
0
0
0
0
6
21
43
59
64
65
65
65
65
65
65
65
65
65
64
56
42
26
14
7
3
1
1
1
1
0
0
0
0
14
49
100
136
149
150
151
151
151
151
151
151
151
151
148
137
113
84
56
31
13
4
2
1
1
0
0
0
0
20
71
145
198
217
219
217
216
216
216
216
216
216
216
215
208
192
166
131
89
48
19
6
2
1
0
0
0
0
22
78
162
222
241
237
225
216
213
213
213
213
213
213
215
220
225
221
202
163
109
55
19
5
1
0
0
0
0
23
79
164
226
240
219
181
154
144
143
143
143
143
143
149
165
192
216
228
215
173
107
46
13
3
0
0
0
0
23
79
165
226
234
193
126
78
61
58
58
58
58
58
63
81
117
162
206
229
214
158
83
28
6
0
0
0
0
23
79
165
225
231
181
99
39
18
14
13
13
13
13
16
25
49
94
159
215
231
194
118
46
11
0
0
0
0
23
79
165
225
230
178
93
31
7
3
2
2
2
2
3
6
16
50
118
195
232
212
141
61
16
0
0
0
0
23
79
165
225
231
178
93
30
6
2
1
1
1
1
1
2
7
32
96
181
230
219
152
69
19
0
0
0
0
23
79
165
225
231
178
93
30
6
2
1
1
1
1
1
2
6
30
92
177
228
218
152
69
19
0
0
0
0
23
79
165
225
231
178
93
30
6
2
1
1
1
1
1
3
9
38
105
186
229
211
140
61
16
0
0
0
0
23
79
165
225
231
179
94
31
8
4
3
3
3
3
4
9
24
66
136
204
226
190
114
45
11
0
0
0
0
23
79
165
225
232
184
105
47
25
22
21
21
21
22
25
38
69
120
180
217
207
151
78
26
6
0
0
0
0
23
79
165
226
237
202
144
100
84
82
82
82
82
82
88
108
144
185
211
205
162
98
41
11
3
0
0
0
0
23
79
165
227
244
230
203
183
176
175
175
175
175
175
179
192
213
226
215
173
112
54
18
4
1
0
0
0
0
23
79
165
227
248
245
235
227
225
224
224
224
224
224
226
231
239
238
214
165
105
52
19
5
2
0
0
0
0
23
79
165
227
246
237
217
202
197
196
196
196
196
197
198
203
214
225
221
197
154
101
51
18
4
0
0
0
0
23
79
165
226
239
211
163
127
114
113
112
112
112
113
114
122
143
174
202
217
208
168
106
48
14
0
0
0
0
23
79
165
226
233
188
115
62
42
39
39
39
39
39
40
46
63
96
142
193
223
214
163
91
33
0
0
0
0
23
79
165
225
231
180
96
35
12
9
8
8
8
8
8
10
17
36
77
142
205
230
203
133
58
0
0
0
0
23
79
165
225
231
179
93
30
7
3
2
2
2
2
2
2
4
11
37
99
177
227
223
165
83
0
0
0
0
23
79
165
225
231
178
93
30
6
2
1
1
1
1
1
1
2
4
21
74
156
220
231
184
101
0
0
0
0
23
79
165
225
231
178
93
29
6
2
1
1
0
0
1
1
1
3
17
64
147
216
234
192
109
0
0
0
0
23
79
165
225
231
178
93
29
6
2
1
1
0
0
1
1
1
4
18
66
149
217
234
191
108
0
0
0
0
23
79
165
225
231
178
93
30
6
2
1
1
1
1
1
1
2
7
27
83
164
224
231
183
99
0
0
0
0
23
79
165
225
230
178
93
31
7
3
2
2
2
2
2
3
7
19
53
118
191
232
224
165
83
0
0
0
0
23
79
165
225
231
181
99
39
18
14
13
13
13
13
14
18
31
59
106
167
219
235
206
136
60
0
0
0
0
23
79
165
226
234
193
126
78
61
58
58
58
58
58
59
68
91
130
174
214
234
222
171
97
36
0
0
0
0
23
79
164
226
240
219
181
154
144
143
143
143
143
143
145
153
173
201
224
233
221
182
119
56
17
0
0
0
0
22
78
162
222
241
237
225
216
213
213
213
213
213
213
214
217
223
228
224
206
170
118
62
23
6
0
0
0
0
20
71
145
198
217
219
217
216
216
216
216
216
216
216
216
215
208
193
168
136
95
53
22
7
2
0
0
0
0
14
49
100
136
149
150
151
151
151
151
151
151
151
151
151
148
136
113
85
59
34
15
5
2
1
0
0
0
0
6
21
43
59
64
65
65
65
65
65
65
65
65
65
65
63
56
41
26
15
8
3
1
1
1
0
0
0
0
0
0
0
0
0
0
0
0
0
0
0
0
0
0
0
0
0
0
0
0
0
0
0
0
0
0
0
0
0
0
0
0
0
0
0
0
0
0
0
0
0
0
0
0
0
0
0
0
0
0
0
0
0
0
0
0
