33
43
0
0
0
0
0
0
0
0
0
0
0
0
0
0
0
0
0
0
0
0
0
0
0
0
0
0
0
0
0
0
0
0
0
0
0
0
0
0
0
0
0
0
0
0
0
0
0
0
0
0
0
0
0
0
0
0
0
0
0
0
0
0
0
0
0
0
0
0
10
28
53
71
78
79
80
80
80
80
80
80
80
80
80
80
79
74
62
45
28
17
9
4
2
1
1
1
1
0
0
0
0
20
56
105
141
155
158
158
158
158
158
158
158
158
158
158
159
158
151
135
109
82
57
34
16
7
2
1
1
1
0
0
0
0
27
78
146
195
215
219
219
219
218
218
218
218
218
218
218
218
218
214
203
183
157
125
87
51
24
9
3
1
1
0
0
0
0
30
86
162
218
240
243
239
234
230
228
228
228
228
228
228
228
229
230
231
227
215
193
156
109
61
26
8
2
1
0
0
0
0
30
87
164
222
244
241
224
203
190
185
184
184
184
184
184
184
186
194
209
225
233
230
211
171
115
59
22
6
2
0
0
0
0
30
87
165
223
243
230
192
147
118
108
107
107
106
106
107
107
110
122
147
179
209
230
234
214
167
102
45
14
4
0
0
0
0
30
87
165
223
241
220
164
99
57
42
40
39
39
39
39
39
42
52
75
111
154
199
230
234
205
144
75
27
7
0
0
0
0
30
87
165
223
241
216
153
79
30
13
10
9
9
9
9
9
10
15
27
51
94
155
210
237
226
177
104
42
11
0
0
0
0
30
87
165
223
241
216
152
76
25
7
4
3
2
2
2
2
3
4
8
20
54
117
188
232
235
196
125
55
16
0
0
0
0
30
87
165
223
241
216
152
75
25
6
2
2
1
1
1
1
1
2
4
10
36
95
172
226
237
205
136
62
19
0
0
0
0
30
87
165
223
241
216
152
75
24
6
2
1
1
1
1
1
1
1
3
8
30
86
164
222
237
207
139
64
19
0
0
0
0
30
87
165
223
241
216
152
75
24
6
2
1
1
1
1
1
1
1
3
8
32
89
166
223
236
204
135
62
18
0
0
0
0
30
87
165
223
241
216
152
75
25
6
2
2
1
1
1
1
1
2
4
12
42
103
178
227
233
193
122
53
15
0
0
0
0
30
87
165
223
241
216
152
76
25
7
3
3
2
2
2
2
3
5
10
27
68
133
198
232
222
171
98
39
11
0
0
0
0
30
87
165
223
241
217
155
82
33
16
13
12
12
11
12
12
13
19
35
66
116
174
218
227
196
134
68
24
6
0
0
0
0
30
87
165
223
242
223
171
109
68
54
52
51
51
51
51
51
54
66
93
132
175
210
221
202
152
90
38
12
3
0
0
0
0
30
87
165
224
245
235
204
165
140
131
130
130
130
130
130
130
133
144
167
197
219
222
199
155
99
48
17
5
2
0
0
0
0
30
87
166
224
247
247
235
220
211
207
207
206
206
206
206
206
208
213
224
236
236
216
172
117
63
26
8
3
1
0
0
0
0
30
88
166
224
248
251
247
240
236
235
234
234
234
234
234
234
235
236
240
244
239
216
175
123
74
36
14
4
2
0
0
0
0
30
88
166
224
247
246
233
217
207
203
203
202
202
202
202
203
203
205
212
223
232
227
207
173
128
79
38
14
4
0
0
0
0
30
87
166
224
245
234
202
163
138
129
128
127
127
127
127
128
128
132
144
167
194
215
225
218
189
139
83
36
11
0
0
0
0
30
87
165
223
242
223
171
111
71
57
55
54
54
54
54
54
55
58
69
92
126
166
205
228
225
192
135
71
27
0
0
0
0
30
87
165
223
241
217
156
83
35
19
16
15
15
15
15
15
15
16
22
35
60
102
158
209
234
224
179
111
49
0
0
0
0
30
87
165
223
241
216
152
76
26
8
5
4
4
4
4
4
4
4
5
9
21
52
110
177
225
237
208
145
73
0
0
0
0
30
87
165
223
241
216
152
75
25
6
3
2
2
1
1
1
1
2
2
3
8
27
75
147
210
238
224
171
95
0
0
0
0
30
87
165
223
241
216
152
75
24
6
2
1
1
1
1
1
1
1
1
2
4
16
56
126
197
236
232
187
111
0
0
0
0
30
87
165
223
241
216
152
75
24
6
2
1
1
0
0
0
1
1
1
2
3
13
48
116
190
234
235
194
120
0
0
0
0
30
87
165
223
241
216
152
75
24
6
2
1
1
0
0
0
1
1
1
2
3
12
47
115
189
233
236
195
121
0
0
0
0
30
87
165
223
241
216
152
75
24
6
2
1
1
1
1
1
1
1
1
2
4
16
54
123
195
235
234
191
116
0
0
0
0
30
87
165
223
241
216
152
76
25
6
2
2
1
1
1
1
1
1
2
3
8
26
72
144
208
239
230
182
106
0
0
0
0
30
87
165
223
241
216
152
76
25
7
4
3
2
2
2
2
2
3
4
9
21
51
107
174
224
241
221
164
88
0
0
0
0
30
87
165
223
241
216
153
79
30
13
10
9
9
9
9
9
9
11
16
29
55
98
154
207
237
237
203
137
66
0
0
0
0
30
87
165
223
241
220
164
99
57
42
40
39
39
39
39
39
40
43
55
80
117
160
202
232
240
222
173
103
43
0
0
0
0
30
87
165
223
243
230
192
147
118
108
107
107
106
106
106
107
107
112
126
152
185
214
233
239
227
189
129
66
24
0
0
0
0
30
87
164
222
244
241
224
203
190
185
184
184
184
184
184
184
185
188
197
213
228
237
236
221
188
137
79
34
11
0
0
0
0
30
86
162
218
240
243
239
234
230
228
228
228
228
228
228
228
228
229
232
233
230
221
202
170
126
78
37
13
4
0
0
0
0
27
78
146
195
215
219
219
219
218
218
218
218
218
218
218
218
218
218
215
205
187
164
136
100
62
31
12
4
1
0
0
0
0
20
56
105
141
155
158
158
158
158
158
158
158
158
158
158
158
158
158
152
138
114
88
64
41
21
9
3
1
1
0
0
0
0
10
28
53
71
78
79
80
80
80
80
80
80
80
80
80
80
80
79
75
64
48
31
20
11
5
2
1
1
1
0
0
0
0
0
0
0
0
0
0
0
0
0
0
0
0
0
0
0
0
0
0
0
0
0
0
0
0
0
0
0
0
0
0
0
0
0
0
0
0
0
0
0
0
0
0
0
0
0
0
0
0
0
0
0
0
0
0
0
0
0
0
0
0
0
0
0
0
