33
37
0
0
0
0
0
0
0
0
0
0
0
0
0
0
0
0
0
0
0
0
0
0
0
0
0
0
0
0
0
0
0
0
0
0
0
0
0
0
0
0
0
0
0
0
0
0
0
0
0
0
0
0
0
0
0
0
0
0
0
0
0
0
0
0
0
0
0
0
8
24
45
60
66
67
67
67
67
67
67
67
67
67
67
67
67
63
53
39
26
16
9
4
2
1
1
1
1
0
0
0
0
19
53
99
133
147
149
150
150
149
149
149
149
149
149
150
150
149
144
129
106
81
58
37
19
8
3
1
1
1
0
0
0
0
27
77
144
193
213
216
215
214
213
212
212
212
212
212
212
212
212
209
200
184
161
133
98
62
32
13
4
1
1
0
0
0
0
30
85
161
217
239
240
231
220
212
210
209
209
209
209
209
209
210
214
219
222
217
202
172
129
81
39
14
4
1
0
0
0
0
30
87
165
222
243
235
207
173
151
144
142
142
142
142
142
142
145
155
174
198
218
227
221
192
142
83
35
11
3
0
0
0
0
30
87
165
223
242
223
173
114
76
63
61
60
60
60
60
60
62
73
96
129
168
205
229
227
193
132
68
24
6
0
0
0
0
30
87
165
223
241
217
156
83
36
19
16
15
15
15
15
15
16
22
35
60
101
158
211
235
222
172
101
41
11
0
0
0
0
30
87
165
223
241
216
152
76
26
8
4
3
3
2
2
2
3
5
9
22
55
116
186
231
234
196
125
55
16
0
0
0
0
30
87
165
223
241
216
152
75
24
6
2
1
1
1
1
1
1
2
3
10
35
93
170
224
237
205
136
63
19
0
0
0
0
30
87
165
223
241
216
152
75
24
6
2
1
1
1
1
1
1
1
3
8
32
89
166
223
236
204
136
63
19
0
0
0
0
30
87
165
223
241
216
152
75
25
6
2
2
1
1
1
1
1
2
4
12
41
102
177
226
232
194
124
55
16
0
0
0
0
30
87
165
223
241
216
153
77
27
8
5
4
4
4
4
4
4
7
14
32
72
135
198
230
219
168
98
39
11
0
0
0
0
30
87
165
223
241
218
160
90
44
27
25
24
24
24
24
24
25
32
50
81
127
180
216
219
186
125
63
22
6
0
0
0
0
30
87
165
223
243
228
185
133
98
86
84
84
84
84
84
84
87
98
122
156
190
212
211
182
132
75
31
9
3
0
0
0
0
30
87
165
224
246
242
221
196
179
173
173
172
172
172
172
172
174
182
198
217
227
218
186
136
82
38
13
4
1
0
0
0
0
30
87
166
224
248
249
241
230
223
220
220
220
219
219
219
220
221
224
231
238
237
218
178
128
78
38
15
5
2
0
0
0
0
30
87
166
224
247
245
230
211
198
194
193
193
193
193
193
193
194
196
203
216
225
222
204
172
130
83
43
17
5
0
0
0
0
30
87
166
224
244
232
196
153
124
115
113
113
113
113
113
113
114
117
128
150
177
200
216
215
193
149
94
45
16
0
0
0
0
30
87
165
223
242
221
166
102
59
44
42
42
41
41
41
41
42
44
52
71
101
140
184
218
226
203
152
88
36
0
0
0
0
30
87
165
223
241
216
154
80
31
13
10
10
9
9
9
9
9
10
14
22
39
74
129
189
227
230
196
131
64
0
0
0
0
30
87
165
223
241
216
152
76
25
7
3
2
2
2
2
2
2
2
3
5
12
34
83
154
213
237
220
165
90
0
0
0
0
30
87
165
223
241
216
152
75
24
6
2
1
1
1
1
1
1
1
1
2
5
17
58
128
198
236
231
185
110
0
0
0
0
30
87
165
223
241
216
152
75
24
6
2
1
1
0
0
0
1
1
1
2
3
13
48
117
190
234
235
194
119
0
0
0
0
30
87
165
223
241
216
152
75
24
6
2
1
1
1
0
0
1
1
1
2
4
14
51
120
192
234
235
193
118
0
0
0
0
30
87
165
223
241
216
152
75
24
6
2
1
1
1
1
1
1
1
2
3
7
24
68
138
204
237
231
184
109
0
0
0
0
30
87
165
223
241
216
152
76
26
8
4
3
3
2
2
2
2
3
5
10
22
50
104
170
221
240
221
165
90
0
0
0
0
30
87
165
223
241
217
156
83
36
19
16
15
15
15
15
15
15
17
23
38
64
104
157
207
235
234
199
134
65
0
0
0
0
30
87
165
223
242
223
173
114
76
63
61
60
60
60
60
60
61
64
76
101
135
173
208
231
234
211
160
94
39
0
0
0
0
30
87
165
222
243
235
207
173
151
144
142
142
142
142
142
142
143
146
158
178
203
222
232
228
206
164
106
52
18
0
0
0
0
30
85
161
217
239
240
231
220
212
210
209
209
209
209
209
209
210
211
216
222
225
222
210
184
146
98
53
21
6
0
0
0
0
27
77
144
193
213
216
215
214
213
212
212
212
212
212
212
212
212
212
210
203
188
168
143
110
74
41
18
6
2
0
0
0
0
19
53
99
133
147
149
150
150
149
149
149
149
149
149
149
149
150
149
145
131
110
87
66
44
25
11
4
2
1
0
0
0
0
8
24
45
60
66
67
67
67
67
67
67
67
67
67
67
67
67
67
64
55
42
29
19
11
5
2
1
1
1
0
0
0
0
0
0
0
0
0
0
0
0
0
0
0
0
0
0
0
0
0
0
0
0
0
0
0
0
0
0
0
0
0
0
0
0
0
0
0
0
0
0
0
0
0
0
0
0
0
0
0
0
0
0
0
0
0
0
0
0
0
0
0
0
0
0
0
0
