33
49
0
0
0
0
0
0
0
0
0
0
0
0
0
0
0
0
0
0
0
0
0
0
0
0
0
0
0
0
0
0
0
0
0
0
0
0
0
0
0
0
0
0
0
0
0
0
0
0
0
0
0
0
0
0
0
0
0
0
0
0
0
0
0
0
0
0
0
0
5
15
28
38
42
42
42
42
42
42
42
42
42
42
42
42
42
39
31
20
11
6
3
2
1
1
1
1
0
0
0
0
0
14
38
72
96
105
107
107
107
107
107
107
107
107
107
107
107
107
101
85
62
40
24
12
5
2
1
1
1
1
0
0
0
0
23
65
121
162
178
181
181
181
181
181
181
181
181
181
181
182
181
174
156
129
98
69
41
20
8
3
1
1
1
0
0
0
0
29
82
153
205
226
230
230
230
229
229
229
229
229
229
229
229
229
226
215
196
170
136
95
55
25
9
3
1
1
0
0
0
0
30
87
163
220
242
246
243
238
235
234
234
234
234
234
234
234
235
236
237
234
222
199
160
110
61
25
8
2
1
0
0
0
0
30
87
164
222
244
243
228
210
199
195
194
194
194
194
194
194
196
204
218
232
239
233
211
169
111
55
20
5
2
0
0
0
0
30
87
165
223
243
232
198
158
132
123
122
121
121
121
122
122
125
137
163
194
220
236
236
211
160
94
39
12
3
0
0
0
0
30
87
165
223
242
221
168
106
67
53
51
50
50
50
50
50
53
65
92
131
174
213
236
232
197
133
66
22
6
0
0
0
0
30
87
165
223
241
216
154
81
34
17
14
13
13
13
13
13
15
21
38
69
116
173
220
238
220
166
93
35
9
0
0
0
0
30
87
165
223
241
216
152
76
26
8
4
4
3
3
3
3
4
6
13
30
69
133
199
235
232
189
116
49
14
0
0
0
0
30
87
165
223
241
216
152
76
25
7
3
2
2
2
2
2
2
3
5
13
43
105
180
229
237
201
131
59
17
0
0
0
0
30
87
165
223
241
216
152
75
24
6
2
1
1
1
1
1
1
2
3
9
33
90
168
224
237
206
138
64
19
0
0
0
0
30
87
165
223
241
216
152
75
24
6
2
1
1
0
0
1
1
1
3
7
29
85
163
221
237
207
139
65
19
0
0
0
0
30
87
165
223
241
216
152
75
24
6
2
1
1
1
1
1
1
1
3
8
31
87
165
222
236
204
136
62
19
0
0
0
0
30
87
165
223
241
216
152
75
24
6
2
1
1
1
1
1
1
2
3
11
39
100
176
227
234
196
125
55
16
0
0
0
0
30
87
165
223
241
216
152
75
25
6
3
2
2
2
2
2
2
3
7
20
58
124
193
232
226
178
105
43
12
0
0
0
0
30
87
165
223
241
216
152
77
27
9
6
5
5
5
5
5
5
9
21
47
96
160
214
232
208
149
78
28
7
0
0
0
0
30
87
165
223
241
218
160
90
43
27
24
24
23
23
23
24
26
36
60
99
150
199
226
219
176
110
50
15
4
0
0
0
0
30
87
165
223
243
227
183
129
93
81
79
79
79
79
79
79
83
96
126
165
201
222
218
184
129
69
26
7
2
0
0
0
0
30
87
165
224
246
240
217
189
170
163
162
162
162
162
162
162
165
175
195
218
230
222
188
137
80
35
11
3
1
0
0
0
0
30
87
166
224
248
249
243
234
227
225
225
224
224
224
224
225
226
230
237
243
238
212
164
106
55
21
7
2
1
0
0
0
0
30
88
166
224
248
252
249
245
242
241
240
240
240
240
240
240
241
242
244
246
240
216
174
123
73
35
13
4
2
0
0
0
0
30
88
166
224
247
247
236
221
212
208
208
208
208
208
208
208
208
210
217
228
235
230
209
174
128
77
36
12
4
0
0
0
0
30
87
166
224
245
236
206
170
147
139
138
137
137
137
137
138
138
142
155
178
205
224
230
219
186
133
75
31
9
0
0
0
0
30
87
165
223
242
224
175
118
80
67
65
64
64
64
64
65
65
69
82
108
145
183
217
233
223
185
124
62
22
0
0
0
0
30
87
165
223
241
217
157
86
40
23
21
20
20
20
20
20
20
22
29
47
77
123
177
220
236
218
167
98
40
0
0
0
0
30
87
165
223
241
216
153
77
27
9
6
6
5
5
5
5
5
6
8
15
32
69
129
192
231
234
199
132
62
0
0
0
0
30
87
165
223
241
216
152
76
25
7
4
3
2
2
2
2
2
2
3
5
12
36
90
162
219
238
218
158
83
0
0
0
0
30
87
165
223
241
216
152
75
25
6
3
2
1
1
1
1
1
1
2
3
6
21
65
138
205
237
228
178
101
0
0
0
0
30
87
165
223
241
216
152
75
24
6
2
1
1
1
1
1
1
1
1
2
4
15
52
122
194
235
234
190
115
0
0
0
0
30
87
165
223
241
216
152
75
24
6
2
1
1
0
0
0
0
1
1
2
3
12
46
115
189
233
236
195
121
0
0
0
0
30
87
165
223
241
216
152
75
24
6
2
1
1
0
0
0
0
1
1
2
3
12
46
114
188
233
236
196
122
0
0
0
0
30
87
165
223
241
216
152
75
24
6
2
1
1
0
0
0
1
1
1
2
4
14
51
120
193
235
235
192
118
0
0
0
0
30
87
165
223
241
216
152
75
24
6
2
1
1
1
1
1
1
1
1
3
6
21
65
137
204
238
232
185
109
0
0
0
0
30
87
165
223
241
216
152
76
25
7
3
2
2
2
2
2
2
2
3
5
13
37
91
162
219
241
226
172
96
0
0
0
0
30
87
165
223
241
216
152
76
26
8
4
4
3
3
3
3
3
4
7
14
32
70
129
192
232
240
214
152
78
0
0
0
0
30
87
165
223
241
216
154
81
34
17
14
13
13
13
13
13
13
16
24
42
75
122
176
220
241
234
193
125
57
0
0
0
0
30
87
165
223
242
221
168
106
67
53
51
50
50
50
50
50
51
55
70
98
138
181
217
238
240
216
162
92
37
0
0
0
0
30
87
165
223
243
232
198
158
132
123
122
121
121
121
121
122
122
127
142
168
199
225
239
241
224
183
121
59
20
0
0
0
0
30
87
164
222
244
243
228
210
199
195
194
194
194
194
194
194
195
198
206
221
235
242
238
222
187
133
75
30
9
0
0
0
0
30
87
163
220
242
246
243
238
235
234
234
234
234
234
234
234
234
235
237
239
236
227
208
175
129
78
36
12
4
0
0
0
0
29
82
153
205
226
230
230
230
229
229
229
229
229
229
229
229
229
229
226
218
201
178
148
109
68
34
13
4
1
0
0
0
0
23
65
121
162
178
181
181
181
181
181
181
181
181
181
181
181
181
181
175
160
134
106
78
50
26
11
4
2
1
0
0
0
0
14
38
72
96
105
107
107
107
107
107
107
107
107
107
107
107
107
107
102
88
66
44
28
16
7
3
1
1
1
0
0
0
0
5
15
28
38
42
42
42
42
42
42
42
42
42
42
42
42
42
42
40
32
22
12
7
4
2
1
1
1
1
0
0
0
0
0
0
0
0
0
0
0
0
0
0
0
0
0
0
0
0
0
0
0
0
0
0
0
0
0
0
0
0
0
0
0
0
0
0
0
0
0
0
0
0
0
0
0
0
0
0
0
0
0
0
0
0
0
0
0
0
0
0
0
0
0
0
0
0
