29
43
0
0
0
0
0
0
0
0
0
0
0
0
0
0
0
0
0
0
0
0
0
0
0
0
0
0
0
0
0
0
0
0
0
0
0
0
0
0
0
0
0
0
0
0
0
0
0
0
0
0
0
0
0
0
0
0
0
0
0
0
8
26
52
71
78
80
80
80
80
80
80
80
80
80
77
68
50
31
17
8
3
1
1
1
1
0
0
0
0
17
52
104
142
156
158
158
158
158
158
158
158
158
158
155
143
117
86
56
30
13
4
1
1
1
0
0
0
0
23
72
144
196
216
219
219
218
218
218
218
218
218
218
216
208
189
160
122
79
40
15
4
1
1
0
0
0
0
25
80
160
219
240
240
235
230
229
228
228
228
228
229
230
231
228
216
189
144
90
42
14
4
1
0
0
0
0
25
81
163
223
241
230
208
191
185
184
184
184
184
185
189
202
219
231
227
200
147
83
33
9
2
0
0
0
0
25
81
163
223
235
206
158
122
109
107
107
106
107
108
114
134
168
203
227
227
193
128
61
19
4
0
0
0
0
25
81
163
223
230
185
115
63
43
40
39
39
39
40
45
63
99
148
198
228
219
167
92
33
8
0
0
0
0
25
81
163
223
228
178
98
38
14
10
9
9
9
9
11
20
44
90
155
213
229
194
120
49
13
0
0
0
0
25
81
163
222
228
177
95
33
8
3
2
2
2
2
3
6
18
53
120
194
230
209
140
63
17
0
0
0
0
25
81
163
223
228
177
94
32
7
2
1
1
1
1
1
3
9
36
100
181
227
215
150
70
20
0
0
0
0
25
81
163
223
228
177
94
32
7
2
1
1
1
1
1
2
7
31
92
174
225
216
153
72
21
0
0
0
0
25
81
163
223
228
177
94
32
7
2
1
1
1
1
1
2
7
32
95
176
225
214
149
69
20
0
0
0
0
25
81
163
223
228
177
95
32
7
2
1
1
1
1
2
3
11
41
108
186
226
207
138
61
17
0
0
0
0
25
81
163
222
228
177
95
33
8
3
2
2
2
2
3
7
23
65
135
202
224
189
115
46
12
0
0
0
0
25
81
163
222
228
179
100
40
17
12
12
11
12
12
15
27
57
109
173
216
212
158
84
30
7
0
0
0
0
25
81
163
223
231
191
125
75
55
52
51
51
51
52
58
79
119
167
206
214
180
115
52
16
4
0
0
0
0
25
81
163
224
239
216
175
144
132
130
130
130
130
131
137
156
187
213
217
188
132
70
26
7
2
0
0
0
0
25
81
163
225
245
239
224
212
207
206
206
206
206
207
210
219
231
234
210
159
96
43
13
3
1
0
0
0
0
25
81
164
225
248
248
242
236
234
234
234
234
234
234
235
238
242
238
212
163
104
52
20
6
2
0
0
0
0
25
81
164
225
245
238
221
208
204
203
202
202
202
203
204
209
219
229
223
198
154
99
49
17
4
0
0
0
0
25
81
164
224
238
215
173
142
130
128
127
127
127
128
129
138
160
189
213
221
204
158
96
42
12
0
0
0
0
25
81
163
223
232
191
126
77
58
55
54
54
54
55
56
64
85
122
167
208
225
203
146
77
27
0
0
0
0
25
81
163
222
228
180
101
43
20
16
15
15
15
15
16
19
31
59
107
168
217
225
186
114
47
0
0
0
0
25
81
163
222
228
177
95
34
9
4
4
4
4
4
4
5
9
22
59
125
194
229
210
145
69
0
0
0
0
25
81
163
223
228
177
95
32
8
3
2
1
1
1
1
2
3
9
34
93
171
224
223
168
88
0
0
0
0
25
81
163
223
228
177
95
32
7
2
1
1
1
1
1
1
2
5
23
74
154
217
229
183
102
0
0
0
0
25
81
163
223
228
177
94
32
7
2
1
1
0
0
1
1
1
4
19
66
146
214
231
190
110
0
0
0
0
25
81
163
223
228
177
94
32
7
2
1
1
0
0
1
1
1
4
18
65
145
213
231
191
111
0
0
0
0
25
81
163
223
228
177
94
32
7
2
1
1
1
1
1
1
2
5
22
72
152
216
230
187
106
0
0
0
0
25
81
163
223
228
177
94
32
7
2
1
1
1
1
1
2
3
9
33
91
169
224
228
178
97
0
0
0
0
25
81
163
222
228
177
95
33
8
3
2
2
2
2
2
3
8
21
57
122
193
231
221
162
82
0
0
0
0
25
81
163
223
228
178
98
38
14
10
9
9
9
9
10
13
26
53
102
165
217
234
206
138
63
0
0
0
0
25
81
163
223
230
185
115
63
43
40
39
39
39
39
41
49
72
112
161
207
233
227
181
107
42
0
0
0
0
25
81
163
223
235
206
158
122
109
107
106
106
106
107
109
119
144
180
213
233
233
202
142
72
24
0
0
0
0
25
81
163
223
241
230
208
191
185
184
184
184
184
184
186
193
207
225
235
231
206
157
93
39
12
0
0
0
0
25
80
160
219
240
240
235
230
229
228
228
228
228
228
229
231
233
230
218
193
151
98
48
17
4
0
0
0
0
23
72
144
196
216
219
219
218
218
218
218
218
218
218
218
216
208
189
162
127
85
45
18
5
2
0
0
0
0
17
52
104
142
156
158
158
158
158
158
158
158
158
158
158
155
142
117
87
59
33
15
5
2
1
0
0
0
0
8
26
52
71
78
80
80
80
80
80
80
80
80
80
79
77
68
50
32
18
9
4
2
1
1
0
0
0
0
0
0
0
0
0
0
0
0
0
0
0
0
0
0
0
0
0
0
0
0
0
0
0
0
0
0
0
0
0
0
0
0
0
0
0
0
0
0
0
0
0
0
0
0
0
0
0
0
0
0
0
0
0
0
0
0
