25
37
0
0
0
0
0
0
0
0
0
0
0
0
0
0
0
0
0
0
0
0
0
0
0
0
0
0
0
0
0
0
0
0
0
0
0
0
0
0
0
0
0
0
0
0
0
0
0
0
0
0
0
0
17
39
57
64
65
65
65
65
65
65
65
64
56
41
24
11
5
2
1
1
1
0
0
0
0
39
89
131
148
151
151
151
151
151
151
151
148
136
110
77
46
21
7
2
1
1
0
0
0
0
56
130
191
215
218
217
216
216
216
216
216
215
208
189
156
113
65
27
8
2
1
0
0
0
0
62
145
213
237
232
220
214
213
213
213
213
215
219
223
214
183
129
68
24
6
1
0
0
0
0
63
147
215
231
203
167
148
143
143
143
143
148
164
193
217
220
186
121
53
15
3
0
0
0
0
62
147
214
218
165
101
67
59
58
58
58
63
82
121
172
213
216
166
89
29
6
0
0
0
0
62
147
213
212
147
68
26
15
14
13
13
16
26
56
112
181
219
196
120
46
10
0
0
0
0
62
147
213
211
143
61
16
4
3
2
2
3
6
23
71
150
212
209
141
59
14
0
0
0
0
62
147
213
211
143
60
15
3
2
1
1
1
3
13
53
132
204
212
149
65
16
0
0
0
0
62
147
213
211
143
60
15
3
1
1
1
1
2
11
50
128
202
211
149
65
16
0
0
0
0
62
147
213
211
143
60
15
3
2
1
1
2
3
15
59
139
206
206
139
58
14
0
0
0
0
62
147
213
211
143
61
16
5
3
3
3
4
10
32
86
163
211
191
117
44
10
0
0
0
0
62
147
213
214
151
74
33
23
22
21
22
25
39
76
135
193
206
159
83
27
5
0
0
0
0
63
147
215
223
178
121
90
83
82
82
82
88
108
148
190
206
176
111
48
13
3
0
0
0
0
63
147
217
237
219
193
178
175
175
175
175
179
191
212
220
194
135
68
23
5
1
0
0
0
0
63
147
218
245
241
231
226
224
224
224
224
225
230
237
229
191
128
65
23
6
2
0
0
0
0
63
147
218
240
229
210
199
197
196
196
197
198
203
215
223
210
170
112
56
19
4
0
0
0
0
63
147
215
227
191
144
119
113
113
112
113
114
123
146
180
207
209
173
108
46
13
0
0
0
0
62
147
214
216
158
88
50
40
39
39
39
40
47
68
109
163
208
210
160
84
28
0
0
0
0
62
147
213
212
145
64
21
10
9
8
8
8
11
21
49
107
178
218
194
120
47
0
0
0
0
62
147
213
211
143
60
15
4
2
2
2
2
3
6
21
67
146
210
211
148
66
0
0
0
0
62
147
213
211
143
60
15
3
2
1
1
1
1
3
11
48
124
200
218
165
80
0
0
0
0
62
147
213
211
143
60
15
3
1
1
0
1
1
2
9
42
116
196
220
172
86
0
0
0
0
62
147
213
211
143
60
14
3
1
1
0
1
1
2
10
43
118
197
220
172
86
0
0
0
0
62
147
213
211
143
60
15
3
2
1
1
1
2
4
15
55
132
205
219
164
79
0
0
0
0
62
147
213
211
143
61
16
4
3
2
2
2
4
10
31
84
161
217
214
148
66
0
0
0
0
62
147
213
212
147
68
26
15
14
13
13
14
19
36
73
133
197
226
198
123
48
0
0
0
0
62
147
214
218
165
101
67
59
58
58
58
59
69
96
141
190
224
219
167
89
30
0
0
0
0
63
147
215
231
203
167
148
143
143
143
143
145
154
176
205
226
223
186
120
53
15
0
0
0
0
62
145
213
237
232
220
214
213
213
213
213
214
217
223
225
214
182
127
67
23
5
0
0
0
0
56
130
191
215
218
217
216
216
216
216
216
216
214
206
185
153
110
63
26
7
2
0
0
0
0
39
89
131
148
151
151
151
151
151
151
151
151
147
133
106
74
44
20
7
2
1
0
0
0
0
17
39
57
64
65
65
65
65
65
65
65
65
63
54
38
22
11
4
2
1
1
0
0
0
0
0
0
0
0
0
0
0
0
0
0
0
0
0
0
0
0
0
0
0
0
0
0
0
0
0
0
0
0
0
0
0
0
0
0
0
0
0
0
0
0
0
0
0
0
0
0
0
0
